Timestamp,Name,PosX,PosY,PosZ,RotX,RotY,RotZ,RotW
59.88,Main Camera,0.87,118.21,83.42,0.00,0.01,0.01,-1.00
59.88,R_Palm,37.31,75.61,106.04,-0.02,0.02,-0.11,0.99
59.88,R_ThumbTip,30.37,76.72,110.98,-0.21,-0.21,0.43,0.85
59.88,R_IndexTip,35.52,74.83,117.51,0.06,0.04,-0.12,0.99
59.88,R_MiddleTip,37.59,74.16,118.35,0.06,0.02,-0.17,0.98
59.88,R_RingTip,39.69,74.57,117.22,0.05,0.00,-0.21,0.98
59.88,R_LittleTip,41.39,73.91,114.39,0.05,0.01,-0.28,0.96
59.88,R_ThumbDistal,31.73,76.16,109.02,-0.21,-0.21,0.43,0.85
59.88,R_IndexIntermediate,35.35,75.47,112.94,0.09,0.01,-0.11,0.99
59.88,R_MiddleIntermediate,37.52,75.03,113.23,0.12,0.01,-0.13,0.98
59.88,R_RingIntermediate,39.57,74.95,112.19,0.05,0.03,-0.20,0.98
59.88,R_LittleIntermediate,41.22,74.28,110.23,0.06,0.06,-0.28,0.96
59.88,R_IndexProximal,35.39,75.96,109.21,0.07,0.00,-0.08,0.99
59.88,R_MiddleProximal,37.61,75.92,109.07,0.11,0.00,-0.12,0.99
59.88,R_ThumbProximal,32.55,75.83,105.79,-0.09,-0.10,0.37,0.92
59.88,R_RingProximal,39.34,75.08,108.33,0.01,0.03,-0.17,0.99
59.88,L_LittleProximal,-5.67,56.81,95.44,-0.73,-0.24,-0.18,-0.61
59.88,SmallCube,0.00,77.14,145.00,0.00,0.00,0.00,1.00
59.89,Main Camera,0.85,118.20,83.43,0.00,0.01,0.01,-1.00
59.89,R_Palm,37.33,75.58,106.05,-0.02,0.02,-0.12,0.99
59.89,R_ThumbTip,30.40,76.70,111.00,-0.22,-0.21,0.43,0.85
59.89,R_IndexTip,35.54,74.80,117.53,0.06,0.04,-0.12,0.99
59.89,R_MiddleTip,37.61,74.13,118.37,0.06,0.02,-0.17,0.98
59.89,R_RingTip,39.71,74.53,117.24,0.05,0.00,-0.21,0.98
59.89,R_LittleTip,41.41,73.86,114.41,0.05,0.01,-0.29,0.96
59.89,R_ThumbDistal,31.75,76.15,109.04,-0.22,-0.21,0.43,0.85
59.89,R_IndexIntermediate,35.37,75.44,112.95,0.09,0.01,-0.11,0.99
59.89,R_MiddleIntermediate,37.54,75.00,113.25,0.12,0.01,-0.14,0.98
59.89,R_RingIntermediate,39.58,74.91,112.20,0.05,0.03,-0.20,0.98
59.89,R_LittleIntermediate,41.23,74.23,110.25,0.06,0.06,-0.28,0.96
59.89,R_IndexProximal,35.41,75.93,109.22,0.07,0.00,-0.08,0.99
59.89,R_MiddleProximal,37.63,75.89,109.09,0.11,0.00,-0.13,0.99
59.89,R_ThumbProximal,32.57,75.81,105.81,-0.09,-0.10,0.37,0.92
59.89,R_RingProximal,39.35,75.04,108.34,0.01,0.03,-0.17,0.98
59.89,L_LittleProximal,-5.66,56.81,95.44,-0.73,-0.24,-0.18,-0.61
59.89,SmallCube,0.00,77.14,145.00,0.00,0.00,0.00,1.00
59.90,Main Camera,0.84,118.21,83.43,0.00,0.01,0.01,-1.00
59.90,R_Palm,37.34,75.57,106.05,-0.02,0.02,-0.12,0.99
59.90,R_ThumbTip,30.41,76.71,110.99,-0.22,-0.21,0.43,0.85
59.90,R_IndexTip,35.55,74.81,117.53,0.06,0.04,-0.12,0.99
59.90,R_MiddleTip,37.62,74.13,118.37,0.06,0.02,-0.17,0.98
59.90,R_RingTip,39.71,74.53,117.24,0.05,0.00,-0.21,0.98
59.90,R_LittleTip,41.42,73.86,114.41,0.05,0.01,-0.29,0.96
59.90,R_ThumbDistal,31.76,76.14,109.04,-0.22,-0.21,0.43,0.85
59.90,R_IndexIntermediate,35.39,75.45,112.95,0.09,0.01,-0.11,0.99
59.90,R_MiddleIntermediate,37.55,75.00,113.25,0.12,0.01,-0.14,0.98
59.90,R_RingIntermediate,39.60,74.90,112.21,0.05,0.03,-0.20,0.98
59.90,R_LittleIntermediate,41.24,74.22,110.25,0.06,0.06,-0.28,0.96
59.90,R_IndexProximal,35.43,75.93,109.22,0.06,0.00,-0.09,0.99
59.90,R_MiddleProximal,37.64,75.88,109.09,0.11,0.00,-0.13,0.99
59.90,R_ThumbProximal,32.58,75.80,105.81,-0.09,-0.10,0.37,0.92
59.90,R_RingProximal,39.37,75.04,108.35,0.01,0.03,-0.17,0.98
59.90,L_LittleProximal,-5.66,56.82,95.44,-0.73,-0.24,-0.18,-0.61
59.90,SmallCube,0.00,77.14,145.00,0.00,0.00,0.00,1.00
59.92,Main Camera,0.83,118.21,83.43,0.00,0.01,0.01,-1.00
59.92,R_Palm,37.36,75.56,106.06,-0.02,0.02,-0.12,0.99
59.92,R_ThumbTip,30.43,76.70,111.00,-0.22,-0.21,0.43,0.85
59.92,R_IndexTip,35.56,74.81,117.54,0.06,0.04,-0.12,0.99
59.92,R_MiddleTip,37.63,74.13,118.38,0.06,0.02,-0.17,0.98
59.92,R_RingTip,39.73,74.53,117.25,0.05,0.00,-0.21,0.98
59.92,R_LittleTip,41.43,73.85,114.43,0.05,0.01,-0.29,0.96
59.92,R_ThumbDistal,31.78,76.14,109.05,-0.22,-0.21,0.43,0.85
59.92,R_IndexIntermediate,35.40,75.44,112.96,0.09,0.01,-0.11,0.99
59.92,R_MiddleIntermediate,37.57,74.99,113.26,0.12,0.01,-0.14,0.98
59.92,R_RingIntermediate,39.61,74.90,112.22,0.05,0.03,-0.20,0.98
59.92,R_LittleIntermediate,41.26,74.21,110.26,0.06,0.06,-0.28,0.96
59.92,R_IndexProximal,35.45,75.92,109.23,0.06,0.00,-0.09,0.99
59.92,R_MiddleProximal,37.66,75.88,109.10,0.11,0.00,-0.13,0.99
59.92,R_ThumbProximal,32.60,75.80,105.82,-0.09,-0.10,0.37,0.92
59.92,R_RingProximal,39.39,75.03,108.36,0.01,0.03,-0.17,0.98
59.92,L_LittleProximal,-5.66,56.83,95.43,-0.73,-0.24,-0.18,-0.61
59.92,SmallCube,0.00,77.14,145.00,0.00,0.00,0.00,1.00
59.93,Main Camera,0.82,118.20,83.42,0.00,0.01,0.01,-1.00
59.93,R_Palm,37.39,75.53,106.09,-0.02,0.02,-0.12,0.99
59.93,R_ThumbTip,30.45,76.67,111.02,-0.22,-0.21,0.43,0.85
59.93,R_IndexTip,35.59,74.78,117.56,0.06,0.04,-0.12,0.99
59.93,R_MiddleTip,37.66,74.10,118.40,0.06,0.02,-0.17,0.98
59.93,R_RingTip,39.75,74.50,117.28,0.05,0.00,-0.21,0.98
59.93,R_LittleTip,41.46,73.83,114.45,0.04,0.01,-0.29,0.96
59.93,R_ThumbDistal,31.80,76.11,109.07,-0.22,-0.21,0.43,0.85
59.93,R_IndexIntermediate,35.43,75.41,112.98,0.09,0.01,-0.11,0.99
59.93,R_MiddleIntermediate,37.59,74.96,113.28,0.12,0.01,-0.14,0.98
59.93,R_RingIntermediate,39.64,74.87,112.24,0.05,0.03,-0.20,0.98
59.93,R_LittleIntermediate,41.29,74.19,110.29,0.06,0.06,-0.28,0.96
59.93,R_IndexProximal,35.47,75.89,109.26,0.06,0.00,-0.09,0.99
59.93,R_MiddleProximal,37.68,75.85,109.12,0.11,0.00,-0.13,0.99
59.93,R_ThumbProximal,32.63,75.77,105.84,-0.09,-0.10,0.37,0.92
59.93,R_RingProximal,39.41,75.00,108.38,0.01,0.03,-0.17,0.98
59.93,L_LittleProximal,-5.65,56.84,95.44,-0.73,-0.24,-0.18,-0.61
59.93,SmallCube,0.00,77.14,145.00,0.00,0.00,0.00,1.00
59.95,Main Camera,0.81,118.20,83.42,0.00,0.01,0.01,-1.00
59.95,R_Palm,37.45,75.49,106.09,-0.02,0.02,-0.12,0.99
59.95,R_ThumbTip,30.50,76.63,111.01,-0.22,-0.21,0.43,0.85
59.95,R_IndexTip,35.64,74.73,117.56,0.06,0.04,-0.12,0.99
59.95,R_MiddleTip,37.71,74.05,118.41,0.06,0.02,-0.17,0.98
59.95,R_RingTip,39.81,74.45,117.28,0.05,0.00,-0.21,0.98
59.95,R_LittleTip,41.51,73.79,114.46,0.04,0.01,-0.29,0.96
59.95,R_ThumbDistal,31.86,76.07,109.07,-0.22,-0.21,0.43,0.85
59.95,R_IndexIntermediate,35.48,75.36,112.99,0.09,0.01,-0.11,0.99
59.95,R_MiddleIntermediate,37.64,74.91,113.29,0.12,0.01,-0.14,0.98
59.95,R_RingIntermediate,39.69,74.82,112.25,0.05,0.03,-0.20,0.98
59.95,R_LittleIntermediate,41.34,74.14,110.30,0.06,0.06,-0.28,0.96
59.95,R_IndexProximal,35.53,75.85,109.26,0.07,0.00,-0.09,0.99
59.95,R_MiddleProximal,37.74,75.81,109.13,0.11,0.00,-0.13,0.99
59.95,R_ThumbProximal,32.69,75.73,105.84,-0.09,-0.10,0.37,0.92
59.95,R_RingProximal,39.47,74.96,108.39,0.01,0.03,-0.17,0.98
59.95,L_LittleProximal,-5.64,56.84,95.44,-0.73,-0.24,-0.18,-0.61
59.95,SmallCube,0.00,77.14,145.00,0.00,0.00,0.00,1.00
59.96,Main Camera,0.80,118.20,83.43,0.00,0.01,0.01,-1.00
59.96,R_Palm,37.54,75.41,106.12,-0.02,0.02,-0.12,0.99
59.96,R_ThumbTip,30.58,76.55,111.03,-0.22,-0.21,0.43,0.85
59.96,R_IndexTip,35.72,74.65,117.58,0.06,0.04,-0.12,0.99
59.96,R_MiddleTip,37.79,73.97,118.43,0.06,0.02,-0.17,0.98
59.96,R_RingTip,39.89,74.38,117.31,0.05,0.00,-0.21,0.98
59.96,R_LittleTip,41.60,73.71,114.49,0.04,0.01,-0.29,0.96
59.96,R_ThumbDistal,31.95,75.99,109.08,-0.22,-0.21,0.43,0.85
59.96,R_IndexIntermediate,35.57,75.28,113.01,0.09,0.01,-0.11,0.99
59.96,R_MiddleIntermediate,37.73,74.83,113.31,0.12,0.01,-0.14,0.98
59.96,R_RingIntermediate,39.78,74.74,112.27,0.05,0.03,-0.20,0.98
59.96,R_LittleIntermediate,41.43,74.06,110.32,0.05,0.06,-0.28,0.96
59.96,R_IndexProximal,35.62,75.77,109.28,0.07,0.00,-0.09,0.99
59.96,R_MiddleProximal,37.83,75.73,109.15,0.11,0.00,-0.13,0.99
59.96,R_ThumbProximal,32.78,75.65,105.85,-0.09,-0.10,0.37,0.92
59.96,R_RingProximal,39.56,74.87,108.42,0.01,0.03,-0.17,0.98
59.96,L_LittleProximal,-5.63,56.86,95.45,-0.73,-0.24,-0.18,-0.61
59.96,SmallCube,0.00,77.14,145.00,0.00,0.00,0.00,1.00
59.97,Main Camera,0.79,118.20,83.43,0.00,0.01,0.01,-1.00
59.97,R_Palm,37.63,75.32,106.14,-0.02,0.02,-0.12,0.99
59.97,R_ThumbTip,30.66,76.47,111.03,-0.22,-0.21,0.43,0.85
59.97,R_IndexTip,35.79,74.58,117.60,0.06,0.04,-0.12,0.99
59.97,R_MiddleTip,37.86,73.90,118.46,0.06,0.02,-0.17,0.98
59.97,R_RingTip,39.96,74.31,117.34,0.05,0.00,-0.21,0.98
59.97,R_LittleTip,41.67,73.64,114.52,0.04,0.01,-0.29,0.96
59.97,R_ThumbDistal,32.03,75.91,109.09,-0.22,-0.21,0.43,0.85
59.97,R_IndexIntermediate,35.65,75.20,113.03,0.09,0.00,-0.11,0.99
59.97,R_MiddleIntermediate,37.81,74.76,113.34,0.12,0.00,-0.14,0.98
59.97,R_RingIntermediate,39.86,74.66,112.30,0.05,0.03,-0.20,0.98
59.97,R_LittleIntermediate,41.51,73.98,110.36,0.05,0.05,-0.28,0.96
59.97,R_IndexProximal,35.70,75.69,109.30,0.06,0.00,-0.09,0.99
59.97,R_MiddleProximal,37.91,75.65,109.17,0.11,0.00,-0.13,0.99
59.97,R_ThumbProximal,32.87,75.56,105.87,-0.10,-0.10,0.37,0.92
59.97,R_RingProximal,39.65,74.79,108.44,0.01,0.03,-0.17,0.98
59.97,L_LittleProximal,-5.63,56.88,95.45,-0.73,-0.24,-0.18,-0.61
59.97,SmallCube,0.00,77.14,145.00,0.00,0.00,0.00,1.00
59.99,Main Camera,0.77,118.19,83.42,0.00,0.01,0.01,-1.00
59.99,R_Palm,37.75,75.20,106.20,-0.02,0.02,-0.12,0.99
59.99,R_ThumbTip,30.75,76.36,111.07,-0.22,-0.21,0.43,0.85
59.99,R_IndexTip,35.87,74.49,117.66,0.06,0.03,-0.12,0.99
59.99,R_MiddleTip,37.93,73.82,118.53,0.06,0.02,-0.17,0.98
59.99,R_RingTip,40.04,74.22,117.41,0.05,-0.01,-0.21,0.98
59.99,R_LittleTip,41.77,73.55,114.60,0.04,0.00,-0.29,0.96
59.99,R_ThumbDistal,32.13,75.79,109.13,-0.22,-0.21,0.43,0.85
59.99,R_IndexIntermediate,35.74,75.10,113.08,0.09,0.00,-0.11,0.99
59.99,R_MiddleIntermediate,37.90,74.66,113.40,0.12,0.00,-0.14,0.98
59.99,R_RingIntermediate,39.95,74.56,112.37,0.05,0.02,-0.20,0.98
59.99,R_LittleIntermediate,41.62,73.88,110.44,0.05,0.05,-0.28,0.96
59.99,R_IndexProximal,35.81,75.58,109.35,0.06,0.00,-0.08,0.99
59.99,R_MiddleProximal,38.02,75.53,109.24,0.10,0.00,-0.13,0.99
59.99,R_ThumbProximal,32.98,75.44,105.91,-0.10,-0.10,0.37,0.92
59.99,R_RingProximal,39.75,74.68,108.51,0.01,0.03,-0.17,0.99
59.99,L_LittleProximal,-5.62,56.87,95.45,-0.73,-0.24,-0.18,-0.61
59.99,SmallCube,0.00,77.14,145.00,0.00,0.00,0.00,1.00
60.00,Main Camera,0.76,118.18,83.41,0.00,0.01,0.01,-1.00
60.00,R_Palm,37.76,75.17,106.23,-0.02,0.01,-0.12,0.99
60.00,R_ThumbTip,30.75,76.34,111.06,-0.22,-0.21,0.43,0.85
60.00,R_IndexTip,35.86,74.50,117.68,0.06,0.03,-0.12,0.99
60.00,R_MiddleTip,37.92,73.83,118.56,0.06,0.02,-0.17,0.98
60.00,R_RingTip,40.03,74.24,117.45,0.04,-0.01,-0.21,0.98
60.00,R_LittleTip,41.76,73.55,114.65,0.04,0.00,-0.28,0.96
60.00,R_ThumbDistal,32.14,75.77,109.14,-0.22,-0.21,0.43,0.85
60.00,R_IndexIntermediate,35.74,75.09,113.10,0.09,0.00,-0.11,0.99
60.00,R_MiddleIntermediate,37.89,74.65,113.43,0.11,0.00,-0.13,0.98
60.00,R_RingIntermediate,39.95,74.56,112.41,0.05,0.02,-0.20,0.98
60.00,R_LittleIntermediate,41.62,73.87,110.48,0.05,0.05,-0.28,0.96
60.00,R_IndexProximal,35.81,75.56,109.37,0.06,-0.01,-0.08,0.99
60.00,R_MiddleProximal,38.03,75.52,109.26,0.10,0.00,-0.12,0.99
60.00,R_ThumbProximal,33.00,75.40,105.92,-0.10,-0.10,0.37,0.92
60.00,R_RingProximal,39.76,74.67,108.55,0.01,0.03,-0.17,0.99
60.00,L_LittleProximal,-5.62,56.89,95.43,-0.73,-0.24,-0.18,-0.61
60.00,SmallCube,0.00,77.14,145.00,0.00,0.00,0.00,1.00
60.02,Main Camera,0.75,118.18,83.42,0.00,0.01,0.01,-1.00
60.02,R_Palm,37.76,75.17,106.23,-0.02,0.01,-0.11,0.99
60.02,R_ThumbTip,30.74,76.33,111.05,-0.22,-0.22,0.43,0.85
60.02,R_IndexTip,35.84,74.49,117.68,0.06,0.03,-0.12,0.99
60.02,R_MiddleTip,37.90,73.83,118.55,0.06,0.02,-0.17,0.98
60.02,R_RingTip,40.02,74.23,117.45,0.04,-0.01,-0.21,0.98
60.02,R_LittleTip,41.75,73.55,114.65,0.04,0.00,-0.28,0.96
60.02,R_ThumbDistal,32.13,75.76,109.13,-0.22,-0.22,0.43,0.85
60.02,R_IndexIntermediate,35.72,75.08,113.10,0.09,0.00,-0.11,0.99
60.02,R_MiddleIntermediate,37.88,74.65,113.43,0.11,0.00,-0.13,0.98
60.02,R_RingIntermediate,39.94,74.56,112.41,0.05,0.02,-0.20,0.98
60.02,R_LittleIntermediate,41.61,73.87,110.48,0.05,0.05,-0.28,0.96
60.02,R_IndexProximal,35.81,75.55,109.37,0.06,-0.01,-0.08,0.99
60.02,R_MiddleProximal,38.02,75.51,109.26,0.10,0.00,-0.12,0.99
60.02,R_ThumbProximal,33.00,75.39,105.91,-0.10,-0.10,0.37,0.92
60.02,R_RingProximal,39.76,74.67,108.55,0.01,0.03,-0.17,0.99
60.02,L_LittleProximal,-5.62,56.89,95.44,-0.73,-0.24,-0.18,-0.61
60.02,SmallCube,0.00,77.14,145.00,0.00,0.00,0.00,1.00
60.03,Main Camera,0.74,118.18,83.43,0.00,0.01,0.01,-1.00
60.03,R_Palm,37.75,75.17,106.22,-0.02,0.01,-0.11,0.99
60.03,R_ThumbTip,30.73,76.32,111.05,-0.22,-0.22,0.43,0.85
60.03,R_IndexTip,35.83,74.48,117.68,0.06,0.03,-0.12,0.99
60.03,R_MiddleTip,37.89,73.82,118.55,0.06,0.02,-0.17,0.98
60.03,R_RingTip,40.01,74.23,117.45,0.04,-0.01,-0.21,0.98
60.03,R_LittleTip,41.75,73.55,114.65,0.04,0.00,-0.28,0.96
60.03,R_ThumbDistal,32.12,75.75,109.12,-0.22,-0.22,0.43,0.85
60.03,R_IndexIntermediate,35.72,75.07,113.10,0.09,0.00,-0.11,0.99
60.03,R_MiddleIntermediate,37.88,74.64,113.42,0.11,0.00,-0.13,0.98
60.03,R_RingIntermediate,39.94,74.56,112.41,0.05,0.02,-0.20,0.98
60.03,R_LittleIntermediate,41.61,73.87,110.48,0.05,0.05,-0.28,0.96
60.03,R_IndexProximal,35.80,75.54,109.36,0.06,-0.01,-0.08,0.99
60.03,R_MiddleProximal,38.01,75.51,109.26,0.10,0.00,-0.12,0.99
60.03,R_ThumbProximal,32.99,75.39,105.91,-0.10,-0.10,0.37,0.92
60.03,R_RingProximal,39.75,74.66,108.55,0.01,0.03,-0.17,0.99
60.03,L_LittleProximal,-5.63,56.90,95.44,-0.73,-0.24,-0.18,-0.61
60.03,SmallCube,0.00,77.14,145.00,0.00,0.00,0.00,1.00
60.04,Main Camera,0.73,118.17,83.43,0.00,0.01,0.01,-1.00
60.04,R_Palm,37.75,75.17,106.22,-0.02,0.01,-0.11,0.99
60.04,R_ThumbTip,30.72,76.31,111.04,-0.22,-0.22,0.43,0.85
60.04,R_IndexTip,35.82,74.47,117.67,0.06,0.03,-0.12,0.99
60.04,R_MiddleTip,37.88,73.81,118.55,0.06,0.02,-0.17,0.98
60.04,R_RingTip,40.00,74.23,117.45,0.04,-0.01,-0.21,0.98
60.04,R_LittleTip,41.74,73.55,114.65,0.04,0.00,-0.28,0.96
60.04,R_ThumbDistal,32.11,75.74,109.11,-0.22,-0.22,0.43,0.85
60.04,R_IndexIntermediate,35.71,75.06,113.09,0.09,0.00,-0.11,0.99
60.04,R_MiddleIntermediate,37.87,74.63,113.42,0.11,0.00,-0.13,0.98
60.04,R_RingIntermediate,39.93,74.55,112.41,0.05,0.02,-0.20,0.98
60.04,R_LittleIntermediate,41.61,73.87,110.48,0.05,0.05,-0.28,0.96
60.04,R_IndexProximal,35.79,75.53,109.36,0.06,-0.01,-0.08,0.99
60.04,R_MiddleProximal,38.01,75.50,109.26,0.10,0.00,-0.12,0.99
60.04,R_ThumbProximal,32.99,75.38,105.90,-0.10,-0.10,0.37,0.92
60.04,R_RingProximal,39.75,74.66,108.55,0.01,0.03,-0.17,0.99
60.04,L_LittleProximal,-5.63,56.90,95.45,-0.73,-0.24,-0.18,-0.61
60.04,SmallCube,0.00,77.14,145.00,0.00,0.00,0.00,1.00
60.06,Main Camera,0.72,118.17,83.43,0.00,0.01,0.01,-1.00
60.06,R_Palm,37.76,75.17,106.21,-0.02,0.01,-0.11,0.99
60.06,R_ThumbTip,30.73,76.31,111.03,-0.22,-0.22,0.43,0.85
60.06,R_IndexTip,35.83,74.46,117.66,0.06,0.03,-0.12,0.99
60.06,R_MiddleTip,37.90,73.82,118.54,0.06,0.02,-0.17,0.98
60.06,R_RingTip,40.01,74.23,117.44,0.04,-0.01,-0.21,0.98
60.06,R_LittleTip,41.75,73.55,114.64,0.04,0.00,-0.28,0.96
60.06,R_ThumbDistal,32.12,75.74,109.11,-0.22,-0.22,0.43,0.85
60.06,R_IndexIntermediate,35.72,75.06,113.08,0.09,0.00,-0.11,0.99
60.06,R_MiddleIntermediate,37.88,74.64,113.41,0.11,0.00,-0.13,0.98
60.06,R_RingIntermediate,39.94,74.56,112.40,0.05,0.02,-0.20,0.98
60.06,R_LittleIntermediate,41.62,73.87,110.47,0.05,0.05,-0.28,0.96
60.06,R_IndexProximal,35.80,75.53,109.35,0.06,-0.01,-0.08,0.99
60.06,R_MiddleProximal,38.01,75.51,109.25,0.10,0.00,-0.12,0.99
60.06,R_ThumbProximal,33.00,75.38,105.89,-0.10,-0.10,0.37,0.92
60.06,R_RingProximal,39.76,74.66,108.54,0.01,0.03,-0.17,0.99
60.06,L_LittleProximal,-5.62,56.88,95.47,-0.73,-0.24,-0.18,-0.61
60.06,SmallCube,0.00,77.14,145.00,0.00,0.00,0.00,1.00
60.07,Main Camera,0.71,118.17,83.43,0.00,0.01,0.01,-1.00
60.07,R_Palm,37.74,75.18,106.20,-0.02,0.01,-0.11,0.99
60.07,R_ThumbTip,30.70,76.33,111.01,-0.22,-0.22,0.43,0.85
60.07,R_IndexTip,35.80,74.48,117.65,0.06,0.03,-0.12,0.99
60.07,R_MiddleTip,37.87,73.84,118.53,0.06,0.02,-0.17,0.98
60.07,R_RingTip,39.99,74.26,117.43,0.04,-0.01,-0.21,0.98
60.07,R_LittleTip,41.73,73.58,114.64,0.04,0.00,-0.28,0.96
60.07,R_ThumbDistal,32.10,75.75,109.09,-0.22,-0.22,0.43,0.85
60.07,R_IndexIntermediate,35.69,75.08,113.07,0.09,0.00,-0.11,0.99
60.07,R_MiddleIntermediate,37.85,74.65,113.41,0.11,0.00,-0.13,0.98
60.07,R_RingIntermediate,39.92,74.58,112.39,0.05,0.02,-0.20,0.98
60.07,R_LittleIntermediate,41.59,73.89,110.47,0.05,0.05,-0.28,0.96
60.07,R_IndexProximal,35.78,75.55,109.34,0.06,-0.01,-0.08,0.99
60.07,R_MiddleProximal,37.99,75.52,109.24,0.10,0.00,-0.12,0.99
60.07,R_ThumbProximal,32.98,75.39,105.88,-0.10,-0.10,0.37,0.92
60.07,R_RingProximal,39.73,74.68,108.53,0.01,0.03,-0.17,0.99
60.07,L_LittleProximal,-5.63,56.88,95.46,-0.73,-0.24,-0.18,-0.61
60.07,SmallCube,0.00,77.14,145.00,0.00,0.00,0.00,1.00
60.08,Main Camera,0.71,118.16,83.44,0.00,0.01,0.01,-1.00
60.08,R_Palm,37.71,75.20,106.20,-0.02,0.01,-0.11,0.99
60.08,R_ThumbTip,30.67,76.34,111.00,-0.22,-0.22,0.43,0.85
60.08,R_IndexTip,35.77,74.50,117.64,0.06,0.03,-0.12,0.99
60.08,R_MiddleTip,37.84,73.87,118.53,0.06,0.02,-0.17,0.98
60.08,R_RingTip,39.96,74.28,117.42,0.04,-0.01,-0.21,0.98
60.08,R_LittleTip,41.70,73.60,114.63,0.04,0.00,-0.28,0.96
60.08,R_ThumbDistal,32.07,75.77,109.08,-0.22,-0.22,0.43,0.85
60.08,R_IndexIntermediate,35.66,75.09,113.06,0.09,0.00,-0.11,0.99
60.08,R_MiddleIntermediate,37.82,74.67,113.40,0.11,0.00,-0.13,0.98
60.08,R_RingIntermediate,39.89,74.60,112.39,0.04,0.02,-0.20,0.98
60.08,R_LittleIntermediate,41.57,73.91,110.46,0.05,0.05,-0.28,0.96
60.08,R_IndexProximal,35.75,75.57,109.33,0.06,-0.01,-0.08,0.99
60.08,R_MiddleProximal,37.96,75.54,109.23,0.10,0.00,-0.12,0.99
60.08,R_ThumbProximal,32.95,75.41,105.87,-0.10,-0.10,0.37,0.92
60.08,R_RingProximal,39.71,74.70,108.52,0.01,0.03,-0.17,0.99
60.08,L_LittleProximal,-5.64,56.86,95.45,-0.73,-0.24,-0.18,-0.61
60.08,SmallCube,0.00,77.14,145.00,0.00,0.00,0.00,1.00
60.10,Main Camera,0.70,118.16,83.45,0.00,0.01,0.01,-1.00
60.10,R_Palm,37.71,75.20,106.19,-0.02,0.01,-0.11,0.99
60.10,R_ThumbTip,30.67,76.34,110.99,-0.22,-0.22,0.43,0.85
60.10,R_IndexTip,35.76,74.51,117.64,0.06,0.03,-0.12,0.99
60.10,R_MiddleTip,37.83,73.87,118.52,0.06,0.01,-0.17,0.98
60.10,R_RingTip,39.95,74.29,117.42,0.04,-0.01,-0.21,0.98
60.10,R_LittleTip,41.70,73.61,114.63,0.04,0.00,-0.28,0.96
60.10,R_ThumbDistal,32.07,75.77,109.07,-0.22,-0.22,0.43,0.85
60.10,R_IndexIntermediate,35.66,75.09,113.06,0.09,0.00,-0.11,0.99
60.10,R_MiddleIntermediate,37.82,74.68,113.39,0.11,0.00,-0.13,0.98
60.10,R_RingIntermediate,39.89,74.60,112.38,0.04,0.02,-0.20,0.98
60.10,R_LittleIntermediate,41.57,73.92,110.46,0.05,0.05,-0.28,0.96
60.10,R_IndexProximal,35.75,75.57,109.33,0.06,-0.01,-0.08,0.99
60.10,R_MiddleProximal,37.96,75.54,109.23,0.10,0.00,-0.12,0.99
60.10,R_ThumbProximal,32.95,75.40,105.86,-0.10,-0.10,0.37,0.92
60.10,R_RingProximal,39.71,74.70,108.52,0.01,0.02,-0.17,0.99
60.10,L_LittleProximal,-5.64,56.86,95.45,-0.73,-0.24,-0.18,-0.61
60.10,SmallCube,0.00,77.14,145.00,0.00,0.00,0.00,1.00
60.11,Main Camera,0.69,118.15,83.45,0.00,0.01,0.01,-1.00
60.11,R_Palm,37.72,75.20,106.19,-0.02,0.01,-0.11,0.99
60.11,R_ThumbTip,30.66,76.34,110.98,-0.22,-0.22,0.43,0.84
60.11,R_IndexTip,35.76,74.51,117.64,0.06,0.03,-0.12,0.99
60.11,R_MiddleTip,37.83,73.87,118.52,0.06,0.01,-0.17,0.98
60.11,R_RingTip,39.95,74.30,117.42,0.04,-0.01,-0.21,0.98
60.11,R_LittleTip,41.70,73.62,114.63,0.04,0.00,-0.28,0.96
60.11,R_ThumbDistal,32.07,75.77,109.07,-0.22,-0.22,0.43,0.84
60.11,R_IndexIntermediate,35.65,75.09,113.05,0.09,0.00,-0.11,0.99
60.11,R_MiddleIntermediate,37.82,74.68,113.39,0.11,0.00,-0.13,0.98
60.11,R_RingIntermediate,39.89,74.60,112.38,0.04,0.02,-0.20,0.98
60.11,R_LittleIntermediate,41.57,73.92,110.46,0.05,0.05,-0.28,0.96
60.11,R_IndexProximal,35.75,75.56,109.32,0.06,-0.01,-0.08,0.99
60.11,R_MiddleProximal,37.96,75.54,109.22,0.10,0.00,-0.12,0.99
60.11,R_ThumbProximal,32.96,75.40,105.86,-0.10,-0.10,0.37,0.92
60.11,R_RingProximal,39.71,74.70,108.52,0.01,0.02,-0.17,0.99
60.11,L_LittleProximal,-5.63,56.85,95.45,-0.73,-0.24,-0.18,-0.61
60.11,SmallCube,0.00,77.14,145.00,0.00,0.00,0.00,1.00
60.13,Main Camera,0.68,118.14,83.45,0.00,0.01,0.01,-1.00
60.13,R_Palm,37.72,75.19,106.18,-0.02,0.01,-0.11,0.99
60.13,R_ThumbTip,30.66,76.34,110.97,-0.23,-0.22,0.43,0.84
60.13,R_IndexTip,35.76,74.51,117.63,0.06,0.03,-0.12,0.99
60.13,R_MiddleTip,37.82,73.88,118.52,0.06,0.01,-0.17,0.98
60.13,R_RingTip,39.95,74.30,117.42,0.04,-0.01,-0.21,0.98
60.13,R_LittleTip,41.70,73.62,114.62,0.04,0.00,-0.28,0.96
60.13,R_ThumbDistal,32.06,75.77,109.06,-0.23,-0.22,0.43,0.84
60.13,R_IndexIntermediate,35.65,75.09,113.05,0.09,0.00,-0.11,0.99
60.13,R_MiddleIntermediate,37.82,74.68,113.39,0.11,0.00,-0.13,0.98
60.13,R_RingIntermediate,39.89,74.60,112.38,0.04,0.02,-0.20,0.98
60.13,R_LittleIntermediate,41.57,73.92,110.45,0.05,0.05,-0.28,0.96
60.13,R_IndexProximal,35.75,75.56,109.32,0.06,-0.01,-0.08,0.99
60.13,R_MiddleProximal,37.96,75.54,109.22,0.10,0.00,-0.12,0.99
60.13,R_ThumbProximal,32.96,75.40,105.85,-0.10,-0.10,0.37,0.92
60.13,R_RingProximal,39.71,74.69,108.52,0.01,0.02,-0.17,0.99
60.13,L_LittleProximal,-5.62,56.84,95.44,-0.73,-0.24,-0.18,-0.61
60.13,SmallCube,0.00,77.14,145.00,0.00,0.00,0.00,1.00
60.14,Main Camera,0.67,118.14,83.46,0.00,0.01,0.01,-1.00
60.14,R_Palm,37.73,75.18,106.18,-0.02,0.01,-0.11,0.99
60.14,R_ThumbTip,30.67,76.33,110.97,-0.23,-0.22,0.43,0.84
60.14,R_IndexTip,35.77,74.50,117.62,0.06,0.03,-0.12,0.99
60.14,R_MiddleTip,37.84,73.86,118.51,0.06,0.01,-0.17,0.98
60.14,R_RingTip,39.96,74.29,117.41,0.04,-0.01,-0.21,0.98
60.14,R_LittleTip,41.72,73.61,114.61,0.04,0.00,-0.28,0.96
60.14,R_ThumbDistal,32.07,75.76,109.05,-0.23,-0.22,0.43,0.84
60.14,R_IndexIntermediate,35.66,75.08,113.04,0.08,0.00,-0.11,0.99
60.14,R_MiddleIntermediate,37.83,74.67,113.38,0.11,0.00,-0.13,0.98
60.14,R_RingIntermediate,39.90,74.59,112.37,0.04,0.02,-0.20,0.98
60.14,R_LittleIntermediate,41.58,73.90,110.44,0.05,0.05,-0.28,0.96
60.14,R_IndexProximal,35.76,75.55,109.31,0.06,-0.01,-0.08,0.99
60.14,R_MiddleProximal,37.98,75.52,109.21,0.10,0.00,-0.12,0.99
60.14,R_ThumbProximal,32.97,75.39,105.85,-0.10,-0.10,0.37,0.92
60.14,R_RingProximal,39.72,74.68,108.51,0.01,0.02,-0.17,0.99
60.14,L_LittleProximal,-5.61,56.84,95.44,-0.73,-0.24,-0.17,-0.61
60.14,SmallCube,0.00,77.14,145.00,0.00,0.00,0.00,1.00
60.15,Main Camera,0.67,118.13,83.47,0.00,0.01,0.01,-1.00
60.15,R_Palm,37.73,75.18,106.18,-0.02,0.01,-0.11,0.99
60.15,R_ThumbTip,30.67,76.34,110.98,-0.23,-0.22,0.43,0.85
60.15,R_IndexTip,35.78,74.51,117.63,0.06,0.03,-0.12,0.99
60.15,R_MiddleTip,37.84,73.87,118.52,0.06,0.01,-0.17,0.98
60.15,R_RingTip,39.97,74.30,117.41,0.04,-0.01,-0.21,0.98
60.15,R_LittleTip,41.73,73.62,114.62,0.04,0.00,-0.28,0.96
60.15,R_ThumbDistal,32.08,75.76,109.06,-0.23,-0.22,0.43,0.85
60.15,R_IndexIntermediate,35.67,75.09,113.05,0.08,0.00,-0.11,0.99
60.15,R_MiddleIntermediate,37.84,74.67,113.39,0.11,0.00,-0.13,0.98
60.15,R_RingIntermediate,39.91,74.59,112.37,0.04,0.02,-0.20,0.98
60.15,R_LittleIntermediate,41.59,73.91,110.45,0.05,0.05,-0.28,0.96
60.15,R_IndexProximal,35.77,75.55,109.32,0.06,-0.01,-0.08,0.99
60.15,R_MiddleProximal,37.98,75.52,109.22,0.10,0.00,-0.12,0.99
60.15,R_ThumbProximal,32.97,75.39,105.85,-0.10,-0.10,0.37,0.92
60.15,R_RingProximal,39.72,74.68,108.51,0.01,0.03,-0.17,0.99
60.15,L_LittleProximal,-5.60,56.85,95.45,-0.73,-0.24,-0.17,-0.61
60.15,SmallCube,0.00,77.14,145.00,0.00,0.00,0.00,1.00
60.17,Main Camera,0.67,118.13,83.48,0.00,0.01,0.01,-1.00
60.17,R_Palm,37.71,75.21,106.18,-0.02,0.01,-0.11,0.99
60.17,R_ThumbTip,30.65,76.36,110.97,-0.23,-0.22,0.43,0.85
60.17,R_IndexTip,35.75,74.53,117.63,0.06,0.03,-0.12,0.99
60.17,R_MiddleTip,37.82,73.90,118.51,0.06,0.01,-0.17,0.98
60.17,R_RingTip,39.95,74.33,117.41,0.04,-0.01,-0.21,0.98
60.17,R_LittleTip,41.71,73.65,114.61,0.04,0.00,-0.28,0.96
60.17,R_ThumbDistal,32.05,75.79,109.06,-0.23,-0.22,0.43,0.85
60.17,R_IndexIntermediate,35.65,75.11,113.04,0.08,0.00,-0.11,0.99
60.17,R_MiddleIntermediate,37.82,74.70,113.38,0.11,0.00,-0.13,0.98
60.17,R_RingIntermediate,39.88,74.62,112.37,0.04,0.02,-0.20,0.98
60.17,R_LittleIntermediate,41.57,73.93,110.44,0.05,0.05,-0.28,0.96
60.17,R_IndexProximal,35.75,75.58,109.31,0.06,-0.01,-0.08,0.99
60.17,R_MiddleProximal,37.96,75.55,109.21,0.10,0.00,-0.12,0.99
60.17,R_ThumbProximal,32.94,75.42,105.85,-0.10,-0.10,0.37,0.92
60.17,R_RingProximal,39.70,74.71,108.50,0.01,0.03,-0.17,0.99
60.17,L_LittleProximal,-5.62,56.82,95.44,-0.74,-0.24,-0.17,-0.61
60.17,SmallCube,0.00,77.14,145.00,0.00,0.00,0.00,1.00
60.18,Main Camera,0.66,118.12,83.48,0.00,0.01,0.01,-1.00
60.18,R_Palm,37.66,75.25,106.16,-0.02,0.01,-0.11,0.99
60.18,R_ThumbTip,30.61,76.40,110.96,-0.22,-0.22,0.43,0.85
60.18,R_IndexTip,35.71,74.58,117.61,0.06,0.03,-0.12,0.99
60.18,R_MiddleTip,37.79,73.95,118.50,0.06,0.01,-0.17,0.98
60.18,R_RingTip,39.92,74.38,117.39,0.04,-0.01,-0.21,0.98
60.18,R_LittleTip,41.68,73.70,114.59,0.04,0.00,-0.28,0.96
60.18,R_ThumbDistal,32.01,75.83,109.04,-0.22,-0.22,0.43,0.85
60.18,R_IndexIntermediate,35.61,75.15,113.03,0.08,0.00,-0.11,0.99
60.18,R_MiddleIntermediate,37.78,74.74,113.37,0.11,0.00,-0.13,0.98
60.18,R_RingIntermediate,39.84,74.67,112.35,0.04,0.02,-0.20,0.98
60.18,R_LittleIntermediate,41.53,73.98,110.42,0.05,0.05,-0.28,0.96
60.18,R_IndexProximal,35.70,75.62,109.30,0.06,-0.01,-0.08,0.99
60.18,R_MiddleProximal,37.92,75.59,109.20,0.10,0.00,-0.12,0.99
60.18,R_ThumbProximal,32.90,75.46,105.84,-0.10,-0.10,0.37,0.92
60.18,R_RingProximal,39.66,74.75,108.49,0.01,0.03,-0.17,0.99
60.18,L_LittleProximal,-5.62,56.81,95.45,-0.74,-0.24,-0.18,-0.61
60.18,SmallCube,0.00,77.14,145.00,0.00,0.00,0.00,1.00
60.20,Main Camera,0.64,118.11,83.49,0.00,0.01,0.01,-1.00
60.20,R_Palm,37.60,75.36,106.11,-0.02,0.01,-0.11,0.99
60.20,R_ThumbTip,30.54,76.51,110.91,-0.22,-0.22,0.43,0.84
60.20,R_IndexTip,35.65,74.68,117.56,0.06,0.03,-0.12,0.99
60.20,R_MiddleTip,37.72,74.06,118.45,0.06,0.01,-0.17,0.98
60.20,R_RingTip,39.86,74.49,117.34,0.04,-0.01,-0.21,0.98
60.20,R_LittleTip,41.62,73.81,114.55,0.04,0.00,-0.28,0.96
60.20,R_ThumbDistal,31.95,75.93,109.00,-0.22,-0.22,0.43,0.84
60.20,R_IndexIntermediate,35.54,75.26,112.98,0.08,0.00,-0.11,0.99
60.20,R_MiddleIntermediate,37.71,74.85,113.32,0.11,0.00,-0.13,0.98
60.20,R_RingIntermediate,39.78,74.78,112.30,0.04,0.02,-0.20,0.98
60.20,R_LittleIntermediate,41.47,74.09,110.37,0.05,0.05,-0.28,0.96
60.20,R_IndexProximal,35.64,75.73,109.25,0.06,-0.01,-0.08,0.99
60.20,R_MiddleProximal,37.86,75.70,109.15,0.10,0.00,-0.12,0.99
60.20,R_ThumbProximal,32.84,75.56,105.79,-0.10,-0.10,0.37,0.92
60.20,R_RingProximal,39.60,74.86,108.44,0.01,0.03,-0.17,0.99
60.20,L_LittleProximal,-5.62,56.81,95.46,-0.74,-0.24,-0.18,-0.61
60.20,SmallCube,0.00,77.14,145.00,0.00,0.00,0.00,1.00
60.21,Main Camera,0.64,118.11,83.49,0.00,0.01,0.01,-1.00
60.21,R_Palm,37.54,75.49,106.06,-0.02,0.01,-0.11,0.99
60.21,R_ThumbTip,30.48,76.62,110.86,-0.22,-0.22,0.43,0.84
60.21,R_IndexTip,35.58,74.80,117.51,0.06,0.03,-0.12,0.99
60.21,R_MiddleTip,37.66,74.18,118.40,0.06,0.01,-0.17,0.98
60.21,R_RingTip,39.79,74.62,117.29,0.04,-0.01,-0.21,0.98
60.21,R_LittleTip,41.55,73.94,114.49,0.04,0.00,-0.28,0.96
60.21,R_ThumbDistal,31.88,76.05,108.94,-0.22,-0.22,0.43,0.84
60.21,R_IndexIntermediate,35.48,75.38,112.93,0.08,0.00,-0.11,0.99
60.21,R_MiddleIntermediate,37.65,74.97,113.26,0.11,0.00,-0.13,0.98
60.21,R_RingIntermediate,39.72,74.90,112.25,0.04,0.02,-0.20,0.98
60.21,R_LittleIntermediate,41.40,74.22,110.32,0.05,0.05,-0.28,0.96
60.21,R_IndexProximal,35.57,75.85,109.20,0.06,-0.01,-0.08,0.99
60.21,R_MiddleProximal,37.79,75.83,109.10,0.10,0.00,-0.12,0.99
60.21,R_ThumbProximal,32.77,75.68,105.73,-0.10,-0.10,0.37,0.92
60.21,R_RingProximal,39.53,74.99,108.39,0.01,0.03,-0.17,0.99
60.21,L_LittleProximal,-5.63,56.80,95.47,-0.74,-0.24,-0.18,-0.61
60.21,SmallCube,0.00,77.14,145.00,0.00,0.00,0.00,1.00
60.22,Main Camera,0.63,118.10,83.50,0.00,0.01,0.01,-1.00
60.22,R_Palm,37.48,75.52,106.04,-0.02,0.01,-0.11,0.99
60.22,R_ThumbTip,30.42,76.64,110.84,-0.22,-0.22,0.43,0.84
60.22,R_IndexTip,35.52,74.82,117.49,0.06,0.03,-0.12,0.99
60.22,R_MiddleTip,37.60,74.21,118.38,0.06,0.01,-0.17,0.98
60.22,R_RingTip,39.74,74.64,117.27,0.04,-0.01,-0.21,0.98
60.22,R_LittleTip,41.50,73.97,114.47,0.04,0.00,-0.28,0.96
60.22,R_ThumbDistal,31.82,76.08,108.92,-0.22,-0.22,0.43,0.84
60.22,R_IndexIntermediate,35.42,75.40,112.91,0.09,0.00,-0.11,0.99
60.22,R_MiddleIntermediate,37.59,75.00,113.24,0.11,0.00,-0.13,0.98
60.22,R_RingIntermediate,39.66,74.93,112.23,0.04,0.02,-0.20,0.98
60.22,R_LittleIntermediate,41.35,74.25,110.30,0.05,0.05,-0.28,0.96
60.22,R_IndexProximal,35.52,75.88,109.18,0.06,-0.01,-0.08,0.99
60.22,R_MiddleProximal,37.73,75.86,109.08,0.10,0.00,-0.12,0.99
60.22,R_ThumbProximal,32.72,75.71,105.71,-0.10,-0.10,0.37,0.92
60.22,R_RingProximal,39.48,75.02,108.37,0.01,0.03,-0.17,0.99
60.22,L_LittleProximal,-5.62,56.80,95.48,-0.74,-0.24,-0.18,-0.61
60.22,SmallCube,0.00,77.14,145.00,0.00,0.00,0.00,1.00
60.24,Main Camera,0.63,118.10,83.51,0.00,0.01,0.01,-1.00
60.24,R_Palm,37.46,75.55,106.04,-0.02,0.01,-0.11,0.99
60.24,R_ThumbTip,30.40,76.67,110.84,-0.22,-0.22,0.43,0.84
60.24,R_IndexTip,35.50,74.85,117.49,0.06,0.03,-0.12,0.99
60.24,R_MiddleTip,37.58,74.23,118.37,0.06,0.01,-0.17,0.98
60.24,R_RingTip,39.72,74.67,117.27,0.04,-0.01,-0.21,0.98
60.24,R_LittleTip,41.48,74.00,114.47,0.04,0.00,-0.28,0.96
60.24,R_ThumbDistal,31.80,76.11,108.92,-0.22,-0.22,0.43,0.84
60.24,R_IndexIntermediate,35.40,75.43,112.91,0.09,0.00,-0.11,0.99
60.24,R_MiddleIntermediate,37.57,75.03,113.24,0.11,0.00,-0.13,0.98
60.24,R_RingIntermediate,39.64,74.96,112.23,0.04,0.02,-0.20,0.98
60.24,R_LittleIntermediate,41.33,74.28,110.30,0.05,0.05,-0.28,0.96
60.24,R_IndexProximal,35.50,75.91,109.18,0.06,-0.01,-0.08,0.99
60.24,R_MiddleProximal,37.71,75.89,109.08,0.10,0.00,-0.12,0.99
60.24,R_ThumbProximal,32.69,75.74,105.72,-0.10,-0.10,0.37,0.92
60.24,R_RingProximal,39.46,75.05,108.37,0.01,0.03,-0.17,0.99
60.24,L_LittleProximal,-5.63,56.79,95.48,-0.74,-0.24,-0.18,-0.61
60.24,SmallCube,0.00,77.14,145.00,0.00,0.00,0.00,1.00
60.25,Main Camera,0.63,118.10,83.52,0.00,0.01,0.01,-1.00
60.25,R_Palm,37.46,75.54,106.05,-0.02,0.01,-0.11,0.99
60.25,R_ThumbTip,30.41,76.65,110.87,-0.22,-0.22,0.43,0.85
60.25,R_IndexTip,35.53,74.82,117.50,0.06,0.03,-0.12,0.99
60.25,R_MiddleTip,37.62,74.19,118.38,0.06,0.02,-0.17,0.98
60.25,R_RingTip,39.75,74.63,117.27,0.04,-0.01,-0.21,0.98
60.25,R_LittleTip,41.51,73.97,114.46,0.04,0.00,-0.28,0.96
60.25,R_ThumbDistal,31.81,76.09,108.95,-0.22,-0.22,0.43,0.85
60.25,R_IndexIntermediate,35.42,75.41,112.92,0.09,0.00,-0.11,0.99
60.25,R_MiddleIntermediate,37.59,75.00,113.25,0.11,0.00,-0.13,0.98
60.25,R_RingIntermediate,39.66,74.93,112.23,0.04,0.02,-0.20,0.98
60.25,R_LittleIntermediate,41.34,74.26,110.29,0.05,0.05,-0.28,0.96
60.25,R_IndexProximal,35.51,75.89,109.19,0.07,-0.01,-0.08,0.99
60.25,R_MiddleProximal,37.72,75.87,109.09,0.10,0.00,-0.12,0.99
60.25,R_ThumbProximal,32.70,75.74,105.74,-0.10,-0.10,0.37,0.92
60.25,R_RingProximal,39.47,75.03,108.37,0.01,0.03,-0.17,0.99
60.25,L_LittleProximal,-5.62,56.84,95.48,-0.74,-0.24,-0.17,-0.61
60.25,SmallCube,0.00,77.14,145.00,0.00,0.00,0.00,1.00
60.27,Main Camera,0.62,118.09,83.51,0.00,0.01,0.01,-1.00
60.27,R_Palm,37.39,75.57,106.05,-0.02,0.01,-0.11,0.99
60.27,R_ThumbTip,30.33,76.68,110.88,-0.22,-0.22,0.43,0.85
60.27,R_IndexTip,35.46,74.84,117.51,0.06,0.03,-0.12,0.99
60.27,R_MiddleTip,37.54,74.21,118.38,0.06,0.02,-0.17,0.98
60.27,R_RingTip,39.68,74.65,117.27,0.04,-0.01,-0.21,0.98
60.27,R_LittleTip,41.44,73.99,114.46,0.04,0.01,-0.28,0.96
60.27,R_ThumbDistal,31.73,76.12,108.95,-0.22,-0.22,0.43,0.85
60.27,R_IndexIntermediate,35.35,75.43,112.93,0.09,0.00,-0.11,0.99
60.27,R_MiddleIntermediate,37.52,75.02,113.25,0.11,0.00,-0.13,0.98
60.27,R_RingIntermediate,39.59,74.96,112.23,0.04,0.02,-0.20,0.98
60.27,R_LittleIntermediate,41.26,74.29,110.29,0.05,0.05,-0.28,0.96
60.27,R_IndexProximal,35.43,75.92,109.20,0.07,-0.01,-0.08,0.99
60.27,R_MiddleProximal,37.65,75.90,109.09,0.10,0.00,-0.12,0.99
60.27,R_ThumbProximal,32.62,75.77,105.74,-0.10,-0.10,0.37,0.92
60.27,R_RingProximal,39.39,75.06,108.37,0.01,0.03,-0.17,0.99
60.27,L_LittleProximal,-5.62,56.86,95.46,-0.74,-0.24,-0.17,-0.61
60.27,SmallCube,0.00,77.14,145.00,0.00,0.00,0.00,1.00
60.28,Main Camera,0.62,118.09,83.52,0.00,0.01,0.01,-1.00
60.28,R_Palm,37.29,75.62,106.05,-0.02,0.01,-0.11,0.99
60.28,R_ThumbTip,30.23,76.72,110.88,-0.22,-0.22,0.43,0.85
60.28,R_IndexTip,35.37,74.87,117.51,0.06,0.03,-0.12,0.99
60.28,R_MiddleTip,37.45,74.25,118.38,0.06,0.02,-0.17,0.98
60.28,R_RingTip,39.58,74.69,117.27,0.04,-0.01,-0.21,0.98
60.28,R_LittleTip,41.34,74.03,114.46,0.04,0.01,-0.28,0.96
60.28,R_ThumbDistal,31.63,76.17,108.96,-0.22,-0.22,0.43,0.85
60.28,R_IndexIntermediate,35.25,75.47,112.93,0.09,0.00,-0.11,0.99
60.28,R_MiddleIntermediate,37.42,75.06,113.25,0.11,0.00,-0.13,0.98
60.28,R_RingIntermediate,39.49,74.99,112.23,0.04,0.02,-0.20,0.98
60.28,R_LittleIntermediate,41.17,74.33,110.29,0.05,0.05,-0.28,0.96
60.28,R_IndexProximal,35.34,75.96,109.20,0.07,-0.01,-0.08,0.99
60.28,R_MiddleProximal,37.55,75.94,109.09,0.10,0.00,-0.12,0.99
60.28,R_ThumbProximal,32.52,75.82,105.74,-0.10,-0.10,0.37,0.92
60.28,R_RingProximal,39.29,75.10,108.37,0.01,0.03,-0.17,0.99
60.28,L_LittleProximal,-5.63,56.90,95.42,-0.74,-0.24,-0.17,-0.61
60.28,SmallCube,0.00,77.14,145.00,0.00,0.00,0.00,1.00
60.29,Main Camera,0.62,118.09,83.54,0.00,0.01,0.01,-1.00
60.29,R_Palm,37.24,75.67,106.06,-0.02,0.02,-0.11,0.99
60.29,R_ThumbTip,30.19,76.76,110.89,-0.22,-0.22,0.43,0.85
60.29,R_IndexTip,35.34,74.91,117.52,0.06,0.03,-0.12,0.99
60.29,R_MiddleTip,37.42,74.29,118.39,0.06,0.02,-0.17,0.98
60.29,R_RingTip,39.55,74.74,117.28,0.04,-0.01,-0.21,0.98
60.29,R_LittleTip,41.31,74.09,114.46,0.04,0.01,-0.28,0.96
60.29,R_ThumbDistal,31.58,76.21,108.97,-0.22,-0.22,0.43,0.85
60.29,R_IndexIntermediate,35.21,75.51,112.94,0.09,0.00,-0.11,0.99
60.29,R_MiddleIntermediate,37.38,75.10,113.26,0.11,0.00,-0.13,0.98
60.29,R_RingIntermediate,39.45,75.04,112.24,0.04,0.02,-0.20,0.98
60.29,R_LittleIntermediate,41.13,74.38,110.29,0.05,0.05,-0.28,0.96
60.29,R_IndexProximal,35.30,76.01,109.21,0.07,-0.01,-0.08,0.99
60.29,R_MiddleProximal,37.51,75.99,109.10,0.11,0.00,-0.12,0.99
60.29,R_ThumbProximal,32.47,75.86,105.75,-0.10,-0.10,0.37,0.92
60.29,R_RingProximal,39.25,75.15,108.38,0.01,0.03,-0.17,0.99
60.29,L_LittleProximal,-5.62,56.89,95.42,-0.74,-0.24,-0.17,-0.61
60.29,SmallCube,0.00,77.14,145.00,0.00,0.00,0.00,1.00
60.31,Main Camera,0.61,118.08,83.55,0.00,0.01,0.01,-1.00
60.31,R_Palm,37.21,75.68,106.00,-0.02,0.02,-0.11,0.99
60.31,R_ThumbTip,30.16,76.76,110.84,-0.22,-0.22,0.44,0.85
60.31,R_IndexTip,35.31,74.91,117.46,0.06,0.03,-0.12,0.99
60.31,R_MiddleTip,37.39,74.30,118.33,0.06,0.02,-0.17,0.98
60.31,R_RingTip,39.52,74.75,117.22,0.04,0.00,-0.21,0.98
60.31,R_LittleTip,41.28,74.11,114.40,0.04,0.01,-0.28,0.96
60.31,R_ThumbDistal,31.55,76.21,108.91,-0.22,-0.22,0.44,0.85
60.31,R_IndexIntermediate,35.18,75.51,112.88,0.09,0.00,-0.10,0.99
60.31,R_MiddleIntermediate,37.35,75.11,113.20,0.11,0.00,-0.13,0.98
60.31,R_RingIntermediate,39.42,75.06,112.18,0.04,0.02,-0.20,0.98
60.31,R_LittleIntermediate,41.10,74.40,110.24,0.05,0.05,-0.28,0.96
60.31,R_IndexProximal,35.26,76.02,109.15,0.07,-0.01,-0.08,0.99
60.31,R_MiddleProximal,37.48,76.00,109.04,0.11,0.00,-0.12,0.99
60.31,R_ThumbProximal,32.44,75.86,105.70,-0.10,-0.10,0.37,0.92
60.31,R_RingProximal,39.22,75.17,108.32,0.01,0.03,-0.16,0.99
60.31,L_LittleProximal,-5.62,56.87,95.41,-0.74,-0.24,-0.17,-0.61
60.31,SmallCube,0.00,77.14,145.00,0.00,0.00,0.00,1.00
60.32,Main Camera,0.61,118.08,83.55,0.00,0.01,0.01,-1.00
60.32,R_Palm,37.23,75.66,106.00,-0.02,0.02,-0.11,0.99
60.32,R_ThumbTip,30.17,76.71,110.84,-0.22,-0.22,0.44,0.85
60.32,R_IndexTip,35.34,74.87,117.46,0.06,0.03,-0.12,0.99
60.32,R_MiddleTip,37.42,74.28,118.33,0.06,0.02,-0.17,0.98
60.32,R_RingTip,39.54,74.74,117.22,0.04,0.00,-0.20,0.98
60.32,R_LittleTip,41.31,74.10,114.40,0.04,0.01,-0.28,0.96
60.32,R_ThumbDistal,31.57,76.17,108.92,-0.22,-0.22,0.44,0.85
60.32,R_IndexIntermediate,35.20,75.48,112.88,0.09,0.00,-0.10,0.99
60.32,R_MiddleIntermediate,37.37,75.09,113.20,0.11,0.00,-0.13,0.98
60.32,R_RingIntermediate,39.44,75.04,112.18,0.04,0.02,-0.20,0.98
60.32,R_LittleIntermediate,41.12,74.38,110.23,0.05,0.05,-0.28,0.96
60.32,R_IndexProximal,35.28,75.99,109.15,0.07,0.00,-0.08,0.99
60.32,R_MiddleProximal,37.49,75.97,109.04,0.11,0.00,-0.12,0.99
60.32,R_ThumbProximal,32.46,75.83,105.70,-0.10,-0.10,0.37,0.92
60.32,R_RingProximal,39.24,75.15,108.32,0.01,0.03,-0.16,0.99
60.32,L_LittleProximal,-5.64,56.86,95.42,-0.74,-0.24,-0.17,-0.61
60.32,SmallCube,0.00,77.14,145.00,0.00,0.00,0.00,1.00
60.33,Main Camera,0.60,118.07,83.55,0.00,0.01,0.01,-1.00
60.33,R_Palm,37.27,75.61,106.01,-0.02,0.02,-0.11,0.99
60.33,R_ThumbTip,30.21,76.67,110.85,-0.22,-0.22,0.44,0.84
60.33,R_IndexTip,35.37,74.84,117.46,0.06,0.03,-0.12,0.99
60.33,R_MiddleTip,37.45,74.24,118.34,0.06,0.02,-0.17,0.98
60.33,R_RingTip,39.58,74.70,117.22,0.04,-0.01,-0.20,0.98
60.33,R_LittleTip,41.34,74.06,114.41,0.03,0.01,-0.28,0.96
60.33,R_ThumbDistal,31.61,76.12,108.92,-0.22,-0.22,0.44,0.84
60.33,R_IndexIntermediate,35.24,75.44,112.89,0.09,0.00,-0.10,0.99
60.33,R_MiddleIntermediate,37.41,75.05,113.21,0.11,0.00,-0.13,0.99
60.33,R_RingIntermediate,39.48,75.00,112.18,0.04,0.02,-0.20,0.98
60.33,R_LittleIntermediate,41.16,74.34,110.24,0.05,0.05,-0.28,0.96
60.33,R_IndexProximal,35.32,75.95,109.16,0.07,-0.01,-0.08,0.99
60.33,R_MiddleProximal,37.53,75.93,109.05,0.11,0.00,-0.12,0.99
60.33,R_ThumbProximal,32.50,75.78,105.71,-0.10,-0.10,0.37,0.92
60.33,R_RingProximal,39.28,75.11,108.32,0.01,0.03,-0.16,0.99
60.33,L_LittleProximal,-5.62,56.84,95.43,-0.74,-0.24,-0.17,-0.61
60.33,SmallCube,0.00,77.14,145.00,0.00,0.00,0.00,1.00
60.35,Main Camera,0.60,118.07,83.56,0.00,0.01,0.01,-1.00
60.35,R_Palm,37.31,75.54,106.05,-0.02,0.02,-0.11,0.99
60.35,R_ThumbTip,30.25,76.61,110.89,-0.22,-0.22,0.44,0.84
60.35,R_IndexTip,35.41,74.77,117.51,0.06,0.03,-0.12,0.99
60.35,R_MiddleTip,37.49,74.18,118.39,0.06,0.02,-0.17,0.98
60.35,R_RingTip,39.62,74.64,117.27,0.04,-0.01,-0.20,0.98
60.35,R_LittleTip,41.38,74.00,114.46,0.03,0.01,-0.28,0.96
60.35,R_ThumbDistal,31.65,76.06,108.97,-0.22,-0.22,0.44,0.84
60.35,R_IndexIntermediate,35.28,75.38,112.93,0.09,0.00,-0.10,0.99
60.35,R_MiddleIntermediate,37.45,74.99,113.26,0.11,0.00,-0.13,0.99
60.35,R_RingIntermediate,39.52,74.93,112.23,0.04,0.02,-0.20,0.98
60.35,R_LittleIntermediate,41.20,74.27,110.29,0.05,0.05,-0.28,0.96
60.35,R_IndexProximal,35.36,75.88,109.20,0.07,-0.01,-0.08,0.99
60.35,R_MiddleProximal,37.58,75.87,109.09,0.10,0.00,-0.12,0.99
60.35,R_ThumbProximal,32.54,75.72,105.75,-0.10,-0.10,0.37,0.92
60.35,R_RingProximal,39.32,75.04,108.37,0.01,0.03,-0.16,0.99
60.35,L_LittleProximal,-5.63,56.83,95.43,-0.74,-0.24,-0.17,-0.61
60.35,SmallCube,0.00,77.14,145.00,0.00,0.00,0.00,1.00
60.36,Main Camera,0.60,118.07,83.57,0.00,0.01,0.01,-1.00
60.36,R_Palm,37.36,75.46,106.11,-0.02,0.02,-0.11,0.99
60.36,R_ThumbTip,30.30,76.53,110.94,-0.22,-0.22,0.44,0.84
60.36,R_IndexTip,35.46,74.70,117.57,0.06,0.03,-0.12,0.99
60.36,R_MiddleTip,37.53,74.11,118.44,0.06,0.02,-0.17,0.98
60.36,R_RingTip,39.66,74.56,117.33,0.04,-0.01,-0.20,0.98
60.36,R_LittleTip,41.43,73.92,114.52,0.03,0.01,-0.28,0.96
60.36,R_ThumbDistal,31.70,75.98,109.02,-0.22,-0.22,0.44,0.84
60.36,R_IndexIntermediate,35.33,75.30,112.99,0.09,0.00,-0.10,0.99
60.36,R_MiddleIntermediate,37.50,74.91,113.31,0.11,0.00,-0.13,0.99
60.36,R_RingIntermediate,39.57,74.85,112.29,0.04,0.02,-0.20,0.98
60.36,R_LittleIntermediate,41.25,74.19,110.34,0.05,0.05,-0.28,0.96
60.36,R_IndexProximal,35.42,75.80,109.26,0.07,-0.01,-0.08,0.99
60.36,R_MiddleProximal,37.63,75.78,109.15,0.10,0.00,-0.12,0.99
60.36,R_ThumbProximal,32.59,75.63,105.81,-0.10,-0.10,0.37,0.92
60.36,R_RingProximal,39.37,74.96,108.43,0.01,0.03,-0.16,0.99
60.36,L_LittleProximal,-5.63,56.81,95.43,-0.74,-0.24,-0.17,-0.61
60.36,SmallCube,0.00,77.14,145.00,0.00,0.00,0.00,1.00
60.38,Main Camera,0.60,118.06,83.58,0.00,0.01,0.01,-1.00
60.38,R_Palm,37.41,75.38,106.17,-0.02,0.02,-0.11,0.99
60.38,R_ThumbTip,30.35,76.47,111.00,-0.22,-0.22,0.44,0.84
60.38,R_IndexTip,35.50,74.63,117.62,0.06,0.03,-0.12,0.99
60.38,R_MiddleTip,37.57,74.04,118.50,0.06,0.02,-0.17,0.98
60.38,R_RingTip,39.71,74.49,117.39,0.04,-0.01,-0.21,0.98
60.38,R_LittleTip,41.47,73.84,114.58,0.03,0.01,-0.28,0.96
60.38,R_ThumbDistal,31.75,75.91,109.08,-0.22,-0.22,0.44,0.84
60.38,R_IndexIntermediate,35.38,75.23,113.04,0.09,0.00,-0.11,0.99
60.38,R_MiddleIntermediate,37.55,74.84,113.37,0.11,0.00,-0.13,0.98
60.38,R_RingIntermediate,39.61,74.78,112.35,0.04,0.02,-0.20,0.98
60.38,R_LittleIntermediate,41.29,74.11,110.41,0.05,0.05,-0.28,0.96
60.38,R_IndexProximal,35.47,75.73,109.32,0.07,-0.01,-0.08,0.99
60.38,R_MiddleProximal,37.68,75.71,109.21,0.10,0.00,-0.12,0.99
60.38,R_ThumbProximal,32.65,75.56,105.87,-0.10,-0.10,0.37,0.92
60.38,R_RingProximal,39.42,74.88,108.49,0.01,0.03,-0.16,0.99
60.38,L_LittleProximal,-5.64,56.80,95.43,-0.74,-0.24,-0.17,-0.61
60.38,SmallCube,0.00,77.14,145.00,0.00,0.00,0.00,1.00
60.39,Main Camera,0.59,118.06,83.58,0.00,0.01,0.01,-1.00
60.39,R_Palm,37.50,75.30,106.21,-0.02,0.02,-0.11,0.99
60.39,R_ThumbTip,30.43,76.39,111.04,-0.22,-0.22,0.44,0.84
60.39,R_IndexTip,35.58,74.55,117.66,0.06,0.03,-0.12,0.99
60.39,R_MiddleTip,37.66,73.96,118.54,0.06,0.02,-0.17,0.98
60.39,R_RingTip,39.79,74.41,117.42,0.04,-0.01,-0.21,0.98
60.39,R_LittleTip,41.56,73.76,114.61,0.03,0.01,-0.28,0.96
60.39,R_ThumbDistal,31.83,75.84,109.12,-0.22,-0.22,0.44,0.84
60.39,R_IndexIntermediate,35.46,75.15,113.08,0.09,0.00,-0.11,0.99
60.39,R_MiddleIntermediate,37.63,74.76,113.41,0.11,0.00,-0.13,0.98
60.39,R_RingIntermediate,39.70,74.70,112.39,0.04,0.02,-0.20,0.98
60.39,R_LittleIntermediate,41.38,74.03,110.44,0.05,0.05,-0.28,0.96
60.39,R_IndexProximal,35.55,75.65,109.36,0.07,-0.01,-0.08,0.99
60.39,R_MiddleProximal,37.77,75.63,109.25,0.10,0.00,-0.12,0.99
60.39,R_ThumbProximal,32.73,75.48,105.91,-0.10,-0.11,0.37,0.92
60.39,R_RingProximal,39.51,74.79,108.52,0.01,0.03,-0.17,0.99
60.39,L_LittleProximal,-5.63,56.81,95.45,-0.74,-0.24,-0.17,-0.61
60.39,SmallCube,0.00,77.14,145.00,0.00,0.00,0.00,1.00
60.40,Main Camera,0.58,118.06,83.57,0.00,0.01,0.01,-1.00
60.40,R_Palm,37.51,75.30,106.19,-0.02,0.02,-0.11,0.99
60.40,R_ThumbTip,30.44,76.39,111.02,-0.22,-0.22,0.44,0.84
60.40,R_IndexTip,35.60,74.54,117.65,0.06,0.03,-0.12,0.99
60.40,R_MiddleTip,37.67,73.95,118.52,0.06,0.02,-0.17,0.98
60.40,R_RingTip,39.81,74.39,117.41,0.04,-0.01,-0.21,0.98
60.40,R_LittleTip,41.58,73.75,114.59,0.03,0.01,-0.28,0.96
60.40,R_ThumbDistal,31.85,75.83,109.10,-0.22,-0.22,0.44,0.84
60.40,R_IndexIntermediate,35.48,75.14,113.07,0.09,0.00,-0.11,0.99
60.40,R_MiddleIntermediate,37.65,74.75,113.39,0.11,0.00,-0.13,0.98
60.40,R_RingIntermediate,39.72,74.69,112.37,0.04,0.02,-0.20,0.98
60.40,R_LittleIntermediate,41.40,74.02,110.42,0.05,0.05,-0.28,0.96
60.40,R_IndexProximal,35.57,75.64,109.34,0.07,-0.01,-0.08,0.99
60.40,R_MiddleProximal,37.78,75.62,109.23,0.10,0.00,-0.12,0.99
60.40,R_ThumbProximal,32.74,75.48,105.89,-0.10,-0.11,0.37,0.92
60.40,R_RingProximal,39.52,74.78,108.51,0.01,0.03,-0.17,0.99
60.40,L_LittleProximal,-5.64,56.81,95.46,-0.74,-0.24,-0.17,-0.61
60.40,SmallCube,0.00,77.14,145.00,0.00,0.00,0.00,1.00
60.42,Main Camera,0.59,118.06,83.58,0.00,0.01,0.01,-1.00
60.42,R_Palm,37.53,75.30,106.18,-0.02,0.02,-0.11,0.99
60.42,R_ThumbTip,30.45,76.39,111.01,-0.22,-0.22,0.44,0.84
60.42,R_IndexTip,35.60,74.54,117.63,0.06,0.03,-0.12,0.99
60.42,R_MiddleTip,37.69,73.94,118.51,0.06,0.02,-0.17,0.98
60.42,R_RingTip,39.83,74.39,117.39,0.04,-0.01,-0.21,0.98
60.42,R_LittleTip,41.60,73.75,114.58,0.03,0.01,-0.28,0.96
60.42,R_ThumbDistal,31.85,75.83,109.09,-0.22,-0.22,0.44,0.84
60.42,R_IndexIntermediate,35.49,75.14,113.05,0.09,0.00,-0.11,0.99
60.42,R_MiddleIntermediate,37.66,74.75,113.38,0.11,0.00,-0.13,0.98
60.42,R_RingIntermediate,39.73,74.69,112.35,0.04,0.02,-0.20,0.98
60.42,R_LittleIntermediate,41.41,74.02,110.41,0.05,0.05,-0.28,0.96
60.42,R_IndexProximal,35.58,75.64,109.33,0.07,-0.01,-0.08,0.99
60.42,R_MiddleProximal,37.79,75.62,109.21,0.10,0.00,-0.12,0.99
60.42,R_ThumbProximal,32.76,75.48,105.88,-0.10,-0.11,0.37,0.92
60.42,R_RingProximal,39.53,74.79,108.49,0.01,0.03,-0.17,0.99
60.42,L_LittleProximal,-5.65,56.83,95.44,-0.74,-0.24,-0.17,-0.61
60.42,SmallCube,0.00,77.14,145.00,0.00,0.00,0.00,1.00
60.43,Main Camera,0.59,118.06,83.59,0.00,0.01,0.01,-1.00
60.43,R_Palm,37.55,75.30,106.18,-0.02,0.02,-0.11,0.99
60.43,R_ThumbTip,30.47,76.39,111.01,-0.22,-0.22,0.44,0.84
60.43,R_IndexTip,35.63,74.53,117.63,0.06,0.03,-0.12,0.99
60.43,R_MiddleTip,37.72,73.94,118.51,0.06,0.02,-0.17,0.98
60.43,R_RingTip,39.86,74.39,117.39,0.04,-0.01,-0.21,0.98
60.43,R_LittleTip,41.63,73.75,114.58,0.03,0.01,-0.28,0.96
60.43,R_ThumbDistal,31.88,75.83,109.09,-0.22,-0.22,0.44,0.84
60.43,R_IndexIntermediate,35.52,75.13,113.05,0.09,0.00,-0.11,0.99
60.43,R_MiddleIntermediate,37.69,74.75,113.38,0.11,0.00,-0.13,0.98
60.43,R_RingIntermediate,39.76,74.69,112.35,0.04,0.02,-0.20,0.98
60.43,R_LittleIntermediate,41.44,74.02,110.40,0.05,0.05,-0.28,0.96
60.43,R_IndexProximal,35.61,75.64,109.33,0.07,-0.01,-0.08,0.99
60.43,R_MiddleProximal,37.82,75.62,109.21,0.10,0.00,-0.12,0.99
60.43,R_ThumbProximal,32.78,75.48,105.88,-0.10,-0.11,0.37,0.92
60.43,R_RingProximal,39.56,74.79,108.49,0.01,0.03,-0.17,0.99
60.43,L_LittleProximal,-5.63,56.84,95.46,-0.74,-0.24,-0.17,-0.61
60.43,SmallCube,0.00,77.14,145.00,0.00,0.00,0.00,1.00
60.45,Main Camera,0.58,118.05,83.60,0.00,0.01,0.01,-1.00
60.45,R_Palm,37.59,75.30,106.18,-0.02,0.02,-0.11,0.99
60.45,R_ThumbTip,30.51,76.39,111.01,-0.22,-0.22,0.44,0.84
60.45,R_IndexTip,35.67,74.53,117.64,0.06,0.03,-0.12,0.99
60.45,R_MiddleTip,37.77,73.93,118.51,0.06,0.02,-0.17,0.98
60.45,R_RingTip,39.91,74.39,117.39,0.04,-0.01,-0.21,0.98
60.45,R_LittleTip,41.68,73.75,114.57,0.03,0.01,-0.28,0.96
60.45,R_ThumbDistal,31.92,75.83,109.09,-0.22,-0.22,0.44,0.84
60.45,R_IndexIntermediate,35.56,75.13,113.06,0.09,0.00,-0.11,0.99
60.45,R_MiddleIntermediate,37.74,74.74,113.38,0.11,0.00,-0.13,0.98
60.45,R_RingIntermediate,39.81,74.69,112.35,0.04,0.02,-0.20,0.98
60.45,R_LittleIntermediate,41.49,74.03,110.40,0.05,0.05,-0.28,0.96
60.45,R_IndexProximal,35.65,75.64,109.33,0.07,-0.01,-0.08,0.99
60.45,R_MiddleProximal,37.86,75.62,109.21,0.10,0.00,-0.12,0.99
60.45,R_ThumbProximal,32.82,75.48,105.89,-0.10,-0.11,0.37,0.92
60.45,R_RingProximal,39.60,74.79,108.49,0.01,0.03,-0.16,0.99
60.45,L_LittleProximal,-5.60,56.85,95.49,-0.74,-0.24,-0.17,-0.61
60.45,SmallCube,0.00,77.14,145.00,0.00,0.00,0.00,1.00
60.46,Main Camera,0.57,118.06,83.60,0.00,0.01,0.01,-1.00
60.46,R_Palm,37.64,75.30,106.18,-0.02,0.02,-0.11,0.99
60.46,R_ThumbTip,30.56,76.38,111.02,-0.22,-0.22,0.44,0.84
60.46,R_IndexTip,35.73,74.51,117.64,0.06,0.03,-0.12,0.99
60.46,R_MiddleTip,37.83,73.92,118.51,0.06,0.02,-0.17,0.98
60.46,R_RingTip,39.97,74.37,117.39,0.04,0.00,-0.20,0.98
60.46,R_LittleTip,41.75,73.75,114.57,0.03,0.01,-0.28,0.96
60.46,R_ThumbDistal,31.97,75.82,109.10,-0.22,-0.22,0.44,0.84
60.46,R_IndexIntermediate,35.61,75.12,113.06,0.09,0.00,-0.10,0.99
60.46,R_MiddleIntermediate,37.80,74.73,113.38,0.11,0.00,-0.13,0.98
60.46,R_RingIntermediate,39.87,74.68,112.35,0.04,0.02,-0.20,0.98
60.46,R_LittleIntermediate,41.55,74.03,110.40,0.05,0.06,-0.28,0.96
60.46,R_IndexProximal,35.70,75.63,109.34,0.07,-0.01,-0.08,0.99
60.46,R_MiddleProximal,37.92,75.62,109.22,0.11,0.00,-0.12,0.99
60.46,R_ThumbProximal,32.87,75.47,105.89,-0.10,-0.11,0.37,0.92
60.46,R_RingProximal,39.66,74.79,108.49,0.01,0.03,-0.16,0.99
60.46,L_LittleProximal,-5.56,56.87,95.54,-0.74,-0.24,-0.17,-0.61
60.46,SmallCube,0.00,77.14,145.00,0.00,0.00,0.00,1.00
60.47,Main Camera,0.57,118.06,83.61,0.00,0.01,0.01,-1.00
60.47,R_Palm,37.63,75.31,106.19,-0.02,0.02,-0.11,0.99
60.47,R_ThumbTip,30.54,76.37,111.02,-0.22,-0.22,0.44,0.84
60.47,R_IndexTip,35.71,74.50,117.65,0.06,0.03,-0.12,0.99
60.47,R_MiddleTip,37.81,73.91,118.51,0.06,0.02,-0.17,0.98
60.47,R_RingTip,39.95,74.37,117.39,0.04,0.00,-0.20,0.98
60.47,R_LittleTip,41.74,73.75,114.57,0.03,0.01,-0.28,0.96
60.47,R_ThumbDistal,31.95,75.82,109.11,-0.22,-0.22,0.44,0.84
60.47,R_IndexIntermediate,35.59,75.11,113.07,0.09,0.00,-0.10,0.99
60.47,R_MiddleIntermediate,37.78,74.73,113.39,0.12,0.00,-0.13,0.98
60.47,R_RingIntermediate,39.85,74.69,112.36,0.04,0.02,-0.20,0.98
60.47,R_LittleIntermediate,41.53,74.04,110.40,0.05,0.06,-0.28,0.96
60.47,R_IndexProximal,35.69,75.63,109.34,0.07,-0.01,-0.08,0.99
60.47,R_MiddleProximal,37.90,75.62,109.23,0.11,0.00,-0.12,0.99
60.47,R_ThumbProximal,32.86,75.47,105.90,-0.10,-0.11,0.37,0.92
60.47,R_RingProximal,39.64,74.80,108.50,0.01,0.03,-0.16,0.99
60.47,L_LittleProximal,-5.56,56.88,95.53,-0.74,-0.24,-0.17,-0.61
60.47,SmallCube,0.00,77.14,145.00,0.00,0.00,0.00,1.00
60.49,Main Camera,0.57,118.06,83.62,0.00,0.01,0.01,-1.00
60.49,R_Palm,37.61,75.33,106.19,-0.02,0.02,-0.11,0.99
60.49,R_ThumbTip,30.53,76.39,111.02,-0.22,-0.22,0.44,0.84
60.49,R_IndexTip,35.70,74.53,117.64,0.06,0.03,-0.12,0.99
60.49,R_MiddleTip,37.80,73.93,118.51,0.06,0.02,-0.17,0.98
60.49,R_RingTip,39.94,74.40,117.39,0.04,0.00,-0.20,0.98
60.49,R_LittleTip,41.73,73.78,114.57,0.03,0.01,-0.28,0.96
60.49,R_ThumbDistal,31.94,75.84,109.10,-0.22,-0.22,0.44,0.84
60.49,R_IndexIntermediate,35.58,75.13,113.06,0.09,0.00,-0.10,0.99
60.49,R_MiddleIntermediate,37.76,74.76,113.38,0.11,0.00,-0.13,0.98
60.49,R_RingIntermediate,39.84,74.71,112.35,0.04,0.02,-0.20,0.98
60.49,R_LittleIntermediate,41.52,74.06,110.40,0.05,0.06,-0.28,0.96
60.49,R_IndexProximal,35.67,75.65,109.34,0.07,-0.01,-0.08,0.99
60.49,R_MiddleProximal,37.89,75.64,109.22,0.11,0.00,-0.12,0.99
60.49,R_ThumbProximal,32.84,75.49,105.90,-0.10,-0.11,0.38,0.92
60.49,R_RingProximal,39.63,74.82,108.49,0.01,0.03,-0.16,0.99
60.49,L_LittleProximal,-5.58,56.88,95.52,-0.74,-0.24,-0.17,-0.61
60.49,SmallCube,0.00,77.14,145.00,0.00,0.00,0.00,1.00
60.50,Main Camera,0.57,118.06,83.63,0.00,0.01,0.01,-1.00
60.50,R_Palm,37.58,75.35,106.17,-0.02,0.02,-0.11,0.99
60.50,R_ThumbTip,30.49,76.40,111.00,-0.22,-0.22,0.44,0.84
60.50,R_IndexTip,35.66,74.54,117.62,0.06,0.03,-0.12,0.99
60.50,R_MiddleTip,37.76,73.95,118.49,0.06,0.02,-0.17,0.98
60.50,R_RingTip,39.90,74.41,117.38,0.04,0.00,-0.20,0.98
60.50,R_LittleTip,41.69,73.80,114.55,0.03,0.01,-0.28,0.96
60.50,R_ThumbDistal,31.90,75.85,109.08,-0.22,-0.22,0.44,0.84
60.50,R_IndexIntermediate,35.54,75.15,113.05,0.09,0.00,-0.10,0.99
60.50,R_MiddleIntermediate,37.73,74.77,113.37,0.12,0.00,-0.13,0.98
60.50,R_RingIntermediate,39.80,74.73,112.34,0.04,0.02,-0.20,0.98
60.50,R_LittleIntermediate,41.49,74.08,110.39,0.05,0.06,-0.28,0.96
60.50,R_IndexProximal,35.64,75.67,109.32,0.07,-0.01,-0.08,0.99
60.50,R_MiddleProximal,37.85,75.66,109.21,0.11,0.00,-0.12,0.99
60.50,R_ThumbProximal,32.81,75.51,105.88,-0.10,-0.11,0.38,0.92
60.50,R_RingProximal,39.60,74.84,108.48,0.01,0.03,-0.16,0.99
60.50,L_LittleProximal,-5.58,56.87,95.51,-0.74,-0.24,-0.17,-0.61
60.50,SmallCube,0.00,77.14,145.00,0.00,0.00,0.00,1.00
60.52,Main Camera,0.57,118.06,83.64,0.00,0.01,0.01,-1.00
60.52,R_Palm,37.57,75.37,106.14,-0.02,0.02,-0.11,0.99
60.52,R_ThumbTip,30.47,76.42,110.96,-0.22,-0.22,0.44,0.84
60.52,R_IndexTip,35.64,74.56,117.59,0.06,0.03,-0.12,0.99
60.52,R_MiddleTip,37.75,73.97,118.46,0.06,0.02,-0.17,0.98
60.52,R_RingTip,39.89,74.44,117.35,0.04,0.00,-0.20,0.98
60.52,R_LittleTip,41.68,73.82,114.52,0.03,0.01,-0.28,0.96
60.52,R_ThumbDistal,31.89,75.87,109.05,-0.22,-0.22,0.44,0.84
60.52,R_IndexIntermediate,35.53,75.17,113.02,0.09,0.00,-0.10,0.99
60.52,R_MiddleIntermediate,37.71,74.79,113.34,0.12,0.00,-0.13,0.98
60.52,R_RingIntermediate,39.79,74.75,112.31,0.04,0.02,-0.20,0.98
60.52,R_LittleIntermediate,41.48,74.11,110.36,0.05,0.06,-0.28,0.96
60.52,R_IndexProximal,35.63,75.69,109.29,0.07,-0.01,-0.08,0.99
60.52,R_MiddleProximal,37.84,75.68,109.18,0.11,0.00,-0.12,0.99
60.52,R_ThumbProximal,32.80,75.53,105.84,-0.10,-0.11,0.38,0.92
60.52,R_RingProximal,39.59,74.86,108.45,0.01,0.03,-0.16,0.99
60.52,L_LittleProximal,-5.58,56.88,95.50,-0.74,-0.24,-0.17,-0.61
60.52,SmallCube,0.00,77.14,145.00,0.00,0.00,0.00,1.00
60.53,Main Camera,0.56,118.06,83.64,0.00,0.01,0.01,-1.00
60.53,R_Palm,37.56,75.40,106.10,-0.02,0.02,-0.11,0.99
60.53,R_ThumbTip,30.46,76.45,110.93,-0.22,-0.22,0.44,0.84
60.53,R_IndexTip,35.62,74.60,117.56,0.06,0.03,-0.12,0.99
60.53,R_MiddleTip,37.73,74.00,118.43,0.06,0.02,-0.16,0.98
60.53,R_RingTip,39.87,74.47,117.31,0.04,-0.01,-0.20,0.98
60.53,R_LittleTip,41.67,73.85,114.49,0.03,0.01,-0.28,0.96
60.53,R_ThumbDistal,31.87,75.90,109.01,-0.22,-0.22,0.44,0.84
60.53,R_IndexIntermediate,35.51,75.20,112.98,0.09,0.00,-0.10,0.99
60.53,R_MiddleIntermediate,37.70,74.83,113.30,0.12,0.00,-0.13,0.99
60.53,R_RingIntermediate,39.77,74.78,112.27,0.04,0.02,-0.20,0.98
60.53,R_LittleIntermediate,41.47,74.14,110.32,0.05,0.06,-0.28,0.96
60.53,R_IndexProximal,35.61,75.72,109.25,0.07,-0.01,-0.08,0.99
60.53,R_MiddleProximal,37.82,75.71,109.14,0.11,0.00,-0.12,0.99
60.53,R_ThumbProximal,32.78,75.55,105.81,-0.10,-0.11,0.38,0.92
60.53,R_RingProximal,39.57,74.89,108.41,0.01,0.03,-0.16,0.99
60.53,L_LittleProximal,-5.57,56.89,95.49,-0.74,-0.24,-0.17,-0.61
60.53,SmallCube,0.00,77.14,145.00,0.00,0.00,0.00,1.00
60.55,Main Camera,0.56,118.05,83.64,0.00,0.01,0.01,-1.00
60.55,R_Palm,37.57,75.38,106.11,-0.02,0.02,-0.11,0.99
60.55,R_ThumbTip,30.47,76.43,110.94,-0.22,-0.22,0.44,0.84
60.55,R_IndexTip,35.64,74.58,117.57,0.06,0.03,-0.12,0.99
60.55,R_MiddleTip,37.74,73.98,118.44,0.06,0.02,-0.16,0.98
60.55,R_RingTip,39.89,74.45,117.32,0.04,-0.01,-0.20,0.98
60.55,R_LittleTip,41.68,73.84,114.50,0.03,0.01,-0.28,0.96
60.55,R_ThumbDistal,31.88,75.88,109.02,-0.22,-0.22,0.44,0.84
60.55,R_IndexIntermediate,35.53,75.19,112.99,0.09,0.00,-0.10,0.99
60.55,R_MiddleIntermediate,37.71,74.81,113.31,0.12,0.00,-0.13,0.99
60.55,R_RingIntermediate,39.79,74.77,112.28,0.04,0.02,-0.20,0.98
60.55,R_LittleIntermediate,41.48,74.12,110.33,0.05,0.06,-0.28,0.96
60.55,R_IndexProximal,35.63,75.70,109.27,0.07,-0.01,-0.08,0.99
60.55,R_MiddleProximal,37.84,75.69,109.15,0.11,0.00,-0.12,0.99
60.55,R_ThumbProximal,32.79,75.54,105.82,-0.10,-0.11,0.38,0.92
60.55,R_RingProximal,39.58,74.87,108.42,0.01,0.03,-0.16,0.99
60.55,L_LittleProximal,-5.56,56.88,95.49,-0.74,-0.24,-0.17,-0.61
60.55,SmallCube,0.00,77.14,145.00,0.00,0.00,0.00,1.00
60.56,Main Camera,0.56,118.05,83.65,0.00,0.01,0.01,-1.00
60.56,R_Palm,37.58,75.36,106.12,-0.02,0.02,-0.11,0.99
60.56,R_ThumbTip,30.48,76.41,110.95,-0.22,-0.22,0.44,0.84
60.56,R_IndexTip,35.66,74.56,117.58,0.06,0.03,-0.12,0.99
60.56,R_MiddleTip,37.76,73.97,118.45,0.06,0.02,-0.16,0.98
60.56,R_RingTip,39.90,74.43,117.33,0.04,-0.01,-0.20,0.98
60.56,R_LittleTip,41.70,73.82,114.51,0.03,0.01,-0.28,0.96
60.56,R_ThumbDistal,31.90,75.86,109.04,-0.22,-0.22,0.44,0.84
60.56,R_IndexIntermediate,35.55,75.17,113.00,0.09,0.00,-0.10,0.99
60.56,R_MiddleIntermediate,37.73,74.79,113.32,0.12,0.00,-0.13,0.99
60.56,R_RingIntermediate,39.80,74.75,112.29,0.04,0.02,-0.20,0.98
60.56,R_LittleIntermediate,41.49,74.10,110.34,0.05,0.06,-0.28,0.96
60.56,R_IndexProximal,35.64,75.68,109.28,0.07,-0.01,-0.08,0.99
60.56,R_MiddleProximal,37.85,75.68,109.16,0.11,0.00,-0.12,0.99
60.56,R_ThumbProximal,32.81,75.52,105.83,-0.10,-0.11,0.38,0.91
60.56,R_RingProximal,39.60,74.86,108.43,0.01,0.03,-0.16,0.99
60.56,L_LittleProximal,-5.55,56.88,95.49,-0.74,-0.24,-0.17,-0.61
60.56,SmallCube,0.00,77.14,145.00,0.00,0.00,0.00,1.00
60.58,Main Camera,0.55,118.04,83.66,0.00,0.01,0.01,-1.00
60.58,R_Palm,37.60,75.33,106.13,-0.02,0.02,-0.11,0.99
60.58,R_ThumbTip,30.50,76.38,110.96,-0.22,-0.22,0.44,0.84
60.58,R_IndexTip,35.67,74.53,117.59,0.06,0.03,-0.12,0.99
60.58,R_MiddleTip,37.77,73.94,118.46,0.06,0.02,-0.16,0.98
60.58,R_RingTip,39.91,74.40,117.34,0.04,-0.01,-0.20,0.98
60.58,R_LittleTip,41.71,73.79,114.52,0.03,0.01,-0.28,0.96
60.58,R_ThumbDistal,31.91,75.83,109.04,-0.22,-0.22,0.44,0.84
60.58,R_IndexIntermediate,35.56,75.14,113.01,0.09,0.00,-0.10,0.99
60.58,R_MiddleIntermediate,37.74,74.76,113.33,0.11,0.00,-0.13,0.99
60.58,R_RingIntermediate,39.82,74.72,112.30,0.04,0.02,-0.20,0.98
60.58,R_LittleIntermediate,41.51,74.07,110.35,0.05,0.06,-0.28,0.96
60.58,R_IndexProximal,35.66,75.65,109.29,0.07,-0.01,-0.08,0.99
60.58,R_MiddleProximal,37.87,75.64,109.17,0.11,0.00,-0.12,0.99
60.58,R_ThumbProximal,32.82,75.48,105.84,-0.10,-0.11,0.38,0.91
60.58,R_RingProximal,39.61,74.82,108.44,0.01,0.03,-0.16,0.99
60.58,L_LittleProximal,-5.56,56.88,95.50,-0.74,-0.24,-0.17,-0.61
60.58,SmallCube,0.00,77.14,145.00,0.00,0.00,0.00,1.00
60.60,Main Camera,0.55,118.04,83.66,0.00,0.01,0.01,-1.00
60.60,R_Palm,37.59,75.32,106.13,-0.02,0.02,-0.11,0.99
60.60,R_ThumbTip,30.49,76.37,110.95,-0.22,-0.22,0.44,0.84
60.60,R_IndexTip,35.66,74.53,117.58,0.06,0.03,-0.12,0.99
60.60,R_MiddleTip,37.76,73.94,118.45,0.06,0.02,-0.16,0.98
60.60,R_RingTip,39.90,74.40,117.33,0.04,-0.01,-0.20,0.98
60.60,R_LittleTip,41.70,73.78,114.51,0.03,0.01,-0.28,0.96
60.60,R_ThumbDistal,31.90,75.82,109.04,-0.22,-0.22,0.44,0.84
60.60,R_IndexIntermediate,35.55,75.13,113.00,0.09,0.00,-0.10,0.99
60.60,R_MiddleIntermediate,37.74,74.76,113.33,0.11,0.00,-0.13,0.99
60.60,R_RingIntermediate,39.81,74.71,112.30,0.04,0.02,-0.20,0.98
60.60,R_LittleIntermediate,41.50,74.06,110.34,0.05,0.06,-0.28,0.96
60.60,R_IndexProximal,35.65,75.64,109.28,0.07,-0.01,-0.08,0.99
60.60,R_MiddleProximal,37.86,75.63,109.16,0.10,0.00,-0.12,0.99
60.60,R_ThumbProximal,32.82,75.47,105.84,-0.10,-0.11,0.38,0.91
60.60,R_RingProximal,39.61,74.81,108.43,0.01,0.03,-0.16,0.99
60.60,L_LittleProximal,-5.56,56.89,95.50,-0.74,-0.24,-0.17,-0.61
60.60,SmallCube,0.00,77.14,145.00,0.00,0.00,0.00,1.00
60.61,Main Camera,0.54,118.04,83.67,0.00,0.01,0.01,-1.00
60.61,R_Palm,37.58,75.31,106.12,-0.02,0.02,-0.11,0.99
60.61,R_ThumbTip,30.48,76.36,110.95,-0.22,-0.22,0.44,0.84
60.61,R_IndexTip,35.66,74.52,117.58,0.06,0.03,-0.12,0.99
60.61,R_MiddleTip,37.76,73.94,118.45,0.06,0.02,-0.16,0.98
60.61,R_RingTip,39.90,74.39,117.33,0.04,-0.01,-0.20,0.98
60.61,R_LittleTip,41.70,73.78,114.51,0.03,0.01,-0.28,0.96
60.61,R_ThumbDistal,31.89,75.81,109.04,-0.22,-0.22,0.44,0.84
60.61,R_IndexIntermediate,35.54,75.12,113.00,0.09,0.00,-0.10,0.99
60.61,R_MiddleIntermediate,37.73,74.75,113.32,0.11,0.00,-0.13,0.99
60.61,R_RingIntermediate,39.80,74.71,112.29,0.04,0.02,-0.20,0.98
60.61,R_LittleIntermediate,41.49,74.06,110.34,0.05,0.06,-0.28,0.96
60.61,R_IndexProximal,35.64,75.63,109.27,0.07,-0.01,-0.08,0.99
60.61,R_MiddleProximal,37.85,75.63,109.16,0.10,0.00,-0.12,0.99
60.61,R_ThumbProximal,32.81,75.46,105.83,-0.10,-0.11,0.38,0.91
60.61,R_RingProximal,39.60,74.81,108.43,0.01,0.03,-0.16,0.99
60.61,L_LittleProximal,-5.56,56.90,95.49,-0.74,-0.24,-0.17,-0.61
60.61,SmallCube,0.00,77.14,145.00,0.00,0.00,0.00,1.00
60.63,Main Camera,0.53,118.04,83.68,0.00,0.01,0.01,-1.00
60.63,R_Palm,37.57,75.30,106.11,-0.02,0.02,-0.11,0.99
60.63,R_ThumbTip,30.47,76.35,110.94,-0.22,-0.22,0.44,0.84
60.63,R_IndexTip,35.65,74.51,117.57,0.06,0.03,-0.12,0.99
60.63,R_MiddleTip,37.75,73.94,118.45,0.06,0.02,-0.16,0.98
60.63,R_RingTip,39.89,74.39,117.32,0.04,-0.01,-0.20,0.98
60.63,R_LittleTip,41.69,73.77,114.50,0.03,0.01,-0.28,0.96
60.63,R_ThumbDistal,31.88,75.80,109.03,-0.22,-0.22,0.44,0.84
60.63,R_IndexIntermediate,35.54,75.12,112.99,0.09,0.00,-0.10,0.99
60.63,R_MiddleIntermediate,37.72,74.75,113.32,0.11,0.00,-0.13,0.99
60.63,R_RingIntermediate,39.79,74.70,112.28,0.04,0.02,-0.20,0.98
60.63,R_LittleIntermediate,41.49,74.05,110.33,0.05,0.06,-0.28,0.96
60.63,R_IndexProximal,35.63,75.62,109.27,0.07,-0.01,-0.08,0.99
60.63,R_MiddleProximal,37.84,75.62,109.15,0.10,0.00,-0.12,0.99
60.63,R_ThumbProximal,32.80,75.45,105.83,-0.10,-0.11,0.38,0.91
60.63,R_RingProximal,39.59,74.80,108.42,0.01,0.03,-0.16,0.99
60.63,L_LittleProximal,-5.56,56.91,95.49,-0.74,-0.24,-0.17,-0.61
60.63,SmallCube,0.00,77.14,145.00,0.00,0.00,0.00,1.00
60.64,Main Camera,0.52,118.04,83.68,0.00,0.01,0.01,-1.00
60.64,R_Palm,37.58,75.31,106.11,-0.02,0.02,-0.11,0.99
60.64,R_ThumbTip,30.47,76.36,110.94,-0.22,-0.22,0.44,0.84
60.64,R_IndexTip,35.65,74.52,117.57,0.06,0.03,-0.12,0.99
60.64,R_MiddleTip,37.76,73.95,118.44,0.06,0.02,-0.16,0.98
60.64,R_RingTip,39.90,74.40,117.32,0.04,-0.01,-0.20,0.98
60.64,R_LittleTip,41.70,73.78,114.50,0.03,0.01,-0.28,0.96
60.64,R_ThumbDistal,31.89,75.81,109.03,-0.22,-0.22,0.44,0.84
60.64,R_IndexIntermediate,35.54,75.12,112.99,0.09,0.00,-0.10,0.99
60.64,R_MiddleIntermediate,37.73,74.76,113.31,0.11,0.00,-0.13,0.99
60.64,R_RingIntermediate,39.80,74.71,112.28,0.04,0.02,-0.20,0.98
60.64,R_LittleIntermediate,41.49,74.05,110.33,0.05,0.06,-0.28,0.96
60.64,R_IndexProximal,35.63,75.63,109.27,0.07,-0.01,-0.08,0.99
60.64,R_MiddleProximal,37.85,75.62,109.15,0.10,0.00,-0.12,0.99
60.64,R_ThumbProximal,32.80,75.45,105.82,-0.10,-0.11,0.38,0.91
60.64,R_RingProximal,39.59,74.80,108.42,0.01,0.03,-0.16,0.99
60.64,L_LittleProximal,-5.55,56.91,95.49,-0.74,-0.24,-0.17,-0.61
60.64,SmallCube,0.00,77.14,145.00,0.00,0.00,0.00,1.00
60.65,Main Camera,0.51,118.04,83.68,0.00,0.01,0.01,-1.00
60.65,R_Palm,37.58,75.31,106.11,-0.02,0.02,-0.11,0.99
60.65,R_ThumbTip,30.48,76.36,110.94,-0.22,-0.22,0.44,0.84
60.65,R_IndexTip,35.66,74.52,117.57,0.06,0.03,-0.12,0.99
60.65,R_MiddleTip,37.76,73.96,118.44,0.06,0.02,-0.16,0.98
60.65,R_RingTip,39.90,74.41,117.32,0.04,-0.01,-0.20,0.98
60.65,R_LittleTip,41.71,73.78,114.49,0.03,0.01,-0.28,0.96
60.65,R_ThumbDistal,31.89,75.81,109.03,-0.22,-0.22,0.44,0.84
60.65,R_IndexIntermediate,35.54,75.13,112.99,0.09,0.00,-0.10,0.99
60.65,R_MiddleIntermediate,37.73,74.77,113.31,0.11,0.00,-0.13,0.99
60.65,R_RingIntermediate,39.80,74.71,112.28,0.04,0.02,-0.20,0.98
60.65,R_LittleIntermediate,41.50,74.06,110.32,0.05,0.06,-0.28,0.96
60.65,R_IndexProximal,35.64,75.64,109.26,0.07,-0.01,-0.08,0.99
60.65,R_MiddleProximal,37.85,75.63,109.14,0.10,0.00,-0.12,0.99
60.65,R_ThumbProximal,32.81,75.45,105.82,-0.10,-0.11,0.38,0.91
60.65,R_RingProximal,39.60,74.81,108.42,0.01,0.03,-0.16,0.99
60.65,L_LittleProximal,-5.55,56.92,95.49,-0.74,-0.24,-0.17,-0.61
60.65,SmallCube,0.00,77.14,145.00,0.00,0.00,0.00,1.00
60.67,Main Camera,0.49,118.03,83.68,0.00,0.01,0.01,-1.00
60.67,R_Palm,37.58,75.32,106.10,-0.02,0.02,-0.11,0.99
60.67,R_ThumbTip,30.47,76.37,110.93,-0.22,-0.22,0.44,0.84
60.67,R_IndexTip,35.65,74.53,117.56,0.06,0.03,-0.12,0.99
60.67,R_MiddleTip,37.76,73.96,118.43,0.06,0.02,-0.16,0.98
60.67,R_RingTip,39.90,74.42,117.31,0.04,-0.01,-0.20,0.98
60.67,R_LittleTip,41.71,73.79,114.48,0.03,0.01,-0.28,0.96
60.67,R_ThumbDistal,31.88,75.82,109.02,-0.22,-0.22,0.44,0.84
60.67,R_IndexIntermediate,35.54,75.13,112.98,0.09,0.00,-0.10,0.99
60.67,R_MiddleIntermediate,37.73,74.77,113.30,0.11,0.00,-0.13,0.99
60.67,R_RingIntermediate,39.80,74.72,112.27,0.04,0.02,-0.20,0.98
60.67,R_LittleIntermediate,41.50,74.07,110.31,0.05,0.06,-0.28,0.96
60.67,R_IndexProximal,35.64,75.64,109.25,0.07,-0.01,-0.08,0.99
60.67,R_MiddleProximal,37.85,75.64,109.14,0.10,0.00,-0.12,0.99
60.67,R_ThumbProximal,32.80,75.46,105.81,-0.10,-0.11,0.38,0.91
60.67,R_RingProximal,39.59,74.82,108.41,0.01,0.03,-0.16,0.99
60.67,L_LittleProximal,-5.57,56.94,95.47,-0.74,-0.24,-0.17,-0.61
60.67,SmallCube,0.00,77.14,145.00,0.00,0.00,0.00,1.00
60.68,Main Camera,0.47,118.02,83.68,-0.01,0.01,0.01,-1.00
60.68,R_Palm,37.58,75.33,106.10,-0.02,0.02,-0.11,0.99
60.68,R_ThumbTip,30.47,76.38,110.93,-0.22,-0.22,0.44,0.84
60.68,R_IndexTip,35.65,74.53,117.56,0.06,0.03,-0.12,0.99
60.68,R_MiddleTip,37.76,73.97,118.43,0.06,0.02,-0.16,0.98
60.68,R_RingTip,39.90,74.42,117.31,0.04,-0.01,-0.20,0.98
60.68,R_LittleTip,41.71,73.80,114.49,0.03,0.01,-0.28,0.96
60.68,R_ThumbDistal,31.88,75.83,109.01,-0.22,-0.22,0.44,0.84
60.68,R_IndexIntermediate,35.54,75.14,112.98,0.09,0.00,-0.10,0.99
60.68,R_MiddleIntermediate,37.73,74.78,113.30,0.11,0.00,-0.13,0.99
60.68,R_RingIntermediate,39.80,74.74,112.27,0.04,0.02,-0.20,0.98
60.68,R_LittleIntermediate,41.50,74.08,110.32,0.05,0.06,-0.28,0.96
60.68,R_IndexProximal,35.64,75.65,109.26,0.07,-0.01,-0.08,0.99
60.68,R_MiddleProximal,37.85,75.65,109.14,0.10,0.00,-0.12,0.99
60.68,R_ThumbProximal,32.81,75.47,105.81,-0.10,-0.11,0.38,0.91
60.68,R_RingProximal,39.60,74.83,108.41,0.01,0.03,-0.16,0.99
60.68,L_LittleProximal,-5.58,56.95,95.46,-0.74,-0.24,-0.17,-0.61
60.68,SmallCube,0.00,77.14,145.00,0.00,0.00,0.00,1.00
60.70,Main Camera,0.46,118.02,83.67,-0.01,0.01,0.01,-1.00
60.70,R_Palm,37.58,75.34,106.10,-0.02,0.02,-0.11,0.99
60.70,R_ThumbTip,30.47,76.38,110.92,-0.22,-0.22,0.44,0.84
60.70,R_IndexTip,35.64,74.53,117.56,0.06,0.03,-0.11,0.99
60.70,R_MiddleTip,37.76,73.97,118.44,0.06,0.02,-0.16,0.98
60.70,R_RingTip,39.90,74.43,117.31,0.04,-0.01,-0.20,0.98
60.70,R_LittleTip,41.71,73.81,114.49,0.04,0.01,-0.28,0.96
60.70,R_ThumbDistal,31.88,75.84,109.01,-0.22,-0.22,0.44,0.84
60.70,R_IndexIntermediate,35.54,75.15,112.98,0.09,0.00,-0.10,0.99
60.70,R_MiddleIntermediate,37.73,74.79,113.31,0.11,0.00,-0.13,0.99
60.70,R_RingIntermediate,39.80,74.75,112.28,0.04,0.02,-0.20,0.98
60.70,R_LittleIntermediate,41.50,74.10,110.32,0.05,0.06,-0.28,0.96
60.70,R_IndexProximal,35.64,75.66,109.26,0.07,-0.01,-0.08,0.99
60.70,R_MiddleProximal,37.85,75.66,109.14,0.10,0.00,-0.12,0.99
60.70,R_ThumbProximal,32.81,75.48,105.81,-0.10,-0.11,0.38,0.91
60.70,R_RingProximal,39.60,74.84,108.41,0.01,0.03,-0.16,0.99
60.70,L_LittleProximal,-5.60,56.97,95.43,-0.74,-0.24,-0.17,-0.61
60.70,SmallCube,0.00,77.14,145.00,0.00,0.00,0.00,1.00
60.71,Main Camera,0.43,118.03,83.67,-0.01,0.01,0.01,-1.00
60.71,R_Palm,37.57,75.36,106.11,-0.02,0.02,-0.11,0.99
60.71,R_ThumbTip,30.46,76.40,110.92,-0.22,-0.22,0.44,0.84
60.71,R_IndexTip,35.63,74.54,117.56,0.06,0.03,-0.11,0.99
60.71,R_MiddleTip,37.74,73.99,118.44,0.06,0.02,-0.16,0.98
60.71,R_RingTip,39.88,74.45,117.32,0.04,-0.01,-0.20,0.98
60.71,R_LittleTip,41.70,73.82,114.50,0.04,0.01,-0.28,0.96
60.71,R_ThumbDistal,31.87,75.85,109.01,-0.22,-0.22,0.44,0.84
60.71,R_IndexIntermediate,35.53,75.16,112.98,0.09,0.00,-0.10,0.99
60.71,R_MiddleIntermediate,37.72,74.81,113.31,0.11,0.00,-0.13,0.99
60.71,R_RingIntermediate,39.79,74.76,112.28,0.04,0.02,-0.20,0.98
60.71,R_LittleIntermediate,41.49,74.11,110.33,0.05,0.06,-0.28,0.96
60.71,R_IndexProximal,35.62,75.68,109.26,0.07,-0.01,-0.08,0.99
60.71,R_MiddleProximal,37.84,75.68,109.15,0.10,0.00,-0.12,0.99
60.71,R_ThumbProximal,32.80,75.50,105.81,-0.10,-0.11,0.38,0.91
60.71,R_RingProximal,39.59,74.86,108.42,0.01,0.03,-0.16,0.99
60.71,L_LittleProximal,-5.60,56.99,95.42,-0.74,-0.24,-0.17,-0.61
60.71,SmallCube,0.00,77.14,145.00,0.00,0.00,0.00,1.00
60.72,Main Camera,0.41,118.03,83.68,-0.01,0.01,0.01,-1.00
60.72,R_Palm,37.56,75.38,106.11,-0.02,0.02,-0.11,0.99
60.72,R_ThumbTip,30.44,76.41,110.92,-0.22,-0.22,0.44,0.84
60.72,R_IndexTip,35.62,74.55,117.56,0.06,0.03,-0.11,0.99
60.72,R_MiddleTip,37.73,74.00,118.44,0.06,0.02,-0.16,0.98
60.72,R_RingTip,39.87,74.46,117.32,0.04,-0.01,-0.20,0.98
60.72,R_LittleTip,41.68,73.83,114.50,0.04,0.01,-0.28,0.96
60.72,R_ThumbDistal,31.86,75.86,109.01,-0.22,-0.22,0.44,0.84
60.72,R_IndexIntermediate,35.51,75.18,112.99,0.09,0.00,-0.10,0.99
60.72,R_MiddleIntermediate,37.70,74.82,113.31,0.11,0.00,-0.13,0.99
60.72,R_RingIntermediate,39.78,74.78,112.28,0.04,0.02,-0.20,0.98
60.72,R_LittleIntermediate,41.48,74.13,110.34,0.05,0.06,-0.27,0.96
60.72,R_IndexProximal,35.61,75.69,109.26,0.07,-0.01,-0.08,0.99
60.72,R_MiddleProximal,37.82,75.69,109.15,0.10,0.00,-0.12,0.99
60.72,R_ThumbProximal,32.79,75.51,105.81,-0.10,-0.11,0.38,0.91
60.72,R_RingProximal,39.57,74.88,108.42,0.01,0.03,-0.16,0.99
60.72,L_LittleProximal,-5.60,57.01,95.40,-0.74,-0.24,-0.17,-0.61
60.72,SmallCube,0.00,77.14,145.00,0.00,0.00,0.00,1.00
60.74,Main Camera,0.38,118.04,83.68,-0.01,0.01,0.01,-1.00
60.74,R_Palm,37.57,75.37,106.12,-0.02,0.02,-0.11,0.99
60.74,R_ThumbTip,30.46,76.40,110.94,-0.22,-0.22,0.44,0.84
60.74,R_IndexTip,35.63,74.54,117.58,0.06,0.03,-0.11,0.99
60.74,R_MiddleTip,37.75,73.99,118.45,0.06,0.02,-0.16,0.98
60.74,R_RingTip,39.88,74.45,117.33,0.04,-0.01,-0.20,0.98
60.74,R_LittleTip,41.70,73.82,114.51,0.04,0.01,-0.28,0.96
60.74,R_ThumbDistal,31.87,75.86,109.02,-0.22,-0.22,0.44,0.84
60.74,R_IndexIntermediate,35.53,75.17,113.00,0.09,0.00,-0.10,0.99
60.74,R_MiddleIntermediate,37.72,74.82,113.33,0.11,0.00,-0.13,0.99
60.74,R_RingIntermediate,39.79,74.77,112.29,0.04,0.02,-0.20,0.98
60.74,R_LittleIntermediate,41.49,74.12,110.34,0.05,0.06,-0.28,0.96
60.74,R_IndexProximal,35.62,75.69,109.27,0.07,-0.01,-0.08,0.99
60.74,R_MiddleProximal,37.84,75.69,109.16,0.10,0.00,-0.12,0.99
60.74,R_ThumbProximal,32.80,75.51,105.82,-0.10,-0.11,0.38,0.91
60.74,R_RingProximal,39.59,74.87,108.43,0.01,0.03,-0.16,0.99
60.74,L_LittleProximal,-5.59,57.03,95.42,-0.74,-0.24,-0.17,-0.61
60.74,SmallCube,0.00,77.14,145.00,0.00,0.00,0.00,1.00
60.75,Main Camera,0.36,118.05,83.68,-0.01,0.01,0.01,-1.00
60.75,R_Palm,37.58,75.37,106.12,-0.02,0.02,-0.11,0.99
60.75,R_ThumbTip,30.47,76.40,110.94,-0.22,-0.22,0.44,0.84
60.75,R_IndexTip,35.65,74.54,117.57,0.06,0.03,-0.12,0.99
60.75,R_MiddleTip,37.76,73.99,118.45,0.06,0.02,-0.16,0.98
60.75,R_RingTip,39.90,74.44,117.33,0.04,-0.01,-0.20,0.98
60.75,R_LittleTip,41.71,73.80,114.51,0.04,0.01,-0.28,0.96
60.75,R_ThumbDistal,31.88,75.86,109.03,-0.22,-0.22,0.44,0.84
60.75,R_IndexIntermediate,35.54,75.17,113.00,0.09,0.00,-0.10,0.99
60.75,R_MiddleIntermediate,37.73,74.81,113.33,0.11,0.00,-0.13,0.99
60.75,R_RingIntermediate,39.80,74.76,112.29,0.04,0.02,-0.20,0.98
60.75,R_LittleIntermediate,41.50,74.10,110.34,0.05,0.06,-0.28,0.96
60.75,R_IndexProximal,35.64,75.68,109.27,0.07,-0.01,-0.08,0.99
60.75,R_MiddleProximal,37.85,75.68,109.16,0.10,0.00,-0.12,0.99
60.75,R_ThumbProximal,32.80,75.51,105.82,-0.10,-0.11,0.38,0.91
60.75,R_RingProximal,39.60,74.86,108.43,0.01,0.03,-0.16,0.99
60.75,L_LittleProximal,-5.60,57.09,95.46,-0.73,-0.24,-0.17,-0.61
60.75,SmallCube,0.00,77.14,145.00,0.00,0.00,0.00,1.00
60.77,Main Camera,0.34,118.06,83.68,-0.01,0.01,0.01,-1.00
60.77,R_Palm,37.60,75.36,106.12,-0.02,0.02,-0.11,0.99
60.77,R_ThumbTip,30.50,76.41,110.96,-0.22,-0.22,0.44,0.84
60.77,R_IndexTip,35.69,74.53,117.58,0.06,0.03,-0.12,0.99
60.77,R_MiddleTip,37.80,73.98,118.45,0.06,0.02,-0.17,0.98
60.77,R_RingTip,39.94,74.42,117.32,0.04,0.00,-0.20,0.98
60.77,R_LittleTip,41.75,73.77,114.50,0.04,0.01,-0.28,0.96
60.77,R_ThumbDistal,31.90,75.87,109.04,-0.22,-0.22,0.44,0.84
60.77,R_IndexIntermediate,35.57,75.17,113.00,0.09,0.00,-0.10,0.99
60.77,R_MiddleIntermediate,37.76,74.80,113.32,0.11,0.00,-0.13,0.98
60.77,R_RingIntermediate,39.83,74.74,112.29,0.04,0.03,-0.20,0.98
60.77,R_LittleIntermediate,41.53,74.08,110.33,0.05,0.06,-0.28,0.96
60.77,R_IndexProximal,35.66,75.68,109.28,0.07,-0.01,-0.08,0.99
60.77,R_MiddleProximal,37.88,75.67,109.16,0.10,0.00,-0.12,0.99
60.77,R_ThumbProximal,32.82,75.52,105.83,-0.10,-0.11,0.37,0.92
60.77,R_RingProximal,39.62,74.84,108.43,0.01,0.03,-0.16,0.99
60.77,L_LittleProximal,-5.60,57.17,95.50,-0.73,-0.25,-0.17,-0.61
60.77,SmallCube,0.00,77.14,145.00,0.00,0.00,0.00,1.00
60.78,Main Camera,0.32,118.06,83.67,-0.01,0.01,0.01,-1.00
60.78,R_Palm,37.63,75.37,106.14,-0.02,0.02,-0.11,0.99
60.78,R_ThumbTip,30.55,76.46,111.01,-0.22,-0.22,0.44,0.85
60.78,R_IndexTip,35.75,74.56,117.60,0.06,0.03,-0.12,0.99
60.78,R_MiddleTip,37.87,73.99,118.47,0.06,0.02,-0.17,0.98
60.78,R_RingTip,40.01,74.42,117.33,0.04,0.00,-0.21,0.98
60.78,R_LittleTip,41.80,73.76,114.50,0.04,0.01,-0.28,0.96
60.78,R_ThumbDistal,31.94,75.91,109.08,-0.22,-0.22,0.44,0.85
60.78,R_IndexIntermediate,35.63,75.19,113.03,0.09,0.00,-0.11,0.99
60.78,R_MiddleIntermediate,37.82,74.82,113.34,0.11,0.00,-0.13,0.98
60.78,R_RingIntermediate,39.88,74.75,112.30,0.04,0.03,-0.20,0.98
60.78,R_LittleIntermediate,41.57,74.07,110.33,0.05,0.06,-0.28,0.96
60.78,R_IndexProximal,35.71,75.71,109.30,0.07,0.00,-0.08,0.99
60.78,R_MiddleProximal,37.92,75.68,109.17,0.10,0.00,-0.12,0.99
60.78,R_ThumbProximal,32.85,75.55,105.87,-0.10,-0.11,0.37,0.92
60.78,R_RingProximal,39.65,74.85,108.44,0.01,0.03,-0.17,0.99
60.78,L_LittleProximal,-5.61,57.33,95.54,-0.73,-0.25,-0.18,-0.62
60.78,SmallCube,0.00,77.14,145.00,0.00,0.00,0.00,1.00
60.79,Main Camera,0.30,118.06,83.66,-0.01,0.01,0.01,-1.00
60.79,R_Palm,37.66,75.39,106.16,-0.02,0.02,-0.12,0.99
60.79,R_ThumbTip,30.61,76.51,111.06,-0.22,-0.22,0.43,0.85
60.79,R_IndexTip,35.83,74.59,117.63,0.06,0.03,-0.12,0.99
60.79,R_MiddleTip,37.96,74.01,118.49,0.06,0.02,-0.17,0.98
60.79,R_RingTip,40.09,74.43,117.34,0.04,0.00,-0.21,0.98
60.79,R_LittleTip,41.86,73.75,114.50,0.04,0.02,-0.29,0.96
60.79,R_ThumbDistal,31.99,75.95,109.13,-0.22,-0.22,0.43,0.85
60.79,R_IndexIntermediate,35.69,75.23,113.06,0.09,0.00,-0.11,0.99
60.79,R_MiddleIntermediate,37.88,74.84,113.36,0.11,0.01,-0.14,0.98
60.79,R_RingIntermediate,39.94,74.75,112.30,0.04,0.03,-0.20,0.98
60.79,R_LittleIntermediate,41.61,74.06,110.34,0.05,0.06,-0.28,0.96
60.79,R_IndexProximal,35.75,75.74,109.33,0.07,0.00,-0.08,0.99
60.79,R_MiddleProximal,37.96,75.70,109.19,0.10,0.00,-0.13,0.99
60.79,R_ThumbProximal,32.88,75.59,105.92,-0.10,-0.10,0.37,0.92
60.79,R_RingProximal,39.69,74.85,108.45,0.01,0.03,-0.17,0.98
60.79,L_LittleProximal,-5.63,57.51,95.58,-0.72,-0.26,-0.18,-0.62
60.79,SmallCube,0.00,77.14,145.00,0.00,0.00,0.00,1.00
60.81,Main Camera,0.27,118.04,83.65,-0.01,0.01,0.01,-1.00
60.81,R_Palm,37.70,75.45,106.15,-0.02,0.02,-0.12,0.99
60.81,R_ThumbTip,30.64,76.53,111.09,-0.22,-0.22,0.43,0.85
60.81,R_IndexTip,35.91,74.61,117.63,0.07,0.04,-0.12,0.99
60.81,R_MiddleTip,38.05,74.06,118.48,0.06,0.02,-0.17,0.98
60.81,R_RingTip,40.18,74.47,117.32,0.04,0.00,-0.21,0.98
60.81,R_LittleTip,41.94,73.80,114.47,0.04,0.02,-0.29,0.96
60.81,R_ThumbDistal,32.02,75.99,109.14,-0.22,-0.22,0.43,0.85
60.81,R_IndexIntermediate,35.76,75.27,113.06,0.09,0.01,-0.11,0.99
60.81,R_MiddleIntermediate,37.95,74.90,113.35,0.11,0.01,-0.14,0.98
60.81,R_RingIntermediate,40.01,74.81,112.29,0.04,0.03,-0.20,0.98
60.81,R_LittleIntermediate,41.67,74.12,110.31,0.05,0.07,-0.28,0.96
60.81,R_IndexProximal,35.81,75.80,109.34,0.07,0.00,-0.09,0.99
60.81,R_MiddleProximal,38.02,75.76,109.19,0.10,0.01,-0.13,0.99
60.81,R_ThumbProximal,32.90,75.65,105.93,-0.10,-0.10,0.37,0.92
60.81,R_RingProximal,39.74,74.91,108.43,0.01,0.04,-0.17,0.98
60.81,L_LittleProximal,-5.65,57.57,95.58,-0.72,-0.26,-0.18,-0.62
60.81,SmallCube,0.00,77.14,145.00,0.00,0.00,0.00,1.00
60.82,Main Camera,0.26,118.03,83.65,-0.01,0.01,0.01,-1.00
60.82,R_Palm,37.74,75.64,106.19,-0.02,0.03,-0.12,0.99
60.82,R_ThumbTip,30.67,76.68,111.15,-0.21,-0.21,0.44,0.85
60.82,R_IndexTip,35.92,74.43,117.61,0.09,0.04,-0.12,0.99
60.82,R_MiddleTip,38.08,74.10,118.48,0.07,0.02,-0.17,0.98
60.82,R_RingTip,40.20,74.51,117.34,0.05,0.00,-0.21,0.98
60.82,R_LittleTip,41.98,73.93,114.50,0.04,0.02,-0.29,0.96
60.82,R_ThumbDistal,32.04,76.16,109.20,-0.21,-0.21,0.44,0.85
60.82,R_IndexIntermediate,35.80,75.34,113.08,0.12,0.00,-0.11,0.99
60.82,R_MiddleIntermediate,38.01,75.05,113.38,0.13,0.01,-0.14,0.98
60.82,R_RingIntermediate,40.05,74.95,112.31,0.06,0.03,-0.21,0.98
60.82,R_LittleIntermediate,41.71,74.28,110.34,0.05,0.07,-0.29,0.95
60.82,R_IndexProximal,35.87,76.01,109.38,0.09,0.00,-0.09,0.99
60.82,R_MiddleProximal,38.07,75.96,109.22,0.11,0.01,-0.13,0.99
60.82,R_ThumbProximal,32.92,75.82,105.98,-0.10,-0.10,0.37,0.92
60.82,R_RingProximal,39.79,75.11,108.46,0.01,0.04,-0.17,0.98
60.82,L_LittleProximal,-5.62,57.59,95.59,-0.72,-0.26,-0.18,-0.62
60.82,SmallCube,0.00,77.14,145.00,0.00,0.00,0.00,1.00
60.83,Main Camera,0.25,118.03,83.65,-0.01,0.01,0.00,-1.00
60.83,R_Palm,37.71,75.94,106.25,-0.03,0.03,-0.12,0.99
60.83,R_ThumbTip,30.69,77.02,111.27,-0.21,-0.21,0.44,0.85
60.83,R_IndexTip,35.81,74.12,117.52,0.14,0.03,-0.12,0.98
60.83,R_MiddleTip,37.99,74.06,118.45,0.10,0.02,-0.18,0.98
60.83,R_RingTip,40.06,74.51,117.36,0.08,0.00,-0.22,0.97
60.83,R_LittleTip,41.88,74.13,114.56,0.05,0.02,-0.29,0.96
60.83,R_ThumbDistal,32.02,76.49,109.29,-0.21,-0.21,0.44,0.85
60.83,R_IndexIntermediate,35.76,75.45,113.09,0.17,0.00,-0.11,0.98
60.83,R_MiddleIntermediate,37.98,75.29,113.40,0.15,0.01,-0.14,0.98
60.83,R_RingIntermediate,40.01,75.20,112.36,0.08,0.03,-0.21,0.97
60.83,R_LittleIntermediate,41.67,74.56,110.40,0.06,0.06,-0.29,0.95
60.83,R_IndexProximal,35.86,76.36,109.45,0.12,0.00,-0.09,0.99
60.83,R_MiddleProximal,38.07,76.31,109.27,0.12,0.01,-0.13,0.98
60.83,R_ThumbProximal,32.88,76.11,106.08,-0.10,-0.10,0.37,0.92
60.83,R_RingProximal,39.78,75.44,108.51,0.02,0.04,-0.17,0.98
60.83,L_LittleProximal,-5.62,57.61,95.59,-0.72,-0.26,-0.18,-0.62
60.83,SmallCube,0.00,77.14,145.00,0.00,0.00,0.00,1.00
60.85,Main Camera,0.24,118.02,83.66,-0.01,0.01,0.00,-1.00
60.85,R_Palm,37.68,76.25,106.31,-0.04,0.03,-0.12,0.99
60.85,R_ThumbTip,30.70,77.38,111.38,-0.21,-0.20,0.44,0.85
60.85,R_IndexTip,35.78,74.20,117.49,0.16,0.03,-0.12,0.98
60.85,R_MiddleTip,37.95,74.24,118.45,0.11,0.02,-0.18,0.98
60.85,R_RingTip,39.99,74.70,117.39,0.10,-0.01,-0.22,0.97
60.85,R_LittleTip,41.83,74.41,114.61,0.06,0.01,-0.29,0.95
60.85,R_ThumbDistal,32.01,76.84,109.39,-0.21,-0.20,0.44,0.85
60.85,R_IndexIntermediate,35.76,75.73,113.13,0.19,0.00,-0.11,0.98
60.85,R_MiddleIntermediate,37.97,75.61,113.44,0.17,0.01,-0.14,0.98
60.85,R_RingIntermediate,40.00,75.53,112.41,0.09,0.03,-0.21,0.97
60.85,R_LittleIntermediate,41.65,74.88,110.46,0.07,0.06,-0.29,0.95
60.85,R_IndexProximal,35.86,76.74,109.51,0.14,0.00,-0.09,0.99
60.85,R_MiddleProximal,38.07,76.67,109.32,0.13,0.01,-0.13,0.98
60.85,R_ThumbProximal,32.85,76.41,106.17,-0.11,-0.09,0.38,0.92
60.85,R_RingProximal,39.77,75.78,108.56,0.03,0.04,-0.18,0.98
60.85,L_LittleProximal,-5.62,57.63,95.60,-0.72,-0.27,-0.18,-0.62
60.85,SmallCube,0.00,77.14,145.00,0.00,0.00,0.00,1.00
60.86,Main Camera,0.23,118.00,83.66,-0.01,0.01,0.01,-1.00
60.86,R_Palm,37.55,76.62,106.49,-0.06,0.04,-0.13,0.99
60.86,R_ThumbTip,30.66,77.92,111.64,-0.21,-0.18,0.44,0.85
60.86,R_IndexTip,35.67,74.42,117.59,0.19,0.03,-0.13,0.97
60.86,R_MiddleTip,37.79,74.40,118.53,0.14,0.02,-0.18,0.97
60.86,R_RingTip,39.78,74.87,117.52,0.12,-0.01,-0.23,0.97
60.86,R_LittleTip,41.64,74.72,114.80,0.07,0.01,-0.30,0.95
60.86,R_ThumbDistal,31.91,77.33,109.63,-0.21,-0.18,0.44,0.85
60.86,R_IndexIntermediate,35.68,76.16,113.31,0.21,0.00,-0.12,0.97
60.86,R_MiddleIntermediate,37.88,76.00,113.59,0.19,0.00,-0.15,0.97
60.86,R_RingIntermediate,39.89,75.90,112.58,0.11,0.02,-0.22,0.97
60.86,R_LittleIntermediate,41.52,75.25,110.65,0.08,0.06,-0.30,0.95
60.86,R_IndexProximal,35.78,77.23,109.71,0.14,0.00,-0.09,0.99
60.86,R_MiddleProximal,37.98,77.13,109.48,0.13,0.01,-0.14,0.98
60.86,R_ThumbProximal,32.71,76.82,106.42,-0.12,-0.08,0.38,0.92
60.86,R_RingProximal,39.66,76.20,108.73,0.03,0.04,-0.18,0.98
60.86,L_LittleProximal,-5.61,57.62,95.59,-0.72,-0.27,-0.18,-0.62
60.86,SmallCube,0.00,77.14,145.00,0.00,0.00,0.00,1.00
60.88,Main Camera,0.22,117.97,83.65,-0.01,0.01,0.01,-1.00
60.88,R_Palm,37.36,77.02,106.81,-0.07,0.05,-0.14,0.99
60.88,R_ThumbTip,30.69,78.59,112.17,-0.21,-0.16,0.44,0.86
60.88,R_IndexTip,35.69,74.85,117.89,0.21,0.04,-0.14,0.97
60.88,R_MiddleTip,37.74,74.60,118.72,0.17,0.03,-0.20,0.96
60.88,R_RingTip,39.67,75.03,117.73,0.15,-0.01,-0.25,0.96
60.88,R_LittleTip,41.48,74.97,115.03,0.07,0.01,-0.32,0.94
60.88,R_ThumbDistal,31.84,77.93,110.12,-0.21,-0.16,0.44,0.86
60.88,R_IndexIntermediate,35.68,76.72,113.66,0.22,0.01,-0.13,0.97
60.88,R_MiddleIntermediate,37.85,76.44,113.86,0.21,0.01,-0.16,0.96
60.88,R_RingIntermediate,39.81,76.27,112.83,0.13,0.03,-0.24,0.96
60.88,R_LittleIntermediate,41.37,75.58,110.89,0.08,0.06,-0.32,0.94
60.88,R_IndexProximal,35.71,77.78,110.06,0.14,0.01,-0.11,0.98
60.88,R_MiddleProximal,37.91,77.61,109.77,0.14,0.01,-0.15,0.98
60.88,R_ThumbProximal,32.52,77.32,106.89,-0.12,-0.06,0.37,0.92
60.88,R_RingProximal,39.53,76.61,108.99,0.04,0.04,-0.20,0.98
60.88,L_LittleProximal,-5.62,57.61,95.59,-0.72,-0.27,-0.18,-0.62
60.88,SmallCube,0.00,77.14,145.00,0.00,0.00,0.00,1.00
60.89,Main Camera,0.22,117.95,83.64,-0.01,0.01,0.01,-1.00
60.89,R_Palm,36.99,77.41,107.19,-0.09,0.08,-0.17,0.98
60.89,R_ThumbTip,30.73,79.46,112.86,-0.21,-0.12,0.43,0.87
60.89,R_IndexTip,35.76,75.57,118.35,0.21,0.06,-0.18,0.96
60.89,R_MiddleTip,37.70,74.98,119.00,0.18,0.04,-0.23,0.95
60.89,R_RingTip,39.57,75.31,117.97,0.15,0.00,-0.28,0.95
60.89,R_LittleTip,41.27,75.21,115.26,0.07,0.02,-0.35,0.93
60.89,R_ThumbDistal,31.72,78.70,110.76,-0.21,-0.12,0.43,0.87
60.89,R_IndexIntermediate,35.66,77.42,114.12,0.21,0.03,-0.17,0.96
60.89,R_MiddleIntermediate,37.78,76.94,114.18,0.21,0.02,-0.20,0.96
60.89,R_RingIntermediate,39.66,76.62,113.10,0.13,0.04,-0.27,0.95
60.89,R_LittleIntermediate,41.09,75.83,111.13,0.08,0.07,-0.35,0.93
60.89,R_IndexProximal,35.57,78.39,110.48,0.13,0.03,-0.14,0.98
60.89,R_MiddleProximal,37.73,78.09,110.08,0.13,0.03,-0.18,0.97
60.89,R_ThumbProximal,32.19,77.96,107.53,-0.13,-0.03,0.35,0.93
60.89,R_RingProximal,39.26,76.97,109.27,0.03,0.06,-0.23,0.97
60.89,L_LittleProximal,-5.63,57.62,95.58,-0.71,-0.27,-0.18,-0.62
60.89,SmallCube,0.00,77.14,145.00,0.00,0.00,0.00,1.00
60.90,Main Camera,0.22,117.92,83.64,-0.02,0.01,0.01,-1.00
60.90,R_Palm,36.63,77.73,107.65,-0.11,0.11,-0.19,0.97
60.90,R_ThumbTip,30.75,80.06,113.64,-0.21,-0.09,0.42,0.88
60.90,R_IndexTip,35.95,76.17,118.89,0.20,0.08,-0.21,0.96
60.90,R_MiddleTip,37.84,75.37,119.40,0.18,0.06,-0.26,0.95
60.90,R_RingTip,39.60,75.49,118.27,0.16,0.02,-0.31,0.94
60.90,R_LittleTip,41.16,75.33,115.52,0.07,0.04,-0.38,0.92
60.90,R_ThumbDistal,31.59,79.25,111.50,-0.21,-0.09,0.42,0.88
60.90,R_IndexIntermediate,35.71,77.97,114.64,0.20,0.05,-0.20,0.96
60.90,R_MiddleIntermediate,37.78,77.34,114.58,0.21,0.04,-0.23,0.95
60.90,R_RingIntermediate,39.57,76.87,113.41,0.13,0.06,-0.30,0.94
60.90,R_LittleIntermediate,40.85,75.99,111.40,0.08,0.09,-0.38,0.92
60.90,R_IndexProximal,35.45,78.85,110.99,0.11,0.05,-0.17,0.98
60.90,R_MiddleProximal,37.56,78.44,110.48,0.12,0.05,-0.21,0.97
60.90,R_ThumbProximal,31.86,78.44,108.26,-0.13,0.00,0.34,0.93
60.90,R_RingProximal,38.99,77.23,109.60,0.03,0.08,-0.25,0.96
60.90,L_LittleProximal,-5.63,57.63,95.58,-0.71,-0.27,-0.18,-0.62
60.90,SmallCube,0.00,77.14,145.00,0.00,0.00,0.00,1.00
60.92,Main Camera,0.22,117.90,83.63,-0.02,0.01,0.01,-1.00
60.92,R_Palm,36.03,78.35,108.40,-0.12,0.12,-0.20,0.97
60.92,R_ThumbTip,30.28,80.66,114.61,-0.20,-0.08,0.42,0.88
60.92,R_IndexTip,35.68,76.95,119.67,0.19,0.09,-0.22,0.95
60.92,R_MiddleTip,37.57,76.00,120.08,0.18,0.07,-0.28,0.94
60.92,R_RingTip,39.23,75.96,118.90,0.16,0.03,-0.32,0.93
60.92,R_LittleTip,40.70,75.79,116.15,0.07,0.05,-0.39,0.91
60.92,R_ThumbDistal,31.07,79.86,112.44,-0.20,-0.08,0.42,0.88
60.92,R_IndexIntermediate,35.35,78.73,115.41,0.19,0.06,-0.21,0.96
60.92,R_MiddleIntermediate,37.41,78.00,115.28,0.21,0.05,-0.24,0.95
60.92,R_RingIntermediate,39.12,77.43,114.06,0.14,0.07,-0.31,0.94
60.92,R_LittleIntermediate,40.32,76.52,112.05,0.08,0.10,-0.39,0.91
60.92,R_IndexProximal,34.98,79.55,111.76,0.10,0.07,-0.18,0.98
60.92,R_MiddleProximal,37.07,79.09,111.18,0.12,0.07,-0.23,0.96
60.92,R_ThumbProximal,31.25,79.08,109.19,-0.12,0.01,0.34,0.93
60.92,R_RingProximal,38.43,77.84,110.28,0.03,0.10,-0.27,0.96
60.92,L_LittleProximal,-5.64,57.64,95.58,-0.71,-0.27,-0.18,-0.62
60.92,SmallCube,0.00,77.14,145.00,0.00,0.00,0.00,1.00
60.93,Main Camera,0.21,117.89,83.63,-0.02,0.01,0.01,-1.00
60.93,R_Palm,35.53,78.86,109.00,-0.13,0.14,-0.20,0.96
60.93,R_ThumbTip,29.95,81.17,115.39,-0.19,-0.07,0.43,0.88
60.93,R_IndexTip,35.47,77.56,120.27,0.19,0.10,-0.23,0.95
60.93,R_MiddleTip,37.32,76.43,120.59,0.19,0.08,-0.29,0.93
60.93,R_RingTip,38.89,76.28,119.37,0.17,0.04,-0.34,0.92
60.93,R_LittleTip,40.30,76.13,116.64,0.08,0.06,-0.41,0.91
60.93,R_ThumbDistal,30.67,80.38,113.19,-0.19,-0.07,0.43,0.88
60.93,R_IndexIntermediate,35.07,79.34,116.01,0.19,0.07,-0.22,0.95
60.93,R_MiddleIntermediate,37.11,78.51,115.82,0.21,0.06,-0.26,0.94
60.93,R_RingIntermediate,38.75,77.86,114.58,0.14,0.08,-0.33,0.93
60.93,R_LittleIntermediate,39.88,76.92,112.56,0.09,0.11,-0.40,0.90
60.93,R_IndexProximal,34.60,80.13,112.37,0.09,0.08,-0.19,0.97
60.93,R_MiddleProximal,36.66,79.62,111.74,0.11,0.08,-0.24,0.96
60.93,R_ThumbProximal,30.77,79.61,109.93,-0.11,0.03,0.34,0.93
60.93,R_RingProximal,37.98,78.33,110.82,0.03,0.11,-0.28,0.95
60.93,L_LittleProximal,-5.64,57.66,95.58,-0.71,-0.27,-0.18,-0.62
60.93,SmallCube,0.00,77.14,145.00,0.00,0.00,0.00,1.00
60.95,Main Camera,0.21,117.87,83.64,-0.02,0.01,0.01,-1.00
60.95,R_Palm,35.01,79.73,109.59,-0.13,0.14,-0.20,0.96
60.95,R_ThumbTip,29.41,81.91,116.07,-0.18,-0.07,0.43,0.88
60.95,R_IndexTip,35.14,78.42,120.84,0.19,0.11,-0.24,0.95
60.95,R_MiddleTip,36.97,77.18,121.10,0.19,0.09,-0.30,0.93
60.95,R_RingTip,38.48,76.95,119.87,0.18,0.05,-0.34,0.92
60.95,R_LittleTip,39.81,76.77,117.16,0.09,0.07,-0.41,0.90
60.95,R_ThumbDistal,30.12,81.16,113.86,-0.18,-0.07,0.43,0.88
60.95,R_IndexIntermediate,34.67,80.22,116.60,0.19,0.08,-0.23,0.95
60.95,R_MiddleIntermediate,36.71,79.35,116.38,0.22,0.07,-0.26,0.94
60.95,R_RingIntermediate,38.30,78.64,115.11,0.15,0.09,-0.33,0.93
60.95,R_LittleIntermediate,39.39,77.70,113.10,0.10,0.11,-0.41,0.90
60.95,R_IndexProximal,34.13,81.01,112.97,0.09,0.09,-0.19,0.97
60.95,R_MiddleProximal,36.18,80.49,112.31,0.12,0.09,-0.24,0.96
60.95,R_ThumbProximal,30.22,80.43,110.59,-0.11,0.02,0.35,0.93
60.95,R_RingProximal,37.49,79.20,111.37,0.04,0.12,-0.28,0.95
60.95,L_LittleProximal,-5.64,57.68,95.58,-0.71,-0.27,-0.18,-0.62
60.95,SmallCube,0.00,77.14,145.00,0.00,0.00,0.00,1.00
60.96,Main Camera,0.19,117.85,83.65,-0.02,0.01,0.01,-1.00
60.96,R_Palm,34.51,80.55,110.16,-0.14,0.15,-0.20,0.96
60.96,R_ThumbTip,28.89,82.68,116.70,-0.18,-0.07,0.43,0.88
60.96,R_IndexTip,34.83,79.30,121.39,0.19,0.11,-0.24,0.94
60.96,R_MiddleTip,36.41,77.64,121.48,0.22,0.09,-0.31,0.92
60.96,R_RingTip,37.79,77.29,120.27,0.22,0.04,-0.35,0.91
60.96,R_LittleTip,39.12,77.17,117.67,0.13,0.06,-0.42,0.89
60.96,R_ThumbDistal,29.61,81.94,114.48,-0.18,-0.07,0.43,0.88
60.96,R_IndexIntermediate,34.28,81.09,117.16,0.18,0.09,-0.23,0.95
60.96,R_MiddleIntermediate,36.23,80.07,116.88,0.24,0.07,-0.27,0.93
60.96,R_RingIntermediate,37.76,79.28,115.63,0.19,0.09,-0.34,0.92
60.96,R_LittleIntermediate,38.84,78.36,113.66,0.14,0.11,-0.42,0.89
60.96,R_IndexProximal,33.66,81.86,113.53,0.08,0.10,-0.19,0.97
60.96,R_MiddleProximal,35.70,81.34,112.86,0.13,0.10,-0.25,0.95
60.96,R_ThumbProximal,29.70,81.22,111.21,-0.11,0.03,0.35,0.93
60.96,R_RingProximal,37.00,80.04,111.92,0.07,0.12,-0.29,0.95
60.96,L_LittleProximal,-5.64,57.67,95.56,-0.71,-0.27,-0.18,-0.62
60.96,SmallCube,0.00,77.14,145.00,0.00,0.00,0.00,1.00
60.97,Main Camera,0.18,117.83,83.66,-0.02,0.01,0.01,-1.00
60.97,R_Palm,33.78,81.25,110.70,-0.15,0.15,-0.20,0.96
60.97,R_ThumbTip,28.21,83.44,117.26,-0.19,-0.06,0.44,0.88
60.97,R_IndexTip,34.26,80.15,121.91,0.19,0.12,-0.24,0.94
60.97,R_MiddleTip,35.45,77.96,121.79,0.26,0.08,-0.31,0.91
60.97,R_RingTip,36.85,77.67,120.67,0.25,0.04,-0.36,0.90
60.97,R_LittleTip,38.18,77.59,118.18,0.16,0.06,-0.43,0.89
60.97,R_ThumbDistal,28.90,82.67,115.05,-0.19,-0.06,0.44,0.88
60.97,R_IndexIntermediate,33.65,81.92,117.68,0.18,0.09,-0.23,0.95
60.97,R_MiddleIntermediate,35.47,80.70,117.36,0.28,0.07,-0.27,0.92
60.97,R_RingIntermediate,37.00,79.91,116.15,0.21,0.08,-0.34,0.91
60.97,R_LittleIntermediate,38.08,78.98,114.23,0.17,0.11,-0.43,0.88
60.97,R_IndexProximal,32.96,82.63,114.05,0.07,0.11,-0.20,0.97
60.97,R_MiddleProximal,35.00,82.10,113.37,0.15,0.10,-0.25,0.95
60.97,R_ThumbProximal,28.97,81.90,111.79,-0.11,0.03,0.35,0.93
60.97,R_RingProximal,36.29,80.79,112.45,0.08,0.12,-0.29,0.94
60.97,L_LittleProximal,-5.66,57.70,95.56,-0.71,-0.27,-0.18,-0.62
60.97,SmallCube,0.00,77.14,145.00,0.00,0.00,0.00,1.00
60.99,Main Camera,0.18,117.82,83.68,-0.02,0.01,0.01,-1.00
60.99,R_Palm,32.91,81.80,111.20,-0.17,0.15,-0.20,0.95
60.99,R_ThumbTip,27.49,84.04,117.82,-0.19,-0.05,0.45,0.87
60.99,R_IndexTip,33.47,81.13,122.40,0.18,0.12,-0.25,0.94
60.99,R_MiddleTip,34.28,78.43,122.08,0.30,0.07,-0.32,0.90
60.99,R_RingTip,35.64,78.10,121.04,0.28,0.02,-0.37,0.89
60.99,R_LittleTip,37.01,77.99,118.68,0.19,0.04,-0.45,0.87
60.99,R_ThumbDistal,28.14,83.23,115.61,-0.19,-0.05,0.45,0.87
60.99,R_IndexIntermediate,32.86,82.81,118.13,0.17,0.09,-0.23,0.95
60.99,R_MiddleIntermediate,34.55,81.38,117.80,0.30,0.05,-0.28,0.91
60.99,R_RingIntermediate,36.07,80.53,116.64,0.24,0.07,-0.35,0.90
60.99,R_LittleIntermediate,37.17,79.53,114.80,0.19,0.09,-0.44,0.87
60.99,R_IndexProximal,32.10,83.34,114.48,0.05,0.11,-0.20,0.97
60.99,R_MiddleProximal,34.14,82.79,113.81,0.15,0.09,-0.25,0.95
60.99,R_ThumbProximal,28.14,82.36,112.37,-0.12,0.05,0.37,0.92
60.99,R_RingProximal,35.43,81.44,112.93,0.09,0.12,-0.30,0.94
60.99,L_LittleProximal,-5.66,57.71,95.56,-0.71,-0.27,-0.18,-0.62
60.99,SmallCube,0.00,77.14,145.00,0.00,0.00,0.00,1.00
61.00,Main Camera,0.17,117.81,83.69,-0.02,0.01,0.01,-1.00
61.00,R_Palm,31.81,82.62,111.63,-0.20,0.15,-0.21,0.95
61.00,R_ThumbTip,26.50,85.12,118.21,-0.20,-0.03,0.46,0.86
61.00,R_IndexTip,32.35,82.47,122.80,0.17,0.11,-0.25,0.95
61.00,R_MiddleTip,32.83,79.37,122.37,0.32,0.04,-0.32,0.89
61.00,R_RingTip,34.00,78.80,121.30,0.33,-0.01,-0.38,0.86
61.00,R_LittleTip,35.45,78.65,119.13,0.23,0.01,-0.47,0.86
61.00,R_ThumbDistal,27.11,84.22,116.03,-0.20,-0.03,0.46,0.86
61.00,R_IndexIntermediate,31.79,84.04,118.48,0.15,0.09,-0.24,0.95
61.00,R_MiddleIntermediate,33.38,82.43,118.19,0.32,0.03,-0.28,0.90
61.00,R_RingIntermediate,34.86,81.44,117.09,0.27,0.04,-0.36,0.89
61.00,R_LittleIntermediate,35.98,80.35,115.34,0.22,0.07,-0.45,0.86
61.00,R_IndexProximal,31.02,84.36,114.82,0.02,0.11,-0.20,0.97
61.00,R_MiddleProximal,33.05,83.76,114.16,0.14,0.08,-0.26,0.95
61.00,R_ThumbProximal,27.08,83.21,112.83,-0.14,0.06,0.37,0.92
61.00,R_RingProximal,34.33,82.36,113.37,0.09,0.10,-0.31,0.94
61.00,L_LittleProximal,-5.66,57.71,95.55,-0.71,-0.27,-0.18,-0.62
61.00,SmallCube,0.00,77.14,145.00,0.00,0.00,0.00,1.00
61.02,Main Camera,0.16,117.80,83.72,-0.02,0.01,0.01,-1.00
61.02,R_Palm,30.87,83.36,112.02,-0.22,0.14,-0.21,0.94
61.02,R_ThumbTip,25.67,86.08,118.59,-0.21,-0.01,0.46,0.86
61.02,R_IndexTip,31.43,83.67,123.16,0.16,0.10,-0.26,0.95
61.02,R_MiddleTip,31.63,80.24,122.65,0.34,0.03,-0.33,0.88
61.02,R_RingTip,32.74,79.58,121.59,0.36,-0.04,-0.39,0.85
61.02,R_LittleTip,34.24,79.39,119.55,0.25,-0.01,-0.48,0.84
61.02,R_ThumbDistal,26.24,85.11,116.42,-0.21,-0.01,0.46,0.86
61.02,R_IndexIntermediate,30.91,85.12,118.80,0.14,0.08,-0.25,0.96
61.02,R_MiddleIntermediate,32.41,83.36,118.55,0.33,0.02,-0.29,0.90
61.02,R_RingIntermediate,33.87,82.28,117.49,0.28,0.02,-0.37,0.89
61.02,R_LittleIntermediate,35.00,81.11,115.82,0.24,0.05,-0.47,0.85
61.02,R_IndexProximal,30.11,85.26,115.12,0.00,0.11,-0.21,0.97
61.02,R_MiddleProximal,32.14,84.62,114.49,0.14,0.07,-0.27,0.95
61.02,R_ThumbProximal,26.17,83.97,113.27,-0.16,0.08,0.37,0.91
61.02,R_RingProximal,33.40,83.17,113.75,0.09,0.09,-0.32,0.94
61.02,L_LittleProximal,-5.67,57.72,95.54,-0.71,-0.27,-0.18,-0.62
61.02,SmallCube,0.00,77.14,145.00,0.00,0.00,0.00,1.00
61.03,Main Camera,0.15,117.80,83.74,-0.02,0.01,0.01,-1.00
61.03,R_Palm,29.64,84.40,112.60,-0.23,0.14,-0.23,0.93
61.03,R_ThumbTip,24.51,87.26,119.19,-0.22,-0.01,0.46,0.86
61.03,R_IndexTip,30.21,84.98,123.71,0.15,0.10,-0.28,0.94
61.03,R_MiddleTip,30.24,81.45,123.20,0.35,0.01,-0.35,0.87
61.03,R_RingTip,31.17,80.56,122.08,0.37,-0.05,-0.40,0.83
61.03,R_LittleTip,32.60,80.24,120.08,0.28,-0.04,-0.50,0.82
61.03,R_ThumbDistal,25.06,86.25,117.03,-0.22,-0.01,0.46,0.86
61.03,R_IndexIntermediate,29.75,86.37,119.32,0.13,0.07,-0.26,0.95
61.03,R_MiddleIntermediate,31.18,84.53,119.11,0.32,0.01,-0.30,0.90
61.03,R_RingIntermediate,32.55,83.28,118.07,0.29,0.01,-0.39,0.87
61.03,R_LittleIntermediate,33.65,82.02,116.45,0.26,0.03,-0.49,0.83
61.03,R_IndexProximal,28.94,86.41,115.65,-0.02,0.11,-0.22,0.97
61.03,R_MiddleProximal,30.94,85.70,115.02,0.12,0.07,-0.28,0.95
61.03,R_ThumbProximal,24.95,85.09,113.90,-0.16,0.08,0.37,0.91
61.03,R_RingProximal,32.16,84.19,114.33,0.09,0.09,-0.34,0.93
61.03,L_LittleProximal,-5.64,57.73,95.52,-0.71,-0.27,-0.18,-0.62
61.03,SmallCube,0.00,77.14,145.00,0.00,0.00,0.00,1.00
61.04,Main Camera,0.13,117.79,83.77,-0.02,0.01,0.01,-1.00
61.04,R_Palm,28.85,85.21,113.42,-0.23,0.15,-0.24,0.93
61.04,R_ThumbTip,23.73,87.88,120.13,-0.20,-0.01,0.46,0.86
61.04,R_IndexTip,29.41,85.85,124.51,0.15,0.09,-0.29,0.94
61.04,R_MiddleTip,29.27,82.19,123.93,0.36,0.00,-0.35,0.86
61.04,R_RingTip,29.99,81.10,122.64,0.41,-0.07,-0.41,0.81
61.04,R_LittleTip,31.17,80.64,120.58,0.36,-0.08,-0.52,0.77
61.04,R_ThumbDistal,24.28,86.94,117.94,-0.20,-0.01,0.46,0.86
61.04,R_IndexIntermediate,29.00,87.24,120.12,0.13,0.07,-0.27,0.95
61.04,R_MiddleIntermediate,30.38,85.33,119.93,0.33,0.00,-0.31,0.89
61.04,R_RingIntermediate,31.68,83.97,118.87,0.32,0.00,-0.40,0.86
61.04,R_LittleIntermediate,32.74,82.64,117.27,0.31,0.01,-0.50,0.81
61.04,R_IndexProximal,28.18,87.25,116.45,-0.02,0.11,-0.23,0.97
61.04,R_MiddleProximal,30.17,86.49,115.84,0.12,0.06,-0.29,0.95
61.04,R_ThumbProximal,24.17,85.86,114.77,-0.15,0.08,0.37,0.92
61.04,R_RingProximal,31.36,84.95,115.15,0.10,0.08,-0.35,0.93
61.04,L_LittleProximal,-5.64,57.77,95.53,-0.71,-0.27,-0.18,-0.63
61.04,SmallCube,0.00,77.14,145.00,0.00,0.00,0.00,1.00
61.06,Main Camera,0.12,117.77,83.81,-0.02,0.01,0.01,-1.00
61.06,R_Palm,27.70,86.13,114.03,-0.24,0.14,-0.24,0.93
61.06,R_ThumbTip,22.41,88.58,120.76,-0.20,-0.03,0.46,0.86
61.06,R_IndexTip,28.12,86.82,125.12,0.16,0.08,-0.29,0.94
61.06,R_MiddleTip,27.92,83.09,124.47,0.38,-0.01,-0.35,0.85
61.06,R_RingTip,28.44,81.85,122.97,0.46,-0.10,-0.41,0.78
61.06,R_LittleTip,29.41,81.28,120.84,0.43,-0.12,-0.52,0.73
61.06,R_ThumbDistal,23.00,87.70,118.57,-0.20,-0.03,0.46,0.86
61.06,R_IndexIntermediate,27.78,88.21,120.72,0.13,0.06,-0.27,0.95
61.06,R_MiddleIntermediate,29.16,86.29,120.55,0.34,-0.01,-0.31,0.89
61.06,R_RingIntermediate,30.45,84.88,119.51,0.35,-0.02,-0.40,0.85
61.06,R_LittleIntermediate,31.47,83.43,117.93,0.36,-0.01,-0.51,0.78
61.06,R_IndexProximal,27.00,88.19,117.04,-0.03,0.10,-0.24,0.97
61.06,R_MiddleProximal,29.00,87.43,116.45,0.12,0.06,-0.30,0.95
61.06,R_ThumbProximal,22.97,86.69,115.37,-0.14,0.06,0.38,0.91
61.06,R_RingProximal,30.19,85.88,115.79,0.11,0.08,-0.35,0.93
61.06,L_LittleProximal,-5.65,57.83,95.50,-0.71,-0.27,-0.18,-0.63
61.06,SmallCube,0.00,77.14,145.00,0.00,0.00,0.00,1.00
61.07,Main Camera,0.09,117.75,83.87,-0.03,0.01,0.01,-1.00
61.07,R_Palm,26.95,86.56,114.85,-0.24,0.14,-0.24,0.93
61.07,R_ThumbTip,21.51,88.65,121.66,-0.18,-0.04,0.48,0.86
61.07,R_IndexTip,27.31,87.28,125.93,0.16,0.08,-0.28,0.94
61.07,R_MiddleTip,27.09,83.48,125.22,0.40,-0.01,-0.35,0.85
61.07,R_RingTip,27.46,82.16,123.52,0.50,-0.12,-0.41,0.76
61.07,R_LittleTip,28.27,81.56,121.34,0.48,-0.14,-0.52,0.69
61.07,R_ThumbDistal,22.13,87.87,119.43,-0.18,-0.04,0.48,0.86
61.07,R_IndexIntermediate,26.99,88.66,121.53,0.13,0.06,-0.27,0.95
61.07,R_MiddleIntermediate,28.39,86.75,121.37,0.35,-0.01,-0.31,0.89
61.07,R_RingIntermediate,29.68,85.32,120.33,0.37,-0.03,-0.40,0.84
61.07,R_LittleIntermediate,30.63,83.79,118.75,0.39,-0.03,-0.51,0.76
61.07,R_IndexProximal,26.22,88.63,117.85,-0.03,0.10,-0.23,0.97
61.07,R_MiddleProximal,28.23,87.87,117.27,0.12,0.06,-0.29,0.95
61.07,R_ThumbProximal,22.16,86.95,116.21,-0.13,0.05,0.39,0.91
61.07,R_RingProximal,29.43,86.33,116.61,0.11,0.08,-0.35,0.93
61.07,L_LittleProximal,-5.64,57.88,95.49,-0.71,-0.27,-0.18,-0.63
61.07,SmallCube,0.00,77.14,145.00,0.00,0.00,0.00,1.00
61.08,Main Camera,0.07,117.72,83.89,-0.03,0.01,0.01,-1.00
61.08,R_Palm,26.36,86.78,116.10,-0.24,0.13,-0.24,0.93
61.08,R_ThumbTip,20.73,88.62,122.92,-0.18,-0.05,0.49,0.85
61.08,R_IndexTip,26.64,87.59,127.17,0.15,0.08,-0.28,0.94
61.08,R_MiddleTip,26.42,83.73,126.40,0.41,-0.02,-0.35,0.84
61.08,R_RingTip,26.75,82.38,124.63,0.52,-0.13,-0.40,0.75
61.08,R_LittleTip,27.47,81.76,122.45,0.50,-0.16,-0.51,0.68
61.08,R_ThumbDistal,21.41,87.90,120.69,-0.18,-0.05,0.49,0.85
61.08,R_IndexIntermediate,26.33,88.94,122.76,0.13,0.06,-0.26,0.95
61.08,R_MiddleIntermediate,27.76,87.04,122.62,0.35,-0.01,-0.30,0.89
61.08,R_RingIntermediate,29.07,85.61,121.60,0.38,-0.04,-0.39,0.84
61.08,R_LittleIntermediate,29.97,84.03,120.04,0.41,-0.04,-0.51,0.76
61.08,R_IndexProximal,25.59,88.87,119.07,-0.03,0.09,-0.23,0.97
61.08,R_MiddleProximal,27.60,88.13,118.51,0.12,0.06,-0.29,0.95
61.08,R_ThumbProximal,21.52,87.03,117.45,-0.13,0.04,0.40,0.91
61.08,R_RingProximal,28.83,86.61,117.87,0.11,0.07,-0.35,0.93
61.08,L_LittleProximal,-5.65,57.89,95.49,-0.71,-0.27,-0.18,-0.63
61.08,SmallCube,0.00,77.14,145.00,0.00,0.00,0.00,1.00
61.10,Main Camera,0.05,117.71,83.92,-0.03,0.01,0.01,-1.00
61.10,R_Palm,25.70,87.12,117.17,-0.25,0.13,-0.23,0.93
61.10,R_ThumbTip,19.93,88.73,123.99,-0.17,-0.06,0.50,0.85
61.10,R_IndexTip,25.87,88.04,128.23,0.15,0.07,-0.27,0.95
61.10,R_MiddleTip,25.67,84.11,127.41,0.42,-0.03,-0.34,0.84
61.10,R_RingTip,25.95,82.71,125.53,0.54,-0.14,-0.39,0.73
61.10,R_LittleTip,26.60,82.10,123.36,0.52,-0.18,-0.50,0.67
61.10,R_ThumbDistal,20.65,88.06,121.75,-0.17,-0.06,0.50,0.85
61.10,R_IndexIntermediate,25.59,89.36,123.80,0.13,0.05,-0.26,0.96
61.10,R_MiddleIntermediate,27.07,87.48,123.69,0.35,-0.02,-0.30,0.89
61.10,R_RingIntermediate,28.38,86.01,122.69,0.40,-0.05,-0.38,0.83
61.10,R_LittleIntermediate,29.24,84.41,121.15,0.43,-0.06,-0.50,0.75
61.10,R_IndexProximal,24.88,89.23,120.11,-0.04,0.09,-0.22,0.97
61.10,R_MiddleProximal,26.91,88.52,119.57,0.11,0.05,-0.28,0.95
61.10,R_ThumbProximal,20.82,87.23,118.51,-0.12,0.03,0.42,0.90
61.10,R_RingProximal,28.16,87.00,118.96,0.11,0.07,-0.34,0.93
61.10,L_LittleProximal,-5.65,57.90,95.48,-0.71,-0.27,-0.18,-0.63
61.10,SmallCube,0.00,77.14,145.00,0.00,0.00,0.00,1.00
61.11,Main Camera,0.03,117.68,83.95,-0.03,0.01,0.01,-1.00
61.11,R_Palm,24.82,87.35,118.20,-0.26,0.11,-0.23,0.93
61.11,R_ThumbTip,18.87,88.82,124.96,-0.18,-0.07,0.51,0.84
61.11,R_IndexTip,24.73,88.46,129.22,0.15,0.06,-0.27,0.95
61.11,R_MiddleTip,24.49,84.47,128.35,0.44,-0.04,-0.34,0.83
61.11,R_RingTip,24.79,83.05,126.48,0.56,-0.16,-0.38,0.72
61.11,R_LittleTip,25.53,82.45,124.44,0.53,-0.19,-0.49,0.66
61.11,R_ThumbDistal,19.64,88.17,122.74,-0.18,-0.07,0.51,0.84
61.11,R_IndexIntermediate,24.57,89.74,124.77,0.13,0.04,-0.26,0.96
61.11,R_MiddleIntermediate,26.06,87.86,124.74,0.36,-0.03,-0.29,0.89
61.11,R_RingIntermediate,27.37,86.36,123.79,0.41,-0.06,-0.38,0.83
61.11,R_LittleIntermediate,28.26,84.72,122.30,0.43,-0.07,-0.49,0.75
61.11,R_IndexProximal,23.93,89.53,121.07,-0.05,0.08,-0.22,0.97
61.11,R_MiddleProximal,25.97,88.81,120.59,0.10,0.04,-0.28,0.95
61.11,R_ThumbProximal,19.90,87.36,119.50,-0.13,0.02,0.43,0.90
61.11,R_RingProximal,27.24,87.29,120.04,0.11,0.06,-0.34,0.93
61.11,L_LittleProximal,-5.66,57.92,95.47,-0.71,-0.27,-0.18,-0.63
61.11,SmallCube,0.00,77.14,145.00,0.00,0.00,0.00,1.00
61.13,Main Camera,0.01,117.67,83.98,-0.03,0.01,0.01,-1.00
61.13,R_Palm,23.88,87.67,118.92,-0.27,0.10,-0.23,0.93
61.13,R_ThumbTip,17.82,89.00,125.65,-0.18,-0.08,0.52,0.83
61.13,R_IndexTip,23.56,88.95,129.86,0.16,0.04,-0.27,0.95
61.13,R_MiddleTip,23.29,84.91,128.90,0.46,-0.06,-0.33,0.82
61.13,R_RingTip,23.67,83.55,127.14,0.57,-0.17,-0.37,0.72
61.13,R_LittleTip,24.52,82.95,125.28,0.53,-0.20,-0.48,0.67
61.13,R_ThumbDistal,18.63,88.37,123.44,-0.18,-0.08,0.52,0.83
61.13,R_IndexIntermediate,23.53,90.24,125.42,0.13,0.02,-0.25,0.96
61.13,R_MiddleIntermediate,25.03,88.37,125.46,0.37,-0.05,-0.29,0.88
61.13,R_RingIntermediate,26.36,86.85,124.56,0.41,-0.08,-0.37,0.83
61.13,R_LittleIntermediate,27.28,85.17,123.14,0.43,-0.08,-0.49,0.76
61.13,R_IndexProximal,22.94,89.93,121.72,-0.06,0.07,-0.22,0.97
61.13,R_MiddleProximal,24.99,89.21,121.28,0.09,0.03,-0.28,0.96
61.13,R_ThumbProximal,18.94,87.56,120.20,-0.13,0.01,0.44,0.89
61.13,R_RingProximal,26.27,87.67,120.79,0.10,0.05,-0.34,0.93
61.13,L_LittleProximal,-5.67,57.90,95.46,-0.71,-0.27,-0.18,-0.63
61.13,SmallCube,0.00,77.14,145.00,0.00,0.00,0.00,1.00
61.14,Main Camera,-0.01,117.65,84.02,-0.03,0.01,0.01,-1.00
61.14,R_Palm,23.20,87.86,119.97,-0.28,0.09,-0.24,0.93
61.14,R_ThumbTip,16.98,88.83,126.73,-0.17,-0.09,0.53,0.83
61.14,R_IndexTip,22.60,89.25,130.80,0.18,0.03,-0.27,0.95
61.14,R_MiddleTip,22.25,85.18,129.67,0.50,-0.09,-0.32,0.80
61.14,R_RingTip,22.73,83.92,128.06,0.58,-0.19,-0.36,0.70
61.14,R_LittleTip,23.69,83.32,126.41,0.53,-0.22,-0.48,0.67
61.14,R_ThumbDistal,17.85,88.29,124.51,-0.17,-0.09,0.53,0.83
61.14,R_IndexIntermediate,22.75,90.61,126.38,0.14,0.01,-0.26,0.96
61.14,R_MiddleIntermediate,24.26,88.75,126.49,0.39,-0.07,-0.28,0.87
61.14,R_RingIntermediate,25.58,87.19,125.66,0.42,-0.10,-0.37,0.82
61.14,R_LittleIntermediate,26.51,85.48,124.30,0.42,-0.10,-0.48,0.76
61.14,R_IndexProximal,22.22,90.21,122.68,-0.07,0.06,-0.22,0.97
61.14,R_MiddleProximal,24.27,89.47,122.29,0.08,0.02,-0.28,0.96
61.14,R_ThumbProximal,18.22,87.57,121.26,-0.12,0.00,0.45,0.88
61.14,R_RingProximal,25.55,87.91,121.86,0.09,0.04,-0.34,0.94
61.14,L_LittleProximal,-5.64,57.89,95.48,-0.71,-0.27,-0.18,-0.63
61.14,SmallCube,0.00,77.14,145.00,0.00,0.00,0.00,1.00
61.15,Main Camera,-0.06,117.64,84.08,-0.03,0.01,0.01,-1.00
61.15,R_Palm,22.22,88.07,120.84,-0.29,0.08,-0.24,0.92
61.15,R_ThumbTip,15.81,88.93,127.51,-0.18,-0.10,0.54,0.82
61.15,R_IndexTip,21.36,89.48,131.56,0.19,0.01,-0.27,0.94
61.15,R_MiddleTip,20.98,85.44,130.25,0.53,-0.11,-0.31,0.78
61.15,R_RingTip,21.53,84.26,128.78,0.60,-0.21,-0.35,0.69
61.15,R_LittleTip,22.64,83.73,127.35,0.54,-0.24,-0.46,0.66
61.15,R_ThumbDistal,16.74,88.40,125.31,-0.18,-0.10,0.54,0.82
61.15,R_IndexIntermediate,21.66,90.92,127.18,0.15,0.00,-0.26,0.96
61.15,R_MiddleIntermediate,23.18,89.11,127.36,0.41,-0.09,-0.28,0.87
61.15,R_RingIntermediate,24.51,87.54,126.59,0.43,-0.12,-0.36,0.82
61.15,R_LittleIntermediate,25.52,85.84,125.29,0.42,-0.11,-0.48,0.77
61.15,R_IndexProximal,21.18,90.47,123.47,-0.07,0.05,-0.22,0.97
61.15,R_MiddleProximal,23.24,89.73,123.14,0.07,0.01,-0.28,0.96
61.15,R_ThumbProximal,17.20,87.69,122.07,-0.13,-0.01,0.46,0.88
61.15,R_RingProximal,24.54,88.17,122.77,0.08,0.02,-0.34,0.94
61.15,L_LittleProximal,-5.64,57.86,95.47,-0.70,-0.27,-0.19,-0.63
61.15,SmallCube,0.00,77.14,145.00,0.00,0.00,0.00,1.00
61.17,Main Camera,-0.10,117.63,84.14,-0.03,0.01,0.01,-1.00
61.17,R_Palm,21.27,88.14,121.68,-0.28,0.07,-0.25,0.92
61.17,R_ThumbTip,14.68,88.93,128.21,-0.18,-0.12,0.53,0.82
61.17,R_IndexTip,20.19,89.42,132.33,0.21,0.00,-0.27,0.94
61.17,R_MiddleTip,19.71,85.39,130.70,0.58,-0.13,-0.31,0.74
61.17,R_RingTip,20.29,84.29,129.29,0.63,-0.23,-0.34,0.66
61.17,R_LittleTip,21.46,83.83,128.01,0.56,-0.26,-0.45,0.64
61.17,R_ThumbDistal,15.66,88.43,126.04,-0.18,-0.12,0.53,0.82
61.17,R_IndexIntermediate,20.62,90.97,127.99,0.16,-0.01,-0.26,0.95
61.17,R_MiddleIntermediate,22.13,89.19,128.21,0.43,-0.10,-0.28,0.85
61.17,R_RingIntermediate,23.44,87.62,127.47,0.45,-0.13,-0.35,0.81
61.17,R_LittleIntermediate,24.49,85.93,126.19,0.43,-0.13,-0.47,0.76
61.17,R_IndexProximal,20.18,90.55,124.28,-0.07,0.04,-0.23,0.97
61.17,R_MiddleProximal,22.25,89.80,124.00,0.07,0.01,-0.28,0.96
61.17,R_ThumbProximal,16.21,87.75,122.80,-0.13,-0.03,0.46,0.88
61.17,R_RingProximal,23.55,88.24,123.66,0.08,0.01,-0.34,0.94
61.17,L_LittleProximal,-5.64,57.82,95.50,-0.70,-0.28,-0.19,-0.63
61.17,SmallCube,0.00,77.14,145.00,0.00,0.00,0.00,1.00
61.18,Main Camera,-0.13,117.62,84.21,-0.03,0.01,0.01,-1.00
61.18,R_Palm,20.35,88.28,122.50,-0.28,0.06,-0.25,0.92
61.18,R_ThumbTip,13.58,88.96,128.92,-0.18,-0.13,0.53,0.82
61.18,R_IndexTip,19.07,89.45,133.08,0.23,-0.01,-0.27,0.93
61.18,R_MiddleTip,18.54,85.48,131.24,0.61,-0.14,-0.30,0.72
61.18,R_RingTip,19.14,84.44,129.86,0.66,-0.25,-0.33,0.63
61.18,R_LittleTip,20.34,84.00,128.70,0.58,-0.28,-0.44,0.62
61.18,R_ThumbDistal,14.62,88.49,126.77,-0.18,-0.13,0.53,0.82
61.18,R_IndexIntermediate,19.62,91.10,128.80,0.17,-0.02,-0.26,0.95
61.18,R_MiddleIntermediate,21.11,89.35,129.05,0.45,-0.11,-0.28,0.84
61.18,R_RingIntermediate,22.41,87.77,128.34,0.47,-0.15,-0.35,0.80
61.18,R_LittleIntermediate,23.48,86.08,127.09,0.44,-0.14,-0.47,0.75
61.18,R_IndexProximal,19.23,90.71,125.08,-0.06,0.04,-0.24,0.97
61.18,R_MiddleProximal,21.29,89.95,124.84,0.07,0.00,-0.29,0.96
61.18,R_ThumbProximal,15.25,87.85,123.54,-0.13,-0.04,0.46,0.88
61.18,R_RingProximal,22.59,88.38,124.53,0.08,0.00,-0.34,0.94
61.18,L_LittleProximal,-5.64,57.78,95.53,-0.70,-0.28,-0.19,-0.63
61.18,SmallCube,0.00,77.14,145.00,0.00,0.00,0.00,1.00
61.20,Main Camera,-0.16,117.61,84.28,-0.03,0.01,0.01,-1.00
61.20,R_Palm,19.36,88.36,123.16,-0.28,0.06,-0.26,0.92
61.20,R_ThumbTip,12.49,89.06,129.49,-0.18,-0.14,0.53,0.82
61.20,R_IndexTip,17.97,89.38,133.72,0.24,-0.01,-0.28,0.93
61.20,R_MiddleTip,17.35,85.49,131.64,0.63,-0.16,-0.30,0.69
61.20,R_RingTip,17.95,84.47,130.26,0.68,-0.27,-0.32,0.60
61.20,R_LittleTip,19.15,84.03,129.18,0.60,-0.30,-0.44,0.59
61.20,R_ThumbDistal,13.56,88.60,127.34,-0.18,-0.14,0.53,0.82
61.20,R_IndexIntermediate,18.60,91.10,129.48,0.19,-0.03,-0.27,0.94
61.20,R_MiddleIntermediate,20.08,89.38,129.74,0.47,-0.13,-0.28,0.83
61.20,R_RingIntermediate,21.34,87.79,129.04,0.49,-0.16,-0.35,0.78
61.20,R_LittleIntermediate,22.39,86.08,127.78,0.46,-0.15,-0.47,0.74
61.20,R_IndexProximal,18.23,90.78,125.75,-0.05,0.04,-0.25,0.97
61.20,R_MiddleProximal,20.29,89.99,125.53,0.08,0.00,-0.30,0.95
61.20,R_ThumbProximal,14.23,88.00,124.12,-0.13,-0.05,0.45,0.88
61.20,R_RingProximal,21.56,88.40,125.22,0.08,0.00,-0.35,0.93
61.20,L_LittleProximal,-5.64,57.77,95.53,-0.70,-0.28,-0.19,-0.63
61.20,SmallCube,0.00,77.14,145.00,0.00,0.00,0.00,1.00
61.21,Main Camera,-0.19,117.60,84.35,-0.03,0.01,0.01,-1.00
61.21,R_Palm,18.50,88.47,124.04,-0.26,0.06,-0.27,0.92
61.21,R_ThumbTip,11.55,89.11,130.28,-0.18,-0.15,0.52,0.82
61.21,R_IndexTip,17.01,89.27,134.59,0.25,-0.01,-0.29,0.92
61.21,R_MiddleTip,16.32,85.44,132.20,0.67,-0.17,-0.30,0.66
61.21,R_RingTip,16.94,84.49,130.82,0.70,-0.28,-0.32,0.57
61.21,R_LittleTip,18.12,84.06,129.79,0.63,-0.32,-0.43,0.56
61.21,R_ThumbDistal,12.65,88.68,128.15,-0.18,-0.15,0.52,0.82
61.21,R_IndexIntermediate,17.71,91.09,130.39,0.20,-0.03,-0.28,0.94
61.21,R_MiddleIntermediate,19.18,89.38,130.65,0.49,-0.14,-0.28,0.81
61.21,R_RingIntermediate,20.43,87.79,129.93,0.51,-0.17,-0.35,0.76
61.21,R_LittleIntermediate,21.46,86.08,128.65,0.48,-0.16,-0.47,0.72
61.21,R_IndexProximal,17.36,90.85,126.65,-0.04,0.04,-0.25,0.97
61.21,R_MiddleProximal,19.42,90.04,126.45,0.08,0.00,-0.30,0.95
61.21,R_ThumbProximal,13.36,88.14,124.92,-0.12,-0.06,0.45,0.88
61.21,R_RingProximal,20.68,88.45,126.13,0.09,0.00,-0.35,0.93
61.21,L_LittleProximal,-5.66,57.78,95.51,-0.70,-0.28,-0.19,-0.63
61.21,SmallCube,0.00,77.14,145.00,0.00,0.00,0.00,1.00
61.22,Main Camera,-0.23,117.60,84.43,-0.03,0.01,0.01,-1.00
61.22,R_Palm,17.53,88.35,124.98,-0.24,0.06,-0.28,0.93
61.22,R_ThumbTip,10.49,88.88,131.15,-0.17,-0.16,0.51,0.83
61.22,R_IndexTip,15.92,88.72,135.53,0.28,-0.02,-0.30,0.91
61.22,R_MiddleTip,15.13,85.03,132.72,0.70,-0.18,-0.30,0.62
61.22,R_RingTip,15.77,84.15,131.33,0.73,-0.29,-0.32,0.53
61.22,R_LittleTip,16.92,83.74,130.33,0.66,-0.33,-0.43,0.52
61.22,R_ThumbDistal,11.62,88.52,129.01,-0.17,-0.16,0.51,0.83
61.22,R_IndexIntermediate,16.72,90.70,131.43,0.22,-0.03,-0.29,0.93
61.22,R_MiddleIntermediate,18.16,88.97,131.64,0.53,-0.14,-0.29,0.79
61.22,R_RingIntermediate,19.38,87.38,130.87,0.54,-0.18,-0.36,0.74
61.22,R_LittleIntermediate,20.37,85.70,129.53,0.50,-0.17,-0.48,0.70
61.22,R_IndexProximal,16.41,90.64,127.68,-0.02,0.04,-0.26,0.96
61.22,R_MiddleProximal,18.44,89.79,127.47,0.10,0.00,-0.31,0.94
61.22,R_ThumbProximal,12.38,88.09,125.77,-0.11,-0.07,0.44,0.89
61.22,R_RingProximal,19.68,88.18,127.10,0.11,0.00,-0.36,0.92
61.22,L_LittleProximal,-5.66,57.78,95.50,-0.70,-0.28,-0.19,-0.63
61.22,SmallCube,0.00,77.14,145.00,0.00,0.00,0.00,1.00
61.24,Main Camera,-0.27,117.58,84.49,-0.03,0.01,0.01,-1.00
61.24,R_Palm,16.60,88.22,125.64,-0.23,0.06,-0.28,0.93
61.24,R_ThumbTip,9.49,88.63,131.73,-0.16,-0.18,0.50,0.83
61.24,R_IndexTip,14.90,88.28,136.17,0.29,-0.02,-0.30,0.91
61.24,R_MiddleTip,14.07,84.69,133.04,0.73,-0.19,-0.30,0.59
61.24,R_RingTip,14.72,83.89,131.53,0.76,-0.31,-0.31,0.48
61.24,R_LittleTip,15.85,83.52,130.57,0.69,-0.35,-0.42,0.47
61.24,R_ThumbDistal,10.64,88.32,129.60,-0.16,-0.18,0.50,0.83
61.24,R_IndexIntermediate,15.75,90.38,132.14,0.23,-0.03,-0.29,0.93
61.24,R_MiddleIntermediate,17.18,88.63,132.31,0.55,-0.15,-0.29,0.77
61.24,R_RingIntermediate,18.39,87.05,131.51,0.57,-0.19,-0.36,0.71
61.24,R_LittleIntermediate,19.37,85.41,130.13,0.53,-0.18,-0.48,0.68
61.24,R_IndexProximal,15.47,90.44,128.39,0.00,0.04,-0.27,0.96
61.24,R_MiddleProximal,17.50,89.58,128.17,0.12,0.00,-0.32,0.94
61.24,R_ThumbProximal,11.44,87.98,126.37,-0.10,-0.09,0.43,0.89
61.24,R_RingProximal,18.72,87.97,127.77,0.13,0.00,-0.37,0.92
61.24,L_LittleProximal,-5.66,57.78,95.51,-0.70,-0.28,-0.19,-0.63
61.24,SmallCube,0.00,77.14,145.00,0.00,0.00,0.00,1.00
61.25,Main Camera,-0.30,117.55,84.59,-0.04,0.01,0.01,-1.00
61.25,R_Palm,15.69,88.16,126.33,-0.21,0.06,-0.29,0.93
61.25,R_ThumbTip,8.51,88.49,132.36,-0.15,-0.19,0.49,0.84
61.25,R_IndexTip,13.90,87.98,136.84,0.30,-0.02,-0.31,0.90
61.25,R_MiddleTip,13.04,84.49,133.40,0.75,-0.20,-0.30,0.55
61.25,R_RingTip,13.72,83.76,131.84,0.78,-0.32,-0.30,0.44
61.25,R_LittleTip,14.83,83.41,130.91,0.71,-0.36,-0.41,0.43
61.25,R_ThumbDistal,9.69,88.22,130.23,-0.15,-0.19,0.49,0.84
61.25,R_IndexIntermediate,14.80,90.18,132.87,0.25,-0.03,-0.30,0.92
61.25,R_MiddleIntermediate,16.22,88.40,133.01,0.57,-0.16,-0.29,0.75
61.25,R_RingIntermediate,17.42,86.82,132.18,0.59,-0.20,-0.36,0.69
61.25,R_LittleIntermediate,18.39,85.22,130.78,0.55,-0.19,-0.48,0.66
61.25,R_IndexProximal,14.55,90.33,129.12,0.01,0.04,-0.27,0.96
61.25,R_MiddleProximal,16.58,89.46,128.91,0.13,0.00,-0.32,0.94
61.25,R_ThumbProximal,10.51,87.95,127.00,-0.09,-0.10,0.42,0.90
61.25,R_RingProximal,17.79,87.84,128.47,0.14,0.01,-0.37,0.92
61.25,L_LittleProximal,-5.66,57.77,95.53,-0.70,-0.28,-0.19,-0.63
61.25,SmallCube,0.00,77.14,145.00,0.00,0.00,0.00,1.00
61.27,Main Camera,-0.35,117.53,84.69,-0.04,0.01,0.01,-1.00
61.27,R_Palm,14.64,88.25,126.61,-0.21,0.06,-0.29,0.93
61.27,R_ThumbTip,7.42,88.53,132.60,-0.15,-0.19,0.49,0.84
61.27,R_IndexTip,12.84,87.97,137.13,0.31,-0.02,-0.31,0.90
61.27,R_MiddleTip,11.93,84.49,133.57,0.76,-0.20,-0.30,0.54
61.27,R_RingTip,12.63,83.83,131.84,0.80,-0.32,-0.30,0.41
61.27,R_LittleTip,13.73,83.49,130.96,0.73,-0.38,-0.41,0.40
61.27,R_ThumbDistal,8.61,88.28,130.48,-0.15,-0.19,0.49,0.84
61.27,R_IndexIntermediate,13.75,90.19,133.17,0.25,-0.03,-0.30,0.92
61.27,R_MiddleIntermediate,15.15,88.38,133.30,0.58,-0.16,-0.30,0.74
61.27,R_RingIntermediate,16.34,86.80,132.45,0.61,-0.20,-0.36,0.67
61.27,R_LittleIntermediate,17.30,85.22,131.03,0.57,-0.19,-0.48,0.64
61.27,R_IndexProximal,13.50,90.38,129.43,0.01,0.04,-0.28,0.96
61.27,R_MiddleProximal,15.52,89.50,129.21,0.14,0.00,-0.33,0.94
61.27,R_ThumbProximal,9.46,88.05,127.25,-0.08,-0.10,0.42,0.90
61.27,R_RingProximal,16.73,87.88,128.76,0.15,0.01,-0.38,0.91
61.27,L_LittleProximal,-5.65,57.74,95.51,-0.70,-0.28,-0.19,-0.63
61.27,SmallCube,0.00,77.14,145.00,0.00,0.00,0.00,1.00
61.28,Main Camera,-0.39,117.51,84.79,-0.04,0.01,0.01,-1.00
61.28,R_Palm,13.78,88.02,127.50,-0.20,0.06,-0.29,0.93
61.28,R_ThumbTip,6.53,88.17,133.48,-0.14,-0.20,0.49,0.84
61.28,R_IndexTip,11.99,87.62,138.01,0.31,-0.02,-0.31,0.90
61.28,R_MiddleTip,11.06,84.18,134.40,0.76,-0.20,-0.30,0.53
61.28,R_RingTip,11.70,83.56,132.31,0.82,-0.33,-0.29,0.37
61.28,R_LittleTip,12.84,83.24,131.66,0.74,-0.38,-0.40,0.38
61.28,R_ThumbDistal,7.73,87.96,131.36,-0.14,-0.20,0.49,0.84
61.28,R_IndexIntermediate,12.90,89.89,134.09,0.26,-0.03,-0.30,0.92
61.28,R_MiddleIntermediate,14.29,88.06,134.19,0.59,-0.16,-0.30,0.74
61.28,R_RingIntermediate,15.40,86.42,133.29,0.64,-0.21,-0.36,0.65
61.28,R_LittleIntermediate,16.42,84.93,131.88,0.58,-0.20,-0.48,0.63
61.28,R_IndexProximal,12.64,90.12,130.34,0.02,0.04,-0.28,0.96
61.28,R_MiddleProximal,14.66,89.24,130.11,0.15,0.00,-0.33,0.93
61.28,R_ThumbProximal,8.59,87.80,128.13,-0.08,-0.11,0.42,0.90
61.28,R_RingProximal,15.87,87.63,129.65,0.17,0.00,-0.38,0.91
61.28,L_LittleProximal,-5.66,57.74,95.49,-0.70,-0.28,-0.19,-0.63
61.28,SmallCube,0.00,77.14,145.00,0.00,0.00,0.00,1.00
61.29,Main Camera,-0.43,117.51,84.88,-0.04,0.01,0.01,-1.00
61.29,R_Palm,12.73,88.09,127.78,-0.20,0.06,-0.29,0.93
61.29,R_ThumbTip,5.41,88.14,133.73,-0.14,-0.21,0.49,0.84
61.29,R_IndexTip,10.93,87.65,138.29,0.31,-0.02,-0.31,0.90
61.29,R_MiddleTip,9.94,84.17,134.54,0.77,-0.20,-0.30,0.52
61.29,R_RingTip,10.54,83.62,132.13,0.84,-0.34,-0.28,0.32
61.29,R_LittleTip,11.70,83.30,131.72,0.75,-0.39,-0.39,0.36
61.29,R_ThumbDistal,6.62,87.96,131.62,-0.14,-0.21,0.49,0.84
61.29,R_IndexIntermediate,11.85,89.93,134.37,0.26,-0.03,-0.30,0.92
61.29,R_MiddleIntermediate,13.19,88.04,134.45,0.59,-0.16,-0.30,0.73
61.29,R_RingIntermediate,14.21,86.33,133.50,0.66,-0.22,-0.35,0.62
61.29,R_LittleIntermediate,15.28,84.92,132.13,0.59,-0.20,-0.47,0.62
61.29,R_IndexProximal,11.59,90.18,130.63,0.02,0.04,-0.28,0.96
61.29,R_MiddleProximal,13.61,89.29,130.40,0.16,0.00,-0.33,0.93
61.29,R_ThumbProximal,7.51,87.84,128.39,-0.07,-0.11,0.42,0.90
61.29,R_RingProximal,14.81,87.68,129.93,0.19,0.00,-0.38,0.90
61.29,L_LittleProximal,-5.65,57.75,95.50,-0.70,-0.28,-0.19,-0.63
61.29,SmallCube,0.00,77.14,145.00,0.00,0.00,0.00,1.00
61.31,Main Camera,-0.48,117.50,84.97,-0.04,0.01,0.01,-1.00
61.31,R_Palm,11.93,87.89,128.27,-0.19,0.07,-0.29,0.93
61.31,R_ThumbTip,4.52,87.76,134.19,-0.13,-0.22,0.49,0.84
61.31,R_IndexTip,10.15,87.31,138.79,0.32,-0.01,-0.32,0.89
61.31,R_MiddleTip,9.01,83.81,134.78,0.78,-0.20,-0.30,0.50
61.31,R_RingTip,9.64,83.38,132.21,0.85,-0.35,-0.27,0.28
61.31,R_LittleTip,10.80,83.08,131.93,0.76,-0.40,-0.39,0.33
61.31,R_ThumbDistal,5.76,87.65,132.09,-0.13,-0.22,0.49,0.84
61.31,R_IndexIntermediate,11.06,89.63,134.89,0.26,-0.02,-0.31,0.91
61.31,R_MiddleIntermediate,12.30,87.64,134.90,0.61,-0.16,-0.30,0.71
61.31,R_RingIntermediate,13.28,85.93,133.91,0.69,-0.23,-0.35,0.59
61.31,R_LittleIntermediate,14.38,84.59,132.55,0.61,-0.21,-0.47,0.60
61.31,R_IndexProximal,10.80,89.94,131.16,0.03,0.04,-0.28,0.96
61.31,R_MiddleProximal,12.81,89.04,130.91,0.18,0.00,-0.33,0.93
61.31,R_ThumbProximal,6.68,87.62,128.87,-0.06,-0.12,0.42,0.90
61.31,R_RingProximal,14.00,87.43,130.42,0.22,-0.01,-0.38,0.90
61.31,L_LittleProximal,-5.65,57.76,95.48,-0.70,-0.28,-0.19,-0.63
61.31,SmallCube,0.00,77.14,145.00,0.00,0.00,0.00,1.00
61.32,Main Camera,-0.53,117.48,85.06,-0.04,0.01,0.01,-1.00
61.32,R_Palm,11.44,87.58,129.20,-0.18,0.07,-0.29,0.94
61.32,R_ThumbTip,3.97,87.22,135.09,-0.12,-0.23,0.49,0.83
61.32,R_IndexTip,9.70,86.83,139.72,0.32,-0.01,-0.31,0.89
61.32,R_MiddleTip,8.38,83.31,135.04,0.82,-0.21,-0.29,0.45
61.32,R_RingTip,9.14,83.06,132.61,0.87,-0.35,-0.26,0.23
61.32,R_LittleTip,10.28,82.80,132.42,0.79,-0.41,-0.37,0.28
61.32,R_ThumbDistal,5.23,87.17,133.00,-0.12,-0.23,0.49,0.83
61.32,R_IndexIntermediate,10.57,89.21,135.85,0.27,-0.02,-0.31,0.91
61.32,R_MiddleIntermediate,11.67,87.06,135.74,0.65,-0.17,-0.29,0.68
61.32,R_RingIntermediate,12.66,85.42,134.71,0.72,-0.24,-0.34,0.56
61.32,R_LittleIntermediate,13.82,84.18,133.40,0.64,-0.22,-0.46,0.57
61.32,R_IndexProximal,10.30,89.58,132.12,0.04,0.05,-0.28,0.96
61.32,R_MiddleProximal,12.32,88.70,131.86,0.21,-0.01,-0.33,0.92
61.32,R_ThumbProximal,6.17,87.23,129.79,-0.05,-0.13,0.43,0.89
61.32,R_RingProximal,13.51,87.11,131.34,0.25,-0.02,-0.38,0.89
61.32,L_LittleProximal,-5.65,57.78,95.47,-0.70,-0.28,-0.20,-0.63
61.32,SmallCube,0.00,77.14,145.00,0.00,0.00,0.00,1.00
61.33,Main Camera,-0.58,117.47,85.16,-0.04,0.02,0.01,-1.00
61.33,R_Palm,10.85,87.35,130.07,-0.18,0.07,-0.29,0.94
61.33,R_ThumbTip,3.33,86.74,135.92,-0.11,-0.24,0.49,0.83
61.33,R_IndexTip,9.16,86.42,140.59,0.33,0.00,-0.31,0.89
61.33,R_MiddleTip,7.74,82.96,135.38,0.84,-0.21,-0.28,0.41
61.33,R_RingTip,8.58,82.86,133.03,0.88,-0.35,-0.25,0.19
61.33,R_LittleTip,9.71,82.60,132.91,0.80,-0.41,-0.36,0.23
61.33,R_ThumbDistal,4.61,86.76,133.84,-0.11,-0.24,0.49,0.83
61.33,R_IndexIntermediate,9.99,88.85,136.74,0.27,-0.01,-0.31,0.91
61.33,R_MiddleIntermediate,11.00,86.61,136.53,0.68,-0.18,-0.29,0.65
61.33,R_RingIntermediate,11.99,85.01,135.47,0.74,-0.24,-0.33,0.53
61.33,R_LittleIntermediate,13.18,83.86,134.17,0.67,-0.23,-0.46,0.55
61.33,R_IndexProximal,9.70,89.29,133.02,0.05,0.05,-0.28,0.96
61.33,R_MiddleProximal,11.72,88.43,132.75,0.24,-0.01,-0.33,0.92
61.33,R_ThumbProximal,5.57,86.92,130.64,-0.04,-0.14,0.43,0.89
61.33,R_RingProximal,12.93,86.85,132.20,0.28,-0.02,-0.38,0.88
61.33,L_LittleProximal,-5.64,57.79,95.46,-0.70,-0.28,-0.20,-0.63
61.33,SmallCube,0.00,77.14,145.00,0.00,0.00,0.00,1.00
61.35,Main Camera,-0.65,117.47,85.29,-0.04,0.02,0.01,-1.00
61.35,R_Palm,10.44,86.82,130.76,-0.17,0.07,-0.28,0.94
61.35,R_ThumbTip,2.89,85.98,136.56,-0.10,-0.25,0.50,0.83
61.35,R_IndexTip,8.72,85.74,141.26,0.33,0.00,-0.30,0.89
61.35,R_MiddleTip,7.32,82.43,135.31,0.88,-0.21,-0.25,0.34
61.35,R_RingTip,8.30,82.46,133.19,0.90,-0.35,-0.22,0.13
61.35,R_LittleTip,9.39,82.19,133.14,0.82,-0.42,-0.33,0.17
61.35,R_ThumbDistal,4.18,86.05,134.49,-0.10,-0.25,0.50,0.83
61.35,R_IndexIntermediate,9.52,88.23,137.44,0.28,-0.01,-0.30,0.91
61.35,R_MiddleIntermediate,10.46,85.88,137.11,0.72,-0.18,-0.27,0.61
61.35,R_RingIntermediate,11.49,84.35,136.05,0.77,-0.25,-0.32,0.50
61.35,R_LittleIntermediate,12.72,83.27,134.79,0.70,-0.24,-0.44,0.51
61.35,R_IndexProximal,9.24,88.71,133.72,0.05,0.05,-0.27,0.96
61.35,R_MiddleProximal,11.28,87.89,133.45,0.26,-0.01,-0.32,0.91
61.35,R_ThumbProximal,5.16,86.27,131.29,-0.04,-0.15,0.44,0.89
61.35,R_RingProximal,12.52,86.34,132.89,0.30,-0.02,-0.37,0.88
61.35,L_LittleProximal,-5.64,57.82,95.45,-0.70,-0.28,-0.20,-0.63
61.35,SmallCube,0.00,77.14,145.00,0.00,0.00,0.00,1.00
61.36,Main Camera,-0.72,117.46,85.41,-0.04,0.02,0.01,-1.00
61.36,R_Palm,9.89,86.39,131.00,-0.17,0.06,-0.27,0.95
61.36,R_ThumbTip,2.33,85.38,136.77,-0.10,-0.25,0.51,0.82
61.36,R_IndexTip,8.15,85.23,141.49,0.33,0.01,-0.29,0.90
61.36,R_MiddleTip,6.84,82.10,134.99,0.91,-0.21,-0.23,0.28
61.36,R_RingTip,7.92,82.20,133.01,0.91,-0.35,-0.20,0.07
61.36,R_LittleTip,8.95,81.89,133.01,0.84,-0.43,-0.31,0.12
61.36,R_ThumbDistal,3.63,85.48,134.71,-0.10,-0.25,0.51,0.82
61.36,R_IndexIntermediate,8.92,87.75,137.68,0.28,-0.01,-0.29,0.92
61.36,R_MiddleIntermediate,9.83,85.33,137.28,0.75,-0.19,-0.25,0.58
61.36,R_RingIntermediate,10.88,83.85,136.20,0.80,-0.25,-0.30,0.46
61.36,R_LittleIntermediate,12.12,82.81,134.98,0.72,-0.25,-0.42,0.48
61.36,R_IndexProximal,8.64,88.25,133.97,0.05,0.05,-0.26,0.96
61.36,R_MiddleProximal,10.70,87.47,133.70,0.28,-0.02,-0.31,0.91
61.36,R_ThumbProximal,4.62,85.73,131.52,-0.03,-0.15,0.45,0.88
61.36,R_RingProximal,11.97,85.95,133.14,0.32,-0.03,-0.36,0.88
61.36,L_LittleProximal,-5.65,57.82,95.43,-0.70,-0.28,-0.20,-0.63
61.36,SmallCube,0.00,77.14,145.00,0.00,0.00,0.00,1.00
61.38,Main Camera,-0.78,117.46,85.54,-0.04,0.02,0.01,-1.00
61.38,R_Palm,9.36,85.78,131.54,-0.17,0.06,-0.27,0.95
61.38,R_ThumbTip,1.78,84.69,137.27,-0.10,-0.25,0.50,0.82
61.38,R_IndexTip,7.61,84.52,142.01,0.33,0.01,-0.29,0.90
61.38,R_MiddleTip,6.33,81.66,134.84,0.93,-0.22,-0.21,0.21
61.38,R_RingTip,7.52,81.85,133.04,0.92,-0.35,-0.18,0.00
61.38,R_LittleTip,8.48,81.48,133.07,0.85,-0.44,-0.28,0.05
61.38,R_ThumbDistal,3.09,84.81,135.22,-0.10,-0.25,0.50,0.82
61.38,R_IndexIntermediate,8.36,87.07,138.23,0.29,-0.01,-0.29,0.91
61.38,R_MiddleIntermediate,9.16,84.52,137.68,0.78,-0.20,-0.24,0.54
61.38,R_RingIntermediate,10.21,83.08,136.57,0.82,-0.26,-0.29,0.42
61.38,R_LittleIntermediate,11.44,82.09,135.38,0.75,-0.26,-0.41,0.44
61.38,R_IndexProximal,8.10,87.61,134.51,0.06,0.05,-0.26,0.96
61.38,R_MiddleProximal,10.16,86.84,134.25,0.31,-0.02,-0.31,0.90
61.38,R_ThumbProximal,4.09,85.10,132.03,-0.03,-0.15,0.45,0.88
61.38,R_RingProximal,11.44,85.33,133.68,0.35,-0.04,-0.36,0.87
61.38,L_LittleProximal,-5.67,57.82,95.43,-0.70,-0.28,-0.20,-0.63
61.38,SmallCube,0.00,77.14,145.00,0.00,0.00,0.00,1.00
61.39,Main Camera,-0.84,117.44,85.64,-0.04,0.02,0.01,-1.00
61.39,R_Palm,8.78,85.62,131.67,-0.16,0.07,-0.27,0.95
61.39,R_ThumbTip,1.18,84.50,137.39,-0.10,-0.26,0.50,0.82
61.39,R_IndexTip,7.07,84.23,142.15,0.33,0.01,-0.30,0.89
61.39,R_MiddleTip,5.79,81.79,134.28,0.95,-0.23,-0.19,0.12
61.39,R_RingTip,7.05,81.99,132.66,0.92,-0.36,-0.16,-0.08
61.39,R_LittleTip,7.96,81.54,132.74,0.85,-0.45,-0.26,-0.02
61.39,R_ThumbDistal,2.51,84.64,135.35,-0.10,-0.26,0.50,0.82
61.39,R_IndexIntermediate,7.81,86.81,138.38,0.29,0.00,-0.29,0.91
61.39,R_MiddleIntermediate,8.46,84.12,137.65,0.82,-0.21,-0.24,0.48
61.39,R_RingIntermediate,9.46,82.70,136.48,0.85,-0.27,-0.28,0.36
61.39,R_LittleIntermediate,10.68,81.77,135.35,0.78,-0.28,-0.40,0.39
61.39,R_IndexProximal,7.53,87.41,134.68,0.07,0.06,-0.26,0.96
61.39,R_MiddleProximal,9.59,86.63,134.40,0.34,-0.03,-0.31,0.89
61.39,R_ThumbProximal,3.51,84.97,132.17,-0.02,-0.16,0.44,0.88
61.39,R_RingProximal,10.85,85.11,133.80,0.39,-0.05,-0.36,0.85
61.39,L_LittleProximal,-5.68,57.81,95.43,-0.70,-0.28,-0.20,-0.63
61.39,SmallCube,0.00,77.14,145.00,0.00,0.00,0.00,1.00
61.40,Main Camera,-0.90,117.42,85.75,-0.04,0.02,0.01,-1.00
61.40,R_Palm,8.21,85.27,131.91,-0.14,0.07,-0.28,0.95
61.40,R_ThumbTip,0.53,84.12,137.54,-0.09,-0.27,0.48,0.83
61.40,R_IndexTip,6.49,83.53,142.34,0.34,0.02,-0.31,0.89
61.40,R_MiddleTip,5.24,81.75,133.83,0.95,-0.24,-0.17,0.03
61.40,R_RingTip,6.56,81.95,132.33,0.91,-0.37,-0.14,-0.16
61.40,R_LittleTip,7.42,81.42,132.44,0.85,-0.46,-0.24,-0.11
61.40,R_ThumbDistal,1.91,84.28,135.53,-0.09,-0.27,0.48,0.83
61.40,R_IndexIntermediate,7.26,86.21,138.65,0.31,0.00,-0.30,0.90
61.40,R_MiddleIntermediate,7.70,83.42,137.65,0.85,-0.23,-0.23,0.41
61.40,R_RingIntermediate,8.63,82.04,136.38,0.87,-0.29,-0.27,0.29
61.40,R_LittleIntermediate,9.85,81.17,135.30,0.81,-0.30,-0.39,0.32
61.40,R_IndexProximal,7.00,86.97,134.98,0.09,0.06,-0.27,0.96
61.40,R_MiddleProximal,9.03,86.15,134.67,0.39,-0.04,-0.32,0.86
61.40,R_ThumbProximal,2.93,84.71,132.37,-0.01,-0.17,0.43,0.89
61.40,R_RingProximal,10.27,84.63,134.03,0.44,-0.06,-0.37,0.82
61.40,L_LittleProximal,-5.68,57.80,95.42,-0.70,-0.28,-0.20,-0.63
61.40,SmallCube,0.00,77.14,145.00,0.00,0.00,0.00,1.00
61.42,Main Camera,-0.96,117.40,85.87,-0.04,0.02,0.01,-1.00
61.42,R_Palm,7.62,84.91,132.23,-0.12,0.08,-0.29,0.95
61.42,R_ThumbTip,-0.14,83.73,137.77,-0.09,-0.29,0.47,0.83
61.42,R_IndexTip,5.87,82.82,142.60,0.35,0.03,-0.32,0.88
61.42,R_MiddleTip,4.67,81.69,133.68,0.95,-0.25,-0.15,-0.05
61.42,R_RingTip,6.06,81.87,132.31,0.89,-0.38,-0.12,-0.23
61.42,R_LittleTip,6.88,81.27,132.41,0.84,-0.47,-0.22,-0.17
61.42,R_ThumbDistal,1.27,83.92,135.79,-0.09,-0.29,0.47,0.83
61.42,R_IndexIntermediate,6.68,85.62,139.00,0.33,0.00,-0.31,0.89
61.42,R_MiddleIntermediate,6.96,82.78,137.77,0.87,-0.25,-0.23,0.36
61.42,R_RingIntermediate,7.85,81.46,136.44,0.88,-0.30,-0.26,0.23
61.42,R_LittleIntermediate,9.05,80.63,135.38,0.83,-0.32,-0.38,0.26
61.42,R_IndexProximal,6.43,86.53,135.36,0.11,0.07,-0.28,0.95
61.42,R_MiddleProximal,8.44,85.68,135.03,0.42,-0.04,-0.33,0.85
61.42,R_ThumbProximal,2.32,84.44,132.65,0.00,-0.18,0.42,0.89
61.42,R_RingProximal,9.65,84.16,134.33,0.47,-0.07,-0.37,0.80
61.42,L_LittleProximal,-5.69,57.79,95.41,-0.70,-0.28,-0.20,-0.63
61.42,SmallCube,0.00,77.14,145.00,0.00,0.00,0.00,1.00
61.43,Main Camera,-1.02,117.38,85.99,-0.04,0.02,0.01,-1.00
61.43,R_Palm,7.50,84.29,133.35,-0.10,0.09,-0.29,0.95
61.43,R_ThumbTip,-0.22,82.95,138.91,-0.07,-0.29,0.46,0.84
61.43,R_IndexTip,5.86,81.81,143.65,0.36,0.04,-0.33,0.87
61.43,R_MiddleTip,4.63,81.35,134.39,0.95,-0.26,-0.15,-0.12
61.43,R_RingTip,6.00,81.46,133.12,0.87,-0.38,-0.11,-0.28
61.43,R_LittleTip,6.85,80.87,133.17,0.82,-0.48,-0.21,-0.24
61.43,R_ThumbDistal,1.18,83.20,136.93,-0.07,-0.29,0.46,0.84
61.43,R_IndexIntermediate,6.64,84.72,140.14,0.35,0.01,-0.32,0.88
61.43,R_MiddleIntermediate,6.75,81.87,138.65,0.89,-0.25,-0.23,0.30
61.43,R_RingIntermediate,7.61,80.62,137.24,0.89,-0.31,-0.27,0.19
61.43,R_LittleIntermediate,8.77,79.83,136.19,0.84,-0.33,-0.38,0.21
61.43,R_IndexProximal,6.35,85.80,136.55,0.13,0.08,-0.29,0.95
61.43,R_MiddleProximal,8.36,84.93,136.17,0.45,-0.04,-0.34,0.82
61.43,R_ThumbProximal,2.21,83.84,133.81,0.02,-0.18,0.41,0.89
61.43,R_RingProximal,9.53,83.42,135.40,0.51,-0.07,-0.38,0.77
61.43,L_LittleProximal,-5.71,57.80,95.40,-0.70,-0.28,-0.20,-0.63
61.43,SmallCube,0.00,77.14,145.00,0.00,0.00,0.00,1.00
61.45,Main Camera,-1.08,117.37,86.10,-0.04,0.02,0.01,-1.00
61.45,R_Palm,7.36,83.52,134.58,-0.09,0.09,-0.29,0.95
61.45,R_ThumbTip,-0.37,82.05,140.10,-0.07,-0.30,0.45,0.84
61.45,R_IndexTip,5.81,80.87,144.87,0.36,0.05,-0.33,0.87
61.45,R_MiddleTip,4.55,80.74,135.35,0.94,-0.26,-0.14,-0.16
61.45,R_RingTip,5.93,80.84,134.12,0.86,-0.38,-0.10,-0.32
61.45,R_LittleTip,6.82,80.28,134.14,0.81,-0.48,-0.19,-0.28
61.45,R_ThumbDistal,1.05,82.33,138.13,-0.07,-0.30,0.45,0.84
61.45,R_IndexIntermediate,6.52,83.81,141.37,0.35,0.02,-0.32,0.88
61.45,R_MiddleIntermediate,6.53,80.93,139.69,0.90,-0.26,-0.23,0.27
61.45,R_RingIntermediate,7.37,79.74,138.23,0.90,-0.31,-0.26,0.16
61.45,R_LittleIntermediate,8.51,78.99,137.20,0.85,-0.33,-0.36,0.16
61.45,R_IndexProximal,6.21,84.96,137.80,0.14,0.08,-0.29,0.94
61.45,R_MiddleProximal,8.22,84.11,137.41,0.48,-0.05,-0.34,0.81
61.45,R_ThumbProximal,2.08,83.04,135.02,0.03,-0.19,0.41,0.89
61.45,R_RingProximal,9.40,82.62,136.61,0.53,-0.08,-0.38,0.75
61.45,L_LittleProximal,-5.71,57.81,95.40,-0.70,-0.28,-0.20,-0.63
61.45,SmallCube,0.00,77.14,145.00,0.00,0.00,0.00,1.00
61.46,Main Camera,-1.13,117.34,86.21,-0.04,0.03,0.01,-1.00
61.46,R_Palm,7.20,83.02,134.84,-0.09,0.08,-0.29,0.95
61.46,R_ThumbTip,-0.59,81.50,140.27,-0.07,-0.31,0.46,0.83
61.46,R_IndexTip,5.63,80.39,145.15,0.36,0.05,-0.32,0.88
61.46,R_MiddleTip,4.42,80.30,135.44,0.94,-0.26,-0.13,-0.17
61.46,R_RingTip,5.85,80.44,134.23,0.86,-0.37,-0.09,-0.34
61.46,R_LittleTip,6.74,79.88,134.27,0.81,-0.47,-0.18,-0.31
61.46,R_ThumbDistal,0.86,81.78,138.33,-0.07,-0.31,0.46,0.83
61.46,R_IndexIntermediate,6.30,83.30,141.62,0.35,0.02,-0.32,0.88
61.46,R_MiddleIntermediate,6.28,80.39,139.83,0.90,-0.26,-0.22,0.26
61.46,R_RingIntermediate,7.14,79.22,138.36,0.91,-0.31,-0.25,0.14
61.46,R_LittleIntermediate,8.27,78.49,137.36,0.86,-0.34,-0.35,0.14
61.46,R_IndexProximal,6.01,84.46,138.05,0.14,0.08,-0.28,0.95
61.46,R_MiddleProximal,8.02,83.61,137.68,0.49,-0.05,-0.33,0.80
61.46,R_ThumbProximal,1.92,82.49,135.23,0.03,-0.19,0.41,0.89
61.46,R_RingProximal,9.22,82.13,136.89,0.55,-0.09,-0.37,0.74
61.46,L_LittleProximal,-5.72,57.81,95.38,-0.70,-0.28,-0.20,-0.63
61.46,SmallCube,0.00,77.14,145.00,0.00,0.00,0.00,1.00
61.47,Main Camera,-1.19,117.31,86.31,-0.05,0.03,0.01,-1.00
61.47,R_Palm,7.01,82.69,135.44,-0.09,0.08,-0.28,0.95
61.47,R_ThumbTip,-0.80,81.06,140.82,-0.07,-0.31,0.46,0.83
61.47,R_IndexTip,5.41,80.04,145.74,0.36,0.05,-0.32,0.88
61.47,R_MiddleTip,4.26,79.95,136.01,0.94,-0.25,-0.12,-0.18
61.47,R_RingTip,5.72,80.15,134.77,0.86,-0.37,-0.09,-0.35
61.47,R_LittleTip,6.63,79.62,134.78,0.81,-0.46,-0.17,-0.32
61.47,R_ThumbDistal,0.66,81.36,138.89,-0.07,-0.31,0.46,0.83
61.47,R_IndexIntermediate,6.06,82.96,142.21,0.35,0.02,-0.31,0.89
61.47,R_MiddleIntermediate,6.08,80.04,140.41,0.91,-0.25,-0.22,0.25
61.47,R_RingIntermediate,6.94,78.89,138.90,0.91,-0.31,-0.24,0.13
61.47,R_LittleIntermediate,8.07,78.17,137.90,0.87,-0.34,-0.34,0.13
61.47,R_IndexProximal,5.77,84.11,138.64,0.14,0.08,-0.27,0.95
61.47,R_MiddleProximal,7.80,83.30,138.29,0.50,-0.05,-0.32,0.80
61.47,R_ThumbProximal,1.73,82.08,135.80,0.03,-0.19,0.42,0.89
61.47,R_RingProximal,9.02,81.83,137.51,0.56,-0.09,-0.36,0.74
61.47,L_LittleProximal,-5.74,57.79,95.38,-0.70,-0.28,-0.20,-0.63
61.47,SmallCube,0.00,77.14,145.00,0.00,0.00,0.00,1.00
61.49,Main Camera,-1.27,117.28,86.42,-0.05,0.03,0.01,-1.00
61.49,R_Palm,6.76,82.58,135.34,-0.09,0.07,-0.27,0.95
61.49,R_ThumbTip,-1.08,80.85,140.65,-0.08,-0.31,0.47,0.82
61.49,R_IndexTip,5.12,79.96,145.62,0.35,0.05,-0.31,0.88
61.49,R_MiddleTip,4.06,79.80,135.89,0.95,-0.24,-0.12,-0.17
61.49,R_RingTip,5.53,80.01,134.67,0.87,-0.36,-0.09,-0.34
61.49,R_LittleTip,6.47,79.52,134.67,0.81,-0.46,-0.17,-0.32
61.49,R_ThumbDistal,0.40,81.16,138.74,-0.08,-0.31,0.47,0.82
61.49,R_IndexIntermediate,5.75,82.87,142.09,0.35,0.02,-0.30,0.89
61.49,R_MiddleIntermediate,5.84,79.95,140.31,0.91,-0.25,-0.21,0.26
61.49,R_RingIntermediate,6.74,78.81,138.82,0.91,-0.30,-0.23,0.14
61.49,R_LittleIntermediate,7.87,78.11,137.81,0.87,-0.33,-0.33,0.13
61.49,R_IndexProximal,5.47,84.01,138.51,0.14,0.08,-0.26,0.95
61.49,R_MiddleProximal,7.52,83.23,138.18,0.50,-0.05,-0.31,0.81
61.49,R_ThumbProximal,1.50,81.87,135.65,0.02,-0.20,0.43,0.88
61.49,R_RingProximal,8.78,81.79,137.43,0.56,-0.09,-0.35,0.75
61.49,L_LittleProximal,-5.76,57.78,95.39,-0.70,-0.28,-0.20,-0.63
61.49,SmallCube,0.00,77.14,145.00,0.00,0.00,0.00,1.00
61.50,Main Camera,-1.34,117.26,86.54,-0.05,0.03,0.01,-1.00
61.50,R_Palm,6.48,82.46,135.36,-0.10,0.07,-0.27,0.96
61.50,R_ThumbTip,-1.39,80.62,140.61,-0.08,-0.32,0.48,0.81
61.50,R_IndexTip,4.79,79.83,145.63,0.36,0.05,-0.30,0.89
61.50,R_MiddleTip,3.82,79.65,135.91,0.95,-0.23,-0.12,-0.17
61.50,R_RingTip,5.31,79.88,134.69,0.87,-0.35,-0.09,-0.34
61.50,R_LittleTip,6.28,79.44,134.66,0.82,-0.45,-0.16,-0.33
61.50,R_ThumbDistal,0.11,80.94,138.71,-0.08,-0.32,0.48,0.81
61.50,R_IndexIntermediate,5.39,82.76,142.10,0.35,0.02,-0.29,0.89
61.50,R_MiddleIntermediate,5.56,79.85,140.34,0.91,-0.24,-0.20,0.26
61.50,R_RingIntermediate,6.50,78.71,138.86,0.92,-0.29,-0.23,0.14
61.50,R_LittleIntermediate,7.63,78.03,137.83,0.88,-0.32,-0.32,0.13
61.50,R_IndexProximal,5.13,83.89,138.52,0.14,0.07,-0.26,0.95
61.50,R_MiddleProximal,7.20,83.15,138.21,0.50,-0.05,-0.30,0.81
61.50,R_ThumbProximal,1.23,81.65,135.63,0.02,-0.20,0.44,0.88
61.50,R_RingProximal,8.49,81.72,137.48,0.56,-0.09,-0.34,0.75
61.50,L_LittleProximal,-5.79,57.76,95.40,-0.70,-0.28,-0.20,-0.63
61.50,SmallCube,0.00,77.14,145.00,0.00,0.00,0.00,1.00
61.52,Main Camera,-1.39,117.24,86.63,-0.05,0.03,0.01,-1.00
61.52,R_Palm,6.20,82.47,134.96,-0.10,0.07,-0.26,0.96
61.52,R_ThumbTip,-1.69,80.60,140.19,-0.08,-0.32,0.48,0.81
61.52,R_IndexTip,4.53,79.86,145.23,0.35,0.05,-0.29,0.89
61.52,R_MiddleTip,3.56,79.64,135.51,0.95,-0.23,-0.12,-0.17
61.52,R_RingTip,5.05,79.88,134.29,0.87,-0.34,-0.09,-0.34
61.52,R_LittleTip,6.04,79.46,134.26,0.82,-0.44,-0.16,-0.33
61.52,R_ThumbDistal,-0.18,80.91,138.30,-0.08,-0.32,0.48,0.81
61.52,R_IndexIntermediate,5.10,82.78,141.69,0.35,0.02,-0.29,0.89
61.52,R_MiddleIntermediate,5.30,79.86,139.94,0.91,-0.23,-0.20,0.26
61.52,R_RingIntermediate,6.24,78.74,138.47,0.92,-0.29,-0.23,0.14
61.52,R_LittleIntermediate,7.37,78.06,137.44,0.88,-0.32,-0.32,0.13
61.52,R_IndexProximal,4.82,83.89,138.11,0.14,0.07,-0.25,0.96
61.52,R_MiddleProximal,6.90,83.18,137.81,0.50,-0.05,-0.30,0.81
61.52,R_ThumbProximal,0.96,81.60,135.22,0.02,-0.20,0.44,0.87
61.52,R_RingProximal,8.21,81.76,137.09,0.56,-0.09,-0.34,0.75
61.52,L_LittleProximal,-5.80,57.71,95.39,-0.70,-0.28,-0.20,-0.63
61.52,SmallCube,0.00,77.14,145.00,0.00,0.00,0.00,1.00
61.53,Main Camera,-1.44,117.22,86.72,-0.05,0.03,0.01,-1.00
61.53,R_Palm,5.87,82.40,134.63,-0.10,0.07,-0.26,0.96
61.53,R_ThumbTip,-2.03,80.56,139.87,-0.09,-0.32,0.48,0.81
61.53,R_IndexTip,4.23,79.80,144.90,0.35,0.05,-0.29,0.89
61.53,R_MiddleTip,3.22,79.58,135.19,0.95,-0.23,-0.12,-0.17
61.53,R_RingTip,4.72,79.82,133.97,0.87,-0.34,-0.09,-0.34
61.53,R_LittleTip,5.71,79.40,133.92,0.82,-0.44,-0.16,-0.33
61.53,R_ThumbDistal,-0.52,80.86,137.98,-0.09,-0.32,0.48,0.81
61.53,R_IndexIntermediate,4.79,82.72,141.36,0.34,0.02,-0.29,0.89
61.53,R_MiddleIntermediate,4.97,79.80,139.62,0.91,-0.23,-0.20,0.26
61.53,R_RingIntermediate,5.91,78.67,138.14,0.92,-0.29,-0.23,0.14
61.53,R_LittleIntermediate,7.03,77.99,137.10,0.88,-0.32,-0.31,0.12
61.53,R_IndexProximal,4.50,83.83,137.78,0.13,0.08,-0.25,0.96
61.53,R_MiddleProximal,6.57,83.12,137.48,0.50,-0.05,-0.30,0.81
61.53,R_ThumbProximal,0.62,81.54,134.90,0.01,-0.20,0.44,0.87
61.53,R_RingProximal,7.88,81.70,136.76,0.56,-0.09,-0.34,0.75
61.53,L_LittleProximal,-5.83,57.68,95.38,-0.70,-0.28,-0.20,-0.63
61.53,SmallCube,0.00,77.14,145.00,0.00,0.00,0.00,1.00
61.54,Main Camera,-1.48,117.20,86.80,-0.05,0.03,0.02,-1.00
61.54,R_Palm,5.63,82.25,134.76,-0.10,0.07,-0.26,0.96
61.54,R_ThumbTip,-2.28,80.42,139.99,-0.09,-0.32,0.48,0.81
61.54,R_IndexTip,4.03,79.62,145.01,0.35,0.05,-0.30,0.89
61.54,R_MiddleTip,2.98,79.45,135.29,0.95,-0.23,-0.12,-0.17
61.54,R_RingTip,4.48,79.68,134.07,0.87,-0.34,-0.09,-0.34
61.54,R_LittleTip,5.48,79.28,134.00,0.82,-0.44,-0.15,-0.33
61.54,R_ThumbDistal,-0.76,80.72,138.10,-0.09,-0.32,0.48,0.81
61.54,R_IndexIntermediate,4.58,82.56,141.47,0.35,0.02,-0.29,0.89
61.54,R_MiddleIntermediate,4.73,79.64,139.71,0.91,-0.24,-0.20,0.26
61.54,R_RingIntermediate,5.67,78.52,138.24,0.92,-0.29,-0.23,0.14
61.54,R_LittleIntermediate,6.77,77.83,137.19,0.89,-0.33,-0.31,0.12
61.54,R_IndexProximal,4.26,83.68,137.90,0.14,0.08,-0.25,0.95
61.54,R_MiddleProximal,6.34,82.96,137.60,0.50,-0.05,-0.30,0.81
61.54,R_ThumbProximal,0.39,81.39,135.03,0.01,-0.20,0.44,0.87
61.54,R_RingProximal,7.65,81.54,136.88,0.56,-0.09,-0.34,0.75
61.54,L_LittleProximal,-5.85,57.69,95.38,-0.70,-0.28,-0.20,-0.63
61.54,SmallCube,0.00,77.14,145.00,0.00,0.00,0.00,1.00
61.56,Main Camera,-1.53,117.18,86.91,-0.05,0.03,0.02,-1.00
61.56,R_Palm,5.62,82.22,134.77,-0.10,0.07,-0.26,0.96
61.56,R_ThumbTip,-2.33,80.42,140.00,-0.09,-0.32,0.48,0.81
61.56,R_IndexTip,4.06,79.59,145.03,0.35,0.06,-0.30,0.89
61.56,R_MiddleTip,2.96,79.46,135.26,0.95,-0.23,-0.12,-0.18
61.56,R_RingTip,4.47,79.68,134.05,0.87,-0.34,-0.08,-0.35
61.56,R_LittleTip,5.47,79.28,133.97,0.82,-0.44,-0.15,-0.34
61.56,R_ThumbDistal,-0.80,80.71,138.12,-0.09,-0.32,0.48,0.81
61.56,R_IndexIntermediate,4.58,82.52,141.49,0.35,0.03,-0.29,0.89
61.56,R_MiddleIntermediate,4.70,79.60,139.69,0.92,-0.24,-0.20,0.26
61.56,R_RingIntermediate,5.63,78.49,138.23,0.92,-0.29,-0.23,0.13
61.56,R_LittleIntermediate,6.73,77.80,137.17,0.89,-0.33,-0.31,0.11
61.56,R_IndexProximal,4.25,83.66,137.92,0.14,0.08,-0.25,0.95
61.56,R_MiddleProximal,6.32,82.94,137.62,0.50,-0.05,-0.30,0.81
61.56,R_ThumbProximal,0.37,81.36,135.05,0.01,-0.20,0.44,0.87
61.56,R_RingProximal,7.63,81.52,136.90,0.57,-0.09,-0.34,0.75
61.56,L_LittleProximal,-5.85,57.68,95.38,-0.70,-0.28,-0.20,-0.63
61.56,SmallCube,0.00,77.14,145.00,0.00,0.00,0.00,1.00
61.57,Main Camera,-1.58,117.15,87.00,-0.05,0.03,0.02,-1.00
61.57,R_Palm,5.64,82.03,135.09,-0.10,0.07,-0.26,0.96
61.57,R_ThumbTip,-2.33,80.25,140.31,-0.09,-0.32,0.48,0.81
61.57,R_IndexTip,4.11,79.41,145.36,0.35,0.06,-0.30,0.89
61.57,R_MiddleTip,2.99,79.30,135.53,0.95,-0.23,-0.12,-0.18
61.57,R_RingTip,4.50,79.51,134.34,0.87,-0.34,-0.08,-0.35
61.57,R_LittleTip,5.49,79.10,134.26,0.82,-0.44,-0.15,-0.34
61.57,R_ThumbDistal,-0.79,80.52,138.44,-0.09,-0.32,0.48,0.81
61.57,R_IndexIntermediate,4.61,82.33,141.81,0.35,0.03,-0.29,0.89
61.57,R_MiddleIntermediate,4.71,79.39,139.97,0.92,-0.24,-0.20,0.25
61.57,R_RingIntermediate,5.65,78.29,138.51,0.92,-0.29,-0.22,0.13
61.57,R_LittleIntermediate,6.74,77.61,137.46,0.89,-0.33,-0.31,0.11
61.57,R_IndexProximal,4.28,83.46,138.24,0.14,0.08,-0.25,0.95
61.57,R_MiddleProximal,6.35,82.75,137.93,0.51,-0.05,-0.30,0.80
61.57,R_ThumbProximal,0.39,81.17,135.37,0.01,-0.21,0.44,0.87
61.57,R_RingProximal,7.66,81.33,137.21,0.57,-0.09,-0.34,0.74
61.57,L_LittleProximal,-5.85,57.66,95.37,-0.70,-0.28,-0.20,-0.63
61.57,SmallCube,0.00,77.14,145.00,0.00,0.00,0.00,1.00
61.58,Main Camera,-1.62,117.14,87.09,-0.05,0.03,0.02,-1.00
61.58,R_Palm,5.62,81.76,135.53,-0.10,0.07,-0.26,0.96
61.58,R_ThumbTip,-2.37,79.98,140.75,-0.09,-0.32,0.48,0.81
61.58,R_IndexTip,4.13,79.14,145.80,0.34,0.06,-0.30,0.89
61.58,R_MiddleTip,2.97,79.06,135.92,0.95,-0.23,-0.12,-0.19
61.58,R_RingTip,4.48,79.27,134.73,0.87,-0.34,-0.08,-0.35
61.58,R_LittleTip,5.47,78.85,134.66,0.82,-0.44,-0.15,-0.34
61.58,R_ThumbDistal,-0.82,80.26,138.88,-0.09,-0.32,0.48,0.81
61.58,R_IndexIntermediate,4.61,82.05,142.24,0.34,0.03,-0.29,0.89
61.58,R_MiddleIntermediate,4.67,79.10,140.37,0.92,-0.24,-0.20,0.25
61.58,R_RingIntermediate,5.62,78.01,138.91,0.92,-0.29,-0.22,0.12
61.58,R_LittleIntermediate,6.71,77.34,137.87,0.89,-0.33,-0.31,0.10
61.58,R_IndexProximal,4.26,83.19,138.68,0.14,0.08,-0.25,0.95
61.58,R_MiddleProximal,6.33,82.48,138.37,0.51,-0.05,-0.30,0.80
61.58,R_ThumbProximal,0.37,80.89,135.81,0.01,-0.21,0.44,0.87
61.58,R_RingProximal,7.64,81.06,137.65,0.57,-0.09,-0.34,0.74
61.58,L_LittleProximal,-5.84,57.64,95.36,-0.70,-0.28,-0.20,-0.62
61.58,SmallCube,0.00,77.14,145.00,0.00,0.00,0.00,1.00
61.60,Main Camera,-1.66,117.12,87.17,-0.05,0.03,0.02,-1.00
61.60,R_Palm,5.54,81.46,135.96,-0.10,0.07,-0.26,0.96
61.60,R_ThumbTip,-2.43,79.65,141.19,-0.09,-0.32,0.48,0.81
61.60,R_IndexTip,4.11,78.83,146.25,0.34,0.07,-0.30,0.89
61.60,R_MiddleTip,2.91,78.78,136.30,0.95,-0.23,-0.12,-0.19
61.60,R_RingTip,4.42,78.99,135.13,0.87,-0.34,-0.09,-0.35
61.60,R_LittleTip,5.40,78.56,135.08,0.82,-0.44,-0.16,-0.34
61.60,R_ThumbDistal,-0.89,79.93,139.32,-0.09,-0.32,0.48,0.81
61.60,R_IndexIntermediate,4.56,81.74,142.68,0.34,0.03,-0.29,0.89
61.60,R_MiddleIntermediate,4.61,78.78,140.76,0.92,-0.24,-0.20,0.24
61.60,R_RingIntermediate,5.55,77.70,139.30,0.92,-0.29,-0.22,0.12
61.60,R_LittleIntermediate,6.65,77.04,138.28,0.89,-0.33,-0.31,0.10
61.60,R_IndexProximal,4.19,82.88,139.11,0.14,0.09,-0.25,0.95
61.60,R_MiddleProximal,6.26,82.18,138.80,0.52,-0.05,-0.30,0.80
61.60,R_ThumbProximal,0.30,80.57,136.25,0.01,-0.21,0.44,0.87
61.60,R_RingProximal,7.58,80.76,138.07,0.58,-0.09,-0.34,0.74
61.60,L_LittleProximal,-5.84,57.64,95.36,-0.70,-0.28,-0.20,-0.62
61.60,SmallCube,0.00,77.14,145.00,0.00,0.00,0.00,1.00
61.61,Main Camera,-1.70,117.10,87.26,-0.05,0.03,0.02,-1.00
61.61,R_Palm,5.54,81.28,136.18,-0.10,0.07,-0.25,0.96
61.61,R_ThumbTip,-2.41,79.38,141.44,-0.09,-0.32,0.49,0.81
61.61,R_IndexTip,4.19,78.62,146.47,0.34,0.07,-0.29,0.89
61.61,R_MiddleTip,2.93,78.61,136.46,0.95,-0.22,-0.12,-0.20
61.61,R_RingTip,4.44,78.83,135.32,0.87,-0.34,-0.09,-0.36
61.61,R_LittleTip,5.42,78.39,135.27,0.82,-0.43,-0.16,-0.34
61.61,R_ThumbDistal,-0.87,79.68,139.56,-0.09,-0.32,0.49,0.81
61.61,R_IndexIntermediate,4.58,81.54,142.91,0.34,0.04,-0.29,0.89
61.61,R_MiddleIntermediate,4.62,78.56,140.92,0.92,-0.23,-0.20,0.23
61.61,R_RingIntermediate,5.58,77.51,139.47,0.92,-0.29,-0.22,0.12
61.61,R_LittleIntermediate,6.69,76.87,138.47,0.89,-0.32,-0.31,0.10
61.61,R_IndexProximal,4.18,82.68,139.34,0.13,0.09,-0.25,0.96
61.61,R_MiddleProximal,6.26,81.99,139.02,0.52,-0.05,-0.30,0.80
61.61,R_ThumbProximal,0.30,80.34,136.49,0.01,-0.20,0.45,0.87
61.61,R_RingProximal,7.59,80.60,138.28,0.58,-0.09,-0.34,0.74
61.61,L_LittleProximal,-5.84,57.65,95.38,-0.70,-0.28,-0.20,-0.62
61.61,SmallCube,0.00,77.14,145.00,0.00,0.00,0.00,1.00
61.63,Main Camera,-1.75,117.08,87.34,-0.05,0.03,0.02,-1.00
61.63,R_Palm,5.55,81.13,136.43,-0.10,0.07,-0.24,0.96
61.63,R_ThumbTip,-2.35,79.08,141.71,-0.09,-0.32,0.49,0.80
61.63,R_IndexTip,4.31,78.43,146.72,0.34,0.08,-0.28,0.89
61.63,R_MiddleTip,3.00,78.45,136.66,0.95,-0.22,-0.12,-0.21
61.63,R_RingTip,4.49,78.68,135.53,0.87,-0.33,-0.09,-0.36
61.63,R_LittleTip,5.49,78.24,135.50,0.82,-0.43,-0.16,-0.34
61.63,R_ThumbDistal,-0.83,79.41,139.83,-0.09,-0.32,0.49,0.80
61.63,R_IndexIntermediate,4.62,81.36,143.15,0.34,0.04,-0.28,0.90
61.63,R_MiddleIntermediate,4.68,78.37,141.12,0.93,-0.22,-0.20,0.23
61.63,R_RingIntermediate,5.66,77.35,139.68,0.93,-0.28,-0.23,0.11
61.63,R_LittleIntermediate,6.78,76.73,138.69,0.89,-0.31,-0.31,0.10
61.63,R_IndexProximal,4.18,82.50,139.60,0.13,0.10,-0.24,0.96
61.63,R_MiddleProximal,6.27,81.85,139.26,0.53,-0.04,-0.29,0.80
61.63,R_ThumbProximal,0.32,80.10,136.75,0.01,-0.20,0.45,0.87
61.63,R_RingProximal,7.62,80.48,138.52,0.59,-0.08,-0.33,0.74
61.63,L_LittleProximal,-5.86,57.68,95.37,-0.70,-0.28,-0.20,-0.62
61.63,SmallCube,0.00,77.14,145.00,0.00,0.00,0.00,1.00
61.64,Main Camera,-1.79,117.07,87.42,-0.05,0.03,0.02,-1.00
61.64,R_Palm,5.48,81.14,136.51,-0.10,0.07,-0.24,0.96
61.64,R_ThumbTip,-2.37,78.96,141.81,-0.08,-0.32,0.50,0.80
61.64,R_IndexTip,4.30,78.41,146.80,0.34,0.08,-0.28,0.90
61.64,R_MiddleTip,2.97,78.46,136.68,0.95,-0.21,-0.12,-0.21
61.64,R_RingTip,4.43,78.67,135.58,0.87,-0.32,-0.10,-0.36
61.64,R_LittleTip,5.46,78.26,135.56,0.83,-0.42,-0.17,-0.34
61.64,R_ThumbDistal,-0.87,79.33,139.92,-0.08,-0.32,0.50,0.80
61.64,R_IndexIntermediate,4.57,81.35,143.23,0.34,0.05,-0.27,0.90
61.64,R_MiddleIntermediate,4.64,78.35,141.15,0.93,-0.22,-0.20,0.22
61.64,R_RingIntermediate,5.65,77.36,139.73,0.93,-0.27,-0.23,0.12
61.64,R_LittleIntermediate,6.78,76.76,138.75,0.90,-0.31,-0.31,0.10
61.64,R_IndexProximal,4.10,82.49,139.68,0.13,0.10,-0.23,0.96
61.64,R_MiddleProximal,6.20,81.87,139.34,0.54,-0.04,-0.29,0.79
61.64,R_ThumbProximal,0.27,80.03,136.84,0.01,-0.20,0.46,0.86
61.64,R_RingProximal,7.56,80.52,138.59,0.59,-0.08,-0.33,0.74
61.64,L_LittleProximal,-5.86,57.69,95.36,-0.70,-0.28,-0.20,-0.62
61.64,SmallCube,0.00,77.14,145.00,0.00,0.00,0.00,1.00
61.65,Main Camera,-1.83,117.05,87.50,-0.05,0.03,0.02,-1.00
61.65,R_Palm,5.44,81.21,136.51,-0.10,0.07,-0.23,0.97
61.65,R_ThumbTip,-2.36,78.90,141.83,-0.07,-0.32,0.51,0.80
61.65,R_IndexTip,4.28,78.39,146.76,0.34,0.08,-0.27,0.90
61.65,R_MiddleTip,2.97,78.52,136.64,0.95,-0.20,-0.12,-0.21
61.65,R_RingTip,4.41,78.72,135.57,0.87,-0.32,-0.10,-0.35
61.65,R_LittleTip,5.47,78.34,135.55,0.83,-0.41,-0.17,-0.34
61.65,R_ThumbDistal,-0.88,79.30,139.93,-0.07,-0.32,0.51,0.80
61.65,R_IndexIntermediate,4.52,81.37,143.23,0.35,0.05,-0.27,0.90
61.65,R_MiddleIntermediate,4.62,78.39,141.11,0.93,-0.21,-0.20,0.22
61.65,R_RingIntermediate,5.66,77.43,139.71,0.93,-0.26,-0.23,0.12
61.65,R_LittleIntermediate,6.79,76.85,138.74,0.90,-0.30,-0.30,0.10
61.65,R_IndexProximal,4.04,82.53,139.69,0.14,0.10,-0.23,0.96
61.65,R_MiddleProximal,6.15,81.95,139.35,0.54,-0.03,-0.28,0.79
61.65,R_ThumbProximal,0.24,80.03,136.85,0.02,-0.20,0.47,0.86
61.65,R_RingProximal,7.53,80.62,138.59,0.59,-0.07,-0.32,0.74
61.65,L_LittleProximal,-5.88,57.69,95.35,-0.70,-0.28,-0.20,-0.62
61.65,SmallCube,0.00,77.14,145.00,0.00,0.00,0.00,1.00
61.67,Main Camera,-1.86,117.03,87.57,-0.05,0.03,0.02,-1.00
61.67,R_Palm,5.38,81.27,136.54,-0.10,0.07,-0.22,0.97
61.67,R_ThumbTip,-2.38,78.84,141.87,-0.07,-0.32,0.51,0.80
61.67,R_IndexTip,4.21,78.34,146.73,0.35,0.08,-0.27,0.89
61.67,R_MiddleTip,2.94,78.58,136.61,0.95,-0.20,-0.13,-0.22
61.67,R_RingTip,4.37,78.77,135.57,0.88,-0.31,-0.11,-0.35
61.67,R_LittleTip,5.45,78.42,135.56,0.83,-0.41,-0.17,-0.34
61.67,R_ThumbDistal,-0.92,79.27,139.96,-0.07,-0.32,0.51,0.80
61.67,R_IndexIntermediate,4.44,81.38,143.25,0.36,0.05,-0.26,0.90
61.67,R_MiddleIntermediate,4.59,78.43,141.09,0.93,-0.21,-0.20,0.22
61.67,R_RingIntermediate,5.64,77.49,139.71,0.93,-0.26,-0.23,0.12
61.67,R_LittleIntermediate,6.79,76.93,138.75,0.90,-0.30,-0.30,0.10
61.67,R_IndexProximal,3.96,82.58,139.72,0.14,0.10,-0.22,0.96
61.67,R_MiddleProximal,6.08,82.02,139.37,0.55,-0.03,-0.28,0.79
61.67,R_ThumbProximal,0.19,80.02,136.88,0.02,-0.20,0.47,0.86
61.67,R_RingProximal,7.48,80.71,138.62,0.59,-0.07,-0.32,0.74
61.67,L_LittleProximal,-5.90,57.69,95.33,-0.70,-0.28,-0.20,-0.62
61.67,SmallCube,0.00,77.14,145.00,0.00,0.00,0.00,1.00
61.68,Main Camera,-1.90,117.00,87.64,-0.05,0.03,0.02,-1.00
61.68,R_Palm,5.28,81.42,136.53,-0.10,0.07,-0.22,0.97
61.68,R_ThumbTip,-2.42,78.90,141.88,-0.06,-0.31,0.52,0.79
61.68,R_IndexTip,4.13,78.41,146.67,0.36,0.09,-0.26,0.89
61.68,R_MiddleTip,2.87,78.72,136.58,0.95,-0.19,-0.13,-0.22
61.68,R_RingTip,4.29,78.90,135.53,0.88,-0.31,-0.11,-0.35
61.68,R_LittleTip,5.38,78.58,135.53,0.83,-0.40,-0.17,-0.34
61.68,R_ThumbDistal,-0.99,79.35,139.96,-0.06,-0.31,0.52,0.79
61.68,R_IndexIntermediate,4.36,81.50,143.24,0.36,0.05,-0.26,0.89
61.68,R_MiddleIntermediate,4.52,78.56,141.06,0.94,-0.20,-0.20,0.22
61.68,R_RingIntermediate,5.59,77.64,139.68,0.93,-0.25,-0.23,0.12
61.68,R_LittleIntermediate,6.73,77.09,138.72,0.90,-0.29,-0.30,0.10
61.68,R_IndexProximal,3.86,82.71,139.71,0.15,0.10,-0.22,0.96
61.68,R_MiddleProximal,5.99,82.18,139.36,0.55,-0.03,-0.27,0.79
61.68,R_ThumbProximal,0.11,80.11,136.88,0.02,-0.20,0.48,0.86
61.68,R_RingProximal,7.40,80.88,138.61,0.60,-0.07,-0.31,0.74
61.68,L_LittleProximal,-5.90,57.70,95.35,-0.70,-0.28,-0.20,-0.62
61.68,SmallCube,0.00,77.14,145.00,0.00,0.00,0.00,1.00
61.70,Main Camera,-1.93,116.98,87.70,-0.05,0.03,0.02,-1.00
61.70,R_Palm,5.07,81.70,136.58,-0.11,0.07,-0.21,0.97
61.70,R_ThumbTip,-2.58,79.09,141.96,-0.06,-0.31,0.52,0.79
61.70,R_IndexTip,3.95,78.65,146.69,0.36,0.09,-0.26,0.89
61.70,R_MiddleTip,2.69,78.97,136.62,0.95,-0.19,-0.13,-0.22
61.70,R_RingTip,4.08,79.16,135.57,0.88,-0.30,-0.12,-0.34
61.70,R_LittleTip,5.20,78.86,135.57,0.84,-0.40,-0.18,-0.34
61.70,R_ThumbDistal,-1.17,79.56,140.03,-0.06,-0.31,0.52,0.79
61.70,R_IndexIntermediate,4.16,81.78,143.29,0.37,0.05,-0.25,0.89
61.70,R_MiddleIntermediate,4.35,78.84,141.10,0.94,-0.19,-0.20,0.22
61.70,R_RingIntermediate,5.42,77.94,139.73,0.93,-0.24,-0.23,0.12
61.70,R_LittleIntermediate,6.57,77.40,138.77,0.90,-0.29,-0.30,0.10
61.70,R_IndexProximal,3.64,82.98,139.76,0.14,0.10,-0.21,0.96
61.70,R_MiddleProximal,5.77,82.48,139.41,0.55,-0.02,-0.27,0.79
61.70,R_ThumbProximal,-0.09,80.33,136.95,0.02,-0.20,0.48,0.85
61.70,R_RingProximal,7.20,81.20,138.65,0.60,-0.06,-0.31,0.74
61.70,L_LittleProximal,-5.92,57.70,95.34,-0.70,-0.28,-0.20,-0.62
61.70,SmallCube,0.00,77.14,145.00,0.00,0.00,0.00,1.00
61.71,Main Camera,-1.97,116.96,87.75,-0.06,0.03,0.02,-1.00
61.71,R_Palm,4.95,81.83,136.55,-0.11,0.07,-0.21,0.97
61.71,R_ThumbTip,-2.68,79.19,141.95,-0.05,-0.31,0.53,0.79
61.71,R_IndexTip,3.79,78.69,146.58,0.37,0.08,-0.26,0.89
61.71,R_MiddleTip,2.56,79.08,136.57,0.95,-0.19,-0.13,-0.21
61.71,R_RingTip,3.95,79.27,135.52,0.88,-0.30,-0.12,-0.34
61.71,R_LittleTip,5.08,78.99,135.53,0.84,-0.40,-0.18,-0.33
61.71,R_ThumbDistal,-1.28,79.67,140.00,-0.05,-0.31,0.53,0.79
61.71,R_IndexIntermediate,4.05,81.90,143.26,0.38,0.05,-0.25,0.89
61.71,R_MiddleIntermediate,4.24,78.96,141.06,0.94,-0.19,-0.20,0.22
61.71,R_RingIntermediate,5.31,78.06,139.69,0.94,-0.24,-0.23,0.12
61.71,R_LittleIntermediate,6.46,77.53,138.73,0.90,-0.29,-0.30,0.10
61.71,R_IndexProximal,3.53,83.10,139.74,0.14,0.10,-0.21,0.96
61.71,R_MiddleProximal,5.65,82.60,139.38,0.55,-0.02,-0.27,0.79
61.71,R_ThumbProximal,-0.21,80.44,136.92,0.02,-0.20,0.48,0.85
61.71,R_RingProximal,7.08,81.33,138.62,0.60,-0.06,-0.31,0.74
61.71,L_LittleProximal,-5.92,57.72,95.35,-0.70,-0.28,-0.20,-0.62
61.71,SmallCube,0.00,77.14,145.00,0.00,0.00,0.00,1.00
61.72,Main Camera,-2.00,116.93,87.80,-0.06,0.03,0.02,-1.00
61.72,R_Palm,4.81,81.92,136.50,-0.11,0.07,-0.21,0.97
61.72,R_ThumbTip,-2.79,79.26,141.91,-0.05,-0.31,0.53,0.79
61.72,R_IndexTip,3.51,78.60,146.35,0.40,0.08,-0.26,0.88
61.72,R_MiddleTip,2.41,79.18,136.48,0.95,-0.19,-0.13,-0.21
61.72,R_RingTip,3.80,79.36,135.44,0.89,-0.30,-0.12,-0.34
61.72,R_LittleTip,4.94,79.08,135.45,0.84,-0.40,-0.18,-0.33
61.72,R_ThumbDistal,-1.42,79.76,139.95,-0.05,-0.31,0.53,0.79
61.72,R_IndexIntermediate,3.89,81.96,143.19,0.41,0.04,-0.25,0.88
61.72,R_MiddleIntermediate,4.08,79.05,140.98,0.94,-0.19,-0.20,0.21
61.72,R_RingIntermediate,5.17,78.15,139.63,0.94,-0.24,-0.23,0.12
61.72,R_LittleIntermediate,6.31,77.62,138.67,0.91,-0.29,-0.30,0.10
61.72,R_IndexProximal,3.38,83.20,139.68,0.15,0.10,-0.21,0.96
61.72,R_MiddleProximal,5.51,82.70,139.32,0.55,-0.02,-0.27,0.79
61.72,R_ThumbProximal,-0.35,80.53,136.87,0.02,-0.20,0.48,0.85
61.72,R_RingProximal,6.94,81.42,138.57,0.60,-0.06,-0.31,0.74
61.72,L_LittleProximal,-5.92,57.72,95.34,-0.70,-0.28,-0.20,-0.62
61.72,SmallCube,0.00,77.14,145.00,0.00,0.00,0.00,1.00
61.74,Main Camera,-2.02,116.91,87.85,-0.06,0.03,0.02,-1.00
61.74,R_Palm,4.76,81.99,136.49,-0.11,0.07,-0.21,0.97
61.74,R_ThumbTip,-2.84,79.33,141.90,-0.05,-0.31,0.53,0.79
61.74,R_IndexTip,3.39,78.58,146.24,0.41,0.07,-0.26,0.87
61.74,R_MiddleTip,2.35,79.26,136.43,0.95,-0.19,-0.13,-0.21
61.74,R_RingTip,3.73,79.43,135.42,0.89,-0.30,-0.12,-0.33
61.74,R_LittleTip,4.89,79.17,135.42,0.84,-0.40,-0.18,-0.33
61.74,R_ThumbDistal,-1.47,79.84,139.94,-0.05,-0.31,0.53,0.79
61.74,R_IndexIntermediate,3.83,82.02,143.18,0.42,0.04,-0.26,0.87
61.74,R_MiddleIntermediate,4.02,79.11,140.93,0.94,-0.20,-0.20,0.21
61.74,R_RingIntermediate,5.11,78.23,139.61,0.94,-0.24,-0.23,0.12
61.74,R_LittleIntermediate,6.25,77.70,138.64,0.91,-0.29,-0.30,0.09
61.74,R_IndexProximal,3.33,83.28,139.67,0.15,0.10,-0.21,0.96
61.74,R_MiddleProximal,5.46,82.78,139.31,0.56,-0.03,-0.27,0.79
61.74,R_ThumbProximal,-0.40,80.61,136.86,0.02,-0.20,0.48,0.85
61.74,R_RingProximal,6.89,81.50,138.56,0.60,-0.06,-0.31,0.74
61.74,L_LittleProximal,-5.92,57.73,95.36,-0.70,-0.28,-0.20,-0.62
61.74,SmallCube,0.00,77.14,145.00,0.00,0.00,0.00,1.00
61.75,Main Camera,-2.06,116.89,87.90,-0.06,0.03,0.02,-1.00
61.75,R_Palm,4.70,82.05,136.49,-0.11,0.07,-0.21,0.97
61.75,R_ThumbTip,-2.88,79.38,141.90,-0.04,-0.30,0.53,0.79
61.75,R_IndexTip,3.27,78.56,146.15,0.42,0.07,-0.26,0.87
61.75,R_MiddleTip,2.29,79.34,136.39,0.95,-0.19,-0.13,-0.21
61.75,R_RingTip,3.66,79.49,135.40,0.89,-0.30,-0.12,-0.33
61.75,R_LittleTip,4.84,79.24,135.40,0.84,-0.39,-0.17,-0.34
61.75,R_ThumbDistal,-1.53,79.89,139.94,-0.04,-0.30,0.53,0.79
61.75,R_IndexIntermediate,3.77,82.06,143.17,0.43,0.04,-0.26,0.86
61.75,R_MiddleIntermediate,3.95,79.17,140.90,0.94,-0.20,-0.19,0.20
61.75,R_RingIntermediate,5.05,78.29,139.59,0.94,-0.24,-0.23,0.12
61.75,R_LittleIntermediate,6.18,77.76,138.62,0.91,-0.29,-0.29,0.09
61.75,R_IndexProximal,3.28,83.34,139.67,0.15,0.10,-0.21,0.96
61.75,R_MiddleProximal,5.41,82.84,139.32,0.56,-0.03,-0.27,0.78
61.75,R_ThumbProximal,-0.46,80.67,136.86,0.02,-0.20,0.48,0.85
61.75,R_RingProximal,6.84,81.56,138.56,0.60,-0.06,-0.31,0.73
61.75,L_LittleProximal,-5.91,57.74,95.38,-0.70,-0.28,-0.20,-0.62
61.75,SmallCube,0.00,77.14,145.00,0.00,0.00,0.00,1.00
61.77,Main Camera,-2.10,116.88,87.96,-0.06,0.03,0.02,-1.00
61.77,R_Palm,4.69,82.09,136.49,-0.11,0.07,-0.21,0.97
61.77,R_ThumbTip,-2.88,79.41,141.91,-0.04,-0.30,0.53,0.79
61.77,R_IndexTip,3.14,78.45,145.98,0.44,0.07,-0.26,0.86
61.77,R_MiddleTip,2.27,79.39,136.35,0.95,-0.19,-0.13,-0.21
61.77,R_RingTip,3.63,79.52,135.38,0.89,-0.30,-0.12,-0.33
61.77,R_LittleTip,4.82,79.30,135.37,0.84,-0.39,-0.17,-0.34
61.77,R_ThumbDistal,-1.53,79.93,139.94,-0.04,-0.30,0.53,0.79
61.77,R_IndexIntermediate,3.73,82.06,143.16,0.45,0.03,-0.26,0.86
61.77,R_MiddleIntermediate,3.92,79.20,140.88,0.94,-0.20,-0.19,0.20
61.77,R_RingIntermediate,5.03,78.33,139.59,0.94,-0.24,-0.23,0.12
61.77,R_LittleIntermediate,6.16,77.80,138.60,0.91,-0.29,-0.29,0.09
61.77,R_IndexProximal,3.26,83.38,139.67,0.16,0.10,-0.21,0.96
61.77,R_MiddleProximal,5.39,82.88,139.31,0.56,-0.03,-0.27,0.78
61.77,R_ThumbProximal,-0.47,80.70,136.86,0.02,-0.20,0.48,0.85
61.77,R_RingProximal,6.82,81.60,138.56,0.60,-0.06,-0.31,0.73
61.77,L_LittleProximal,-5.92,57.74,95.36,-0.70,-0.28,-0.20,-0.62
61.77,SmallCube,0.00,77.14,145.00,0.00,0.00,0.00,1.00
61.78,Main Camera,-2.13,116.87,88.01,-0.06,0.03,0.02,-1.00
61.78,R_Palm,4.63,82.18,136.50,-0.11,0.07,-0.21,0.97
61.78,R_ThumbTip,-2.93,79.48,141.92,-0.04,-0.30,0.53,0.79
61.78,R_IndexTip,3.05,78.49,145.95,0.45,0.07,-0.26,0.85
61.78,R_MiddleTip,2.20,79.47,136.35,0.95,-0.19,-0.13,-0.21
61.78,R_RingTip,3.56,79.59,135.38,0.89,-0.30,-0.12,-0.32
61.78,R_LittleTip,4.76,79.39,135.36,0.84,-0.39,-0.17,-0.34
61.78,R_ThumbDistal,-1.59,80.00,139.95,-0.04,-0.30,0.53,0.79
61.78,R_IndexIntermediate,3.67,82.13,143.16,0.45,0.03,-0.26,0.85
61.78,R_MiddleIntermediate,3.86,79.28,140.87,0.94,-0.20,-0.19,0.20
61.78,R_RingIntermediate,4.97,78.41,139.59,0.94,-0.24,-0.23,0.12
61.78,R_LittleIntermediate,6.09,77.88,138.59,0.91,-0.29,-0.29,0.08
61.78,R_IndexProximal,3.20,83.46,139.68,0.16,0.10,-0.21,0.96
61.78,R_MiddleProximal,5.33,82.96,139.32,0.56,-0.03,-0.27,0.78
61.78,R_ThumbProximal,-0.53,80.78,136.87,0.02,-0.20,0.48,0.85
61.78,R_RingProximal,6.76,81.69,138.57,0.60,-0.06,-0.31,0.73
61.78,L_LittleProximal,-5.94,57.75,95.36,-0.70,-0.28,-0.20,-0.62
61.78,SmallCube,0.00,77.14,145.00,0.00,0.00,0.00,1.00
61.79,Main Camera,-2.15,116.86,88.05,-0.06,0.03,0.02,-1.00
61.79,R_Palm,4.65,82.24,136.57,-0.11,0.07,-0.21,0.97
61.79,R_ThumbTip,-2.89,79.51,142.01,-0.04,-0.30,0.53,0.79
61.79,R_IndexTip,3.10,78.55,146.02,0.45,0.07,-0.26,0.85
61.79,R_MiddleTip,2.23,79.52,136.42,0.95,-0.18,-0.13,-0.21
61.79,R_RingTip,3.58,79.64,135.45,0.89,-0.30,-0.13,-0.32
61.79,R_LittleTip,4.79,79.46,135.41,0.84,-0.39,-0.17,-0.34
61.79,R_ThumbDistal,-1.55,80.04,140.03,-0.04,-0.30,0.53,0.79
61.79,R_IndexIntermediate,3.70,82.20,143.23,0.45,0.03,-0.26,0.85
61.79,R_MiddleIntermediate,3.89,79.35,140.94,0.94,-0.19,-0.19,0.20
61.79,R_RingIntermediate,5.01,78.49,139.66,0.94,-0.24,-0.23,0.12
61.79,R_LittleIntermediate,6.12,77.96,138.65,0.91,-0.29,-0.29,0.08
61.79,R_IndexProximal,3.22,83.53,139.75,0.16,0.10,-0.21,0.96
61.79,R_MiddleProximal,5.35,83.04,139.39,0.56,-0.03,-0.27,0.78
61.79,R_ThumbProximal,-0.50,80.82,136.95,0.02,-0.20,0.49,0.85
61.79,R_RingProximal,6.78,81.77,138.64,0.60,-0.06,-0.31,0.73
61.79,L_LittleProximal,-5.94,57.76,95.38,-0.70,-0.28,-0.20,-0.62
61.79,SmallCube,0.00,77.14,145.00,0.00,0.00,0.00,1.00
61.81,Main Camera,-2.17,116.84,88.08,-0.06,0.03,0.02,-1.00
61.81,R_Palm,4.58,82.22,136.67,-0.11,0.07,-0.20,0.97
61.81,R_ThumbTip,-2.89,79.41,142.13,-0.04,-0.30,0.54,0.79
61.81,R_IndexTip,3.05,78.48,146.07,0.45,0.07,-0.25,0.85
61.81,R_MiddleTip,2.19,79.47,136.53,0.95,-0.18,-0.13,-0.21
61.81,R_RingTip,3.52,79.59,135.55,0.89,-0.29,-0.13,-0.32
61.81,R_LittleTip,4.75,79.44,135.50,0.84,-0.39,-0.18,-0.33
61.81,R_ThumbDistal,-1.59,79.95,140.14,-0.04,-0.30,0.54,0.79
61.81,R_IndexIntermediate,3.63,82.15,143.32,0.46,0.04,-0.25,0.85
61.81,R_MiddleIntermediate,3.87,79.33,141.05,0.94,-0.19,-0.19,0.20
61.81,R_RingIntermediate,4.99,78.48,139.77,0.94,-0.24,-0.23,0.12
61.81,R_LittleIntermediate,6.10,77.96,138.75,0.91,-0.28,-0.29,0.09
61.81,R_IndexProximal,3.14,83.50,139.85,0.16,0.10,-0.20,0.96
61.81,R_MiddleProximal,5.28,83.03,139.49,0.56,-0.02,-0.26,0.78
61.81,R_ThumbProximal,-0.55,80.75,137.06,0.03,-0.20,0.49,0.85
61.81,R_RingProximal,6.73,81.77,138.74,0.60,-0.06,-0.30,0.74
61.81,L_LittleProximal,-5.94,57.77,95.38,-0.70,-0.28,-0.20,-0.62
61.81,SmallCube,0.00,77.14,145.00,0.00,0.00,0.00,1.00
61.82,Main Camera,-2.19,116.83,88.11,-0.06,0.03,0.02,-1.00
61.82,R_Palm,4.49,82.18,136.81,-0.11,0.07,-0.20,0.97
61.82,R_ThumbTip,-2.92,79.27,142.30,-0.03,-0.30,0.55,0.78
61.82,R_IndexTip,2.97,78.36,146.14,0.46,0.07,-0.25,0.85
61.82,R_MiddleTip,2.12,79.40,136.68,0.95,-0.17,-0.14,-0.20
61.82,R_RingTip,3.44,79.52,135.70,0.90,-0.29,-0.13,-0.31
61.82,R_LittleTip,4.68,79.40,135.64,0.85,-0.38,-0.18,-0.33
61.82,R_ThumbDistal,-1.64,79.84,140.30,-0.03,-0.30,0.55,0.78
61.82,R_IndexIntermediate,3.54,82.09,143.46,0.47,0.04,-0.25,0.85
61.82,R_MiddleIntermediate,3.82,79.29,141.19,0.94,-0.18,-0.19,0.21
61.82,R_RingIntermediate,4.95,78.45,139.92,0.94,-0.23,-0.23,0.13
61.82,R_LittleIntermediate,6.05,77.94,138.89,0.91,-0.28,-0.29,0.09
61.82,R_IndexProximal,3.04,83.45,139.99,0.17,0.10,-0.20,0.96
61.82,R_MiddleProximal,5.18,83.01,139.63,0.56,-0.02,-0.26,0.78
61.82,R_ThumbProximal,-0.63,80.64,137.21,0.03,-0.19,0.50,0.84
61.82,R_RingProximal,6.65,81.76,138.88,0.60,-0.05,-0.30,0.74
61.82,L_LittleProximal,-5.94,57.77,95.38,-0.70,-0.28,-0.20,-0.62
61.82,SmallCube,0.00,77.14,145.00,0.00,0.00,0.00,1.00
61.83,Main Camera,-2.22,116.82,88.15,-0.06,0.03,0.02,-1.00
61.83,R_Palm,4.47,82.24,136.85,-0.12,0.07,-0.19,0.97
61.83,R_ThumbTip,-2.81,79.24,142.41,-0.02,-0.29,0.55,0.78
61.83,R_IndexTip,2.85,78.23,145.96,0.48,0.07,-0.24,0.84
61.83,R_MiddleTip,2.11,79.42,136.73,0.96,-0.17,-0.14,-0.20
61.83,R_RingTip,3.43,79.54,135.74,0.90,-0.28,-0.14,-0.30
61.83,R_LittleTip,4.67,79.45,135.68,0.85,-0.38,-0.18,-0.32
61.83,R_ThumbDistal,-1.60,79.84,140.37,-0.02,-0.29,0.55,0.78
61.83,R_IndexIntermediate,3.49,82.06,143.46,0.49,0.03,-0.24,0.84
61.83,R_MiddleIntermediate,3.83,79.37,141.25,0.94,-0.18,-0.19,0.21
61.83,R_RingIntermediate,4.97,78.53,139.97,0.94,-0.23,-0.23,0.13
61.83,R_LittleIntermediate,6.08,78.03,138.94,0.91,-0.27,-0.29,0.09
61.83,R_IndexProximal,3.02,83.51,140.02,0.18,0.10,-0.20,0.96
61.83,R_MiddleProximal,5.16,83.09,139.66,0.56,-0.01,-0.26,0.79
61.83,R_ThumbProximal,-0.63,80.65,137.27,0.03,-0.19,0.50,0.84
61.83,R_RingProximal,6.63,81.85,138.91,0.60,-0.05,-0.30,0.74
61.83,L_LittleProximal,-5.93,57.79,95.38,-0.70,-0.28,-0.20,-0.63
61.83,SmallCube,0.00,77.14,145.00,0.00,0.00,0.00,1.00
61.85,Main Camera,-2.24,116.80,88.17,-0.06,0.03,0.02,-1.00
61.85,R_Palm,4.38,82.32,137.01,-0.12,0.07,-0.19,0.97
61.85,R_ThumbTip,-2.87,79.29,142.57,-0.01,-0.28,0.56,0.78
61.85,R_IndexTip,2.75,78.30,146.11,0.48,0.07,-0.24,0.84
61.85,R_MiddleTip,2.01,79.48,136.88,0.96,-0.17,-0.14,-0.19
61.85,R_RingTip,3.32,79.60,135.90,0.90,-0.28,-0.14,-0.30
61.85,R_LittleTip,4.57,79.52,135.83,0.85,-0.38,-0.18,-0.32
61.85,R_ThumbDistal,-1.69,79.91,140.53,-0.01,-0.28,0.56,0.78
61.85,R_IndexIntermediate,3.39,82.14,143.62,0.49,0.03,-0.24,0.84
61.85,R_MiddleIntermediate,3.74,79.45,141.40,0.94,-0.18,-0.19,0.21
61.85,R_RingIntermediate,4.87,78.61,140.13,0.94,-0.23,-0.23,0.13
61.85,R_LittleIntermediate,5.98,78.10,139.10,0.91,-0.27,-0.29,0.09
61.85,R_IndexProximal,2.92,83.59,140.18,0.18,0.10,-0.20,0.96
61.85,R_MiddleProximal,5.07,83.17,139.82,0.56,-0.02,-0.26,0.79
61.85,R_ThumbProximal,-0.72,80.73,137.43,0.03,-0.19,0.50,0.84
61.85,R_RingProximal,6.54,81.93,139.07,0.60,-0.05,-0.30,0.74
61.85,L_LittleProximal,-5.94,57.82,95.39,-0.70,-0.28,-0.20,-0.63
61.85,SmallCube,0.00,77.14,145.00,0.00,0.00,0.00,1.00
61.86,Main Camera,-2.26,116.79,88.18,-0.06,0.03,0.02,-1.00
61.86,R_Palm,4.31,82.31,137.18,-0.12,0.07,-0.19,0.97
61.86,R_ThumbTip,-2.89,79.26,142.77,-0.01,-0.28,0.56,0.78
61.86,R_IndexTip,2.67,78.28,146.28,0.48,0.07,-0.24,0.84
61.86,R_MiddleTip,1.93,79.44,137.05,0.96,-0.17,-0.14,-0.19
61.86,R_RingTip,3.23,79.57,136.07,0.90,-0.28,-0.14,-0.30
61.86,R_LittleTip,4.49,79.50,136.00,0.85,-0.38,-0.18,-0.32
61.86,R_ThumbDistal,-1.74,79.89,140.71,-0.01,-0.28,0.56,0.78
61.86,R_IndexIntermediate,3.32,82.13,143.79,0.49,0.03,-0.24,0.84
61.86,R_MiddleIntermediate,3.66,79.44,141.57,0.94,-0.18,-0.19,0.21
61.86,R_RingIntermediate,4.80,78.60,140.31,0.94,-0.23,-0.23,0.14
61.86,R_LittleIntermediate,5.91,78.10,139.28,0.91,-0.27,-0.29,0.09
61.86,R_IndexProximal,2.85,83.58,140.35,0.18,0.10,-0.20,0.96
61.86,R_MiddleProximal,4.99,83.16,139.99,0.56,-0.02,-0.26,0.79
61.86,R_ThumbProximal,-0.79,80.71,137.60,0.03,-0.19,0.51,0.84
61.86,R_RingProximal,6.47,81.93,139.25,0.60,-0.05,-0.30,0.74
61.86,L_LittleProximal,-5.94,57.83,95.39,-0.70,-0.28,-0.20,-0.63
61.86,SmallCube,0.00,77.14,145.00,0.00,0.00,0.00,1.00
61.88,Main Camera,-2.28,116.77,88.20,-0.06,0.03,0.02,-1.00
61.88,R_Palm,4.25,82.30,137.37,-0.12,0.07,-0.19,0.97
61.88,R_ThumbTip,-2.92,79.23,142.97,0.00,-0.28,0.56,0.78
61.88,R_IndexTip,2.60,78.27,146.45,0.48,0.07,-0.24,0.84
61.88,R_MiddleTip,1.86,79.43,137.23,0.96,-0.17,-0.14,-0.19
61.88,R_RingTip,3.15,79.54,136.25,0.90,-0.28,-0.14,-0.29
61.88,R_LittleTip,4.42,79.48,136.19,0.85,-0.38,-0.18,-0.31
61.88,R_ThumbDistal,-1.79,79.88,140.90,0.00,-0.28,0.56,0.78
61.88,R_IndexIntermediate,3.25,82.12,143.98,0.49,0.03,-0.24,0.84
61.88,R_MiddleIntermediate,3.60,79.43,141.76,0.94,-0.18,-0.20,0.21
61.88,R_RingIntermediate,4.74,78.59,140.49,0.94,-0.23,-0.23,0.14
61.88,R_LittleIntermediate,5.85,78.09,139.47,0.91,-0.27,-0.29,0.09
61.88,R_IndexProximal,2.79,83.58,140.54,0.18,0.10,-0.20,0.96
61.88,R_MiddleProximal,4.93,83.15,140.18,0.56,-0.02,-0.26,0.79
61.88,R_ThumbProximal,-0.85,80.70,137.79,0.03,-0.19,0.51,0.84
61.88,R_RingProximal,6.41,81.92,139.44,0.60,-0.05,-0.30,0.74
61.88,L_LittleProximal,-5.95,57.82,95.39,-0.70,-0.28,-0.20,-0.63
61.88,SmallCube,0.00,77.14,145.00,0.00,0.00,0.00,1.00
61.89,Main Camera,-2.31,116.77,88.22,-0.06,0.03,0.02,-1.00
61.89,R_Palm,4.16,82.35,137.45,-0.12,0.07,-0.19,0.97
61.89,R_ThumbTip,-2.95,79.27,143.08,0.00,-0.27,0.56,0.78
61.89,R_IndexTip,2.41,78.21,146.38,0.50,0.06,-0.24,0.83
61.89,R_MiddleTip,1.77,79.48,137.32,0.96,-0.17,-0.14,-0.18
61.89,R_RingTip,3.06,79.57,136.35,0.90,-0.28,-0.14,-0.29
61.89,R_LittleTip,4.34,79.53,136.28,0.85,-0.38,-0.18,-0.31
61.89,R_ThumbDistal,-1.85,79.92,141.00,0.00,-0.27,0.56,0.78
61.89,R_IndexIntermediate,3.12,82.12,144.02,0.50,0.03,-0.24,0.83
61.89,R_MiddleIntermediate,3.52,79.51,141.84,0.94,-0.18,-0.19,0.21
61.89,R_RingIntermediate,4.66,78.67,140.59,0.94,-0.22,-0.23,0.14
61.89,R_LittleIntermediate,5.77,78.16,139.57,0.91,-0.27,-0.29,0.10
61.89,R_IndexProximal,2.70,83.65,140.61,0.19,0.10,-0.20,0.96
61.89,R_MiddleProximal,4.84,83.23,140.25,0.56,-0.02,-0.26,0.79
61.89,R_ThumbProximal,-0.93,80.74,137.88,0.03,-0.18,0.51,0.84
61.89,R_RingProximal,6.32,81.99,139.52,0.60,-0.05,-0.30,0.74
61.89,L_LittleProximal,-5.95,57.82,95.41,-0.70,-0.28,-0.20,-0.63
61.89,SmallCube,0.00,77.14,145.00,0.00,0.00,0.00,1.00
61.90,Main Camera,-2.33,116.76,88.24,-0.06,0.03,0.01,-1.00
61.90,R_Palm,4.08,82.41,137.52,-0.13,0.07,-0.19,0.97
61.90,R_ThumbTip,-2.97,79.34,143.19,0.00,-0.27,0.57,0.78
61.90,R_IndexTip,2.24,78.21,146.33,0.51,0.06,-0.24,0.82
61.90,R_MiddleTip,1.70,79.54,137.41,0.96,-0.17,-0.14,-0.18
61.90,R_RingTip,2.97,79.62,136.44,0.91,-0.28,-0.14,-0.28
61.90,R_LittleTip,4.26,79.58,136.37,0.86,-0.37,-0.18,-0.31
61.90,R_ThumbDistal,-1.90,79.98,141.10,0.00,-0.27,0.57,0.78
61.90,R_IndexIntermediate,3.01,82.17,144.06,0.51,0.03,-0.24,0.82
61.90,R_MiddleIntermediate,3.44,79.61,141.93,0.94,-0.18,-0.19,0.22
61.90,R_RingIntermediate,4.59,78.76,140.70,0.94,-0.22,-0.23,0.15
61.90,R_LittleIntermediate,5.70,78.25,139.68,0.91,-0.27,-0.28,0.10
61.90,R_IndexProximal,2.61,83.74,140.67,0.20,0.10,-0.20,0.96
61.90,R_MiddleProximal,4.76,83.32,140.31,0.56,-0.02,-0.26,0.79
61.90,R_ThumbProximal,-1.00,80.79,137.97,0.03,-0.18,0.51,0.84
61.90,R_RingProximal,6.24,82.08,139.59,0.60,-0.05,-0.30,0.75
61.90,L_LittleProximal,-5.94,57.82,95.43,-0.70,-0.28,-0.20,-0.62
61.90,SmallCube,0.00,77.14,145.00,0.00,0.00,0.00,1.00
61.92,Main Camera,-2.34,116.76,88.24,-0.06,0.03,0.01,-1.00
61.92,R_Palm,4.02,82.45,137.51,-0.13,0.07,-0.19,0.97
61.92,R_ThumbTip,-2.79,79.24,143.26,0.02,-0.25,0.57,0.78
61.92,R_IndexTip,1.87,77.91,145.80,0.56,0.04,-0.24,0.79
61.92,R_MiddleTip,1.63,79.53,137.42,0.96,-0.17,-0.14,-0.17
61.92,R_RingTip,2.90,79.61,136.45,0.91,-0.28,-0.14,-0.27
61.92,R_LittleTip,4.20,79.60,136.38,0.86,-0.37,-0.18,-0.30
61.92,R_ThumbDistal,-1.82,79.93,141.13,0.02,-0.25,0.57,0.78
61.92,R_IndexIntermediate,2.83,82.04,143.96,0.55,0.01,-0.24,0.80
61.92,R_MiddleIntermediate,3.38,79.68,141.94,0.94,-0.18,-0.19,0.23
61.92,R_RingIntermediate,4.54,78.83,140.71,0.94,-0.22,-0.23,0.15
61.92,R_LittleIntermediate,5.65,78.31,139.70,0.91,-0.27,-0.28,0.10
61.92,R_IndexProximal,2.55,83.79,140.64,0.23,0.09,-0.20,0.95
61.92,R_MiddleProximal,4.69,83.38,140.29,0.55,-0.02,-0.25,0.79
61.92,R_ThumbProximal,-1.02,80.77,137.98,0.04,-0.17,0.52,0.84
61.92,R_RingProximal,6.18,82.14,139.58,0.59,-0.05,-0.29,0.75
61.92,L_LittleProximal,-5.94,57.80,95.44,-0.70,-0.28,-0.20,-0.62
61.92,SmallCube,0.00,77.14,145.00,0.00,0.00,0.00,1.00
61.93,Main Camera,-2.36,116.74,88.26,-0.06,0.03,0.01,-1.00
61.93,R_Palm,3.99,82.53,137.51,-0.14,0.07,-0.18,0.97
61.93,R_ThumbTip,-2.53,79.15,143.36,0.05,-0.23,0.59,0.77
61.93,R_IndexTip,1.62,77.81,145.33,0.60,0.03,-0.23,0.76
61.93,R_MiddleTip,1.60,79.57,137.45,0.96,-0.16,-0.14,-0.16
61.93,R_RingTip,2.87,79.66,136.48,0.91,-0.28,-0.14,-0.26
61.93,R_LittleTip,4.19,79.68,136.40,0.86,-0.37,-0.18,-0.29
61.93,R_ThumbDistal,-1.70,79.90,141.19,0.05,-0.23,0.59,0.77
61.93,R_IndexIntermediate,2.72,82.06,143.88,0.58,0.00,-0.24,0.78
61.93,R_MiddleIntermediate,3.37,79.82,141.96,0.94,-0.17,-0.19,0.24
61.93,R_RingIntermediate,4.53,78.96,140.75,0.93,-0.22,-0.23,0.16
61.93,R_LittleIntermediate,5.65,78.44,139.74,0.91,-0.27,-0.28,0.11
61.93,R_IndexProximal,2.49,83.91,140.62,0.24,0.08,-0.19,0.95
61.93,R_MiddleProximal,4.64,83.51,140.28,0.55,-0.02,-0.25,0.80
61.93,R_ThumbProximal,-1.00,80.76,138.03,0.05,-0.16,0.53,0.83
61.93,R_RingProximal,6.14,82.28,139.58,0.59,-0.05,-0.29,0.75
61.93,L_LittleProximal,-5.94,57.80,95.44,-0.70,-0.28,-0.20,-0.62
61.93,SmallCube,0.00,77.14,145.00,0.00,0.00,0.00,1.00
61.95,Main Camera,-2.38,116.74,88.26,-0.06,0.03,0.01,-1.00
61.95,R_Palm,3.93,82.51,137.53,-0.14,0.06,-0.18,0.97
61.95,R_ThumbTip,-2.49,79.06,143.40,0.05,-0.22,0.59,0.77
61.95,R_IndexTip,1.42,77.64,144.96,0.64,0.02,-0.23,0.73
61.95,R_MiddleTip,1.56,79.47,137.49,0.96,-0.16,-0.14,-0.15
61.95,R_RingTip,2.84,79.60,136.51,0.92,-0.27,-0.14,-0.26
61.95,R_LittleTip,4.16,79.64,136.44,0.87,-0.37,-0.18,-0.29
61.95,R_ThumbDistal,-1.72,79.83,141.21,0.05,-0.22,0.59,0.77
61.95,R_IndexIntermediate,2.62,81.98,143.87,0.61,0.00,-0.23,0.76
61.95,R_MiddleIntermediate,3.33,79.81,142.00,0.94,-0.17,-0.19,0.24
61.95,R_RingIntermediate,4.51,78.96,140.79,0.94,-0.22,-0.23,0.17
61.95,R_LittleIntermediate,5.63,78.44,139.79,0.92,-0.27,-0.28,0.11
61.95,R_IndexProximal,2.42,83.88,140.63,0.25,0.08,-0.19,0.95
61.95,R_MiddleProximal,4.58,83.50,140.29,0.55,-0.01,-0.25,0.80
61.95,R_ThumbProximal,-1.03,80.68,138.05,0.05,-0.16,0.53,0.83
61.95,R_RingProximal,6.09,82.28,139.61,0.59,-0.05,-0.29,0.76
61.95,L_LittleProximal,-5.94,57.81,95.45,-0.70,-0.28,-0.20,-0.62
61.95,SmallCube,-0.20,77.05,144.51,0.05,-0.02,-0.01,1.00
61.96,Main Camera,-2.39,116.73,88.26,-0.06,0.03,0.01,-1.00
61.96,R_Palm,3.91,82.52,137.52,-0.14,0.06,-0.17,0.97
61.96,R_ThumbTip,-2.41,79.00,143.42,0.06,-0.22,0.60,0.77
61.96,R_IndexTip,1.29,77.52,144.57,0.67,0.01,-0.22,0.71
61.96,R_MiddleTip,1.54,79.31,137.53,0.97,-0.15,-0.15,-0.13
61.96,R_RingTip,2.84,79.54,136.53,0.92,-0.27,-0.15,-0.25
61.96,R_LittleTip,4.17,79.65,136.45,0.87,-0.36,-0.18,-0.28
61.96,R_ThumbDistal,-1.69,79.77,141.22,0.06,-0.22,0.60,0.77
61.96,R_IndexIntermediate,2.54,81.90,143.79,0.63,0.00,-0.22,0.74
61.96,R_MiddleIntermediate,3.35,79.85,142.01,0.93,-0.16,-0.19,0.26
61.96,R_RingIntermediate,4.54,79.01,140.81,0.94,-0.21,-0.23,0.18
61.96,R_LittleIntermediate,5.67,78.50,139.81,0.92,-0.26,-0.28,0.12
61.96,R_IndexProximal,2.37,83.90,140.61,0.27,0.08,-0.18,0.94
61.96,R_MiddleProximal,4.54,83.55,140.28,0.54,-0.01,-0.24,0.80
61.96,R_ThumbProximal,-1.02,80.61,138.05,0.05,-0.16,0.54,0.82
61.96,R_RingProximal,6.07,82.34,139.60,0.58,-0.04,-0.28,0.76
61.96,L_LittleProximal,-5.95,57.80,95.45,-0.70,-0.29,-0.20,-0.62
61.96,SmallCube,-0.31,76.97,144.03,0.08,-0.04,-0.01,1.00
61.97,Main Camera,-2.40,116.73,88.26,-0.06,0.03,0.01,-1.00
61.97,R_Palm,3.82,82.55,137.53,-0.15,0.06,-0.17,0.97
61.97,R_ThumbTip,-2.39,78.92,143.45,0.07,-0.21,0.61,0.76
61.97,R_IndexTip,1.09,77.42,144.22,0.70,0.01,-0.21,0.68
61.97,R_MiddleTip,1.46,79.20,137.58,0.97,-0.14,-0.15,-0.12
61.97,R_RingTip,2.76,79.49,136.59,0.92,-0.26,-0.15,-0.24
61.97,R_LittleTip,4.10,79.66,136.51,0.87,-0.35,-0.19,-0.28
61.97,R_ThumbDistal,-1.73,79.71,141.23,0.07,-0.21,0.61,0.76
61.97,R_IndexIntermediate,2.37,81.84,143.73,0.66,-0.01,-0.22,0.72
61.97,R_MiddleIntermediate,3.27,79.90,142.05,0.93,-0.15,-0.18,0.27
61.97,R_RingIntermediate,4.49,79.07,140.87,0.94,-0.20,-0.22,0.19
61.97,R_LittleIntermediate,5.63,78.57,139.87,0.92,-0.26,-0.28,0.13
61.97,R_IndexProximal,2.24,83.92,140.60,0.28,0.07,-0.18,0.94
61.97,R_MiddleProximal,4.41,83.61,140.29,0.54,-0.01,-0.23,0.81
61.97,R_ThumbProximal,-1.07,80.55,138.06,0.05,-0.15,0.55,0.82
61.97,R_RingProximal,5.96,82.42,139.63,0.58,-0.04,-0.27,0.77
61.97,L_LittleProximal,-5.95,57.79,95.46,-0.70,-0.29,-0.20,-0.62
61.97,SmallCube,-0.50,76.92,143.58,0.12,-0.05,-0.02,0.99
61.99,Main Camera,-2.42,116.73,88.25,-0.06,0.03,0.01,-1.00
61.99,R_Palm,3.73,82.56,137.56,-0.15,0.05,-0.16,0.97
61.99,R_ThumbTip,-2.36,78.83,143.48,0.07,-0.20,0.62,0.75
61.99,R_IndexTip,0.90,77.35,143.89,0.72,0.00,-0.20,0.66
61.99,R_MiddleTip,1.38,79.10,137.64,0.97,-0.13,-0.15,-0.10
61.99,R_RingTip,2.68,79.43,136.65,0.93,-0.25,-0.15,-0.23
61.99,R_LittleTip,4.01,79.66,136.57,0.88,-0.35,-0.19,-0.27
61.99,R_ThumbDistal,-1.76,79.63,141.26,0.07,-0.20,0.62,0.75
61.99,R_IndexIntermediate,2.19,81.78,143.69,0.68,-0.01,-0.21,0.71
61.99,R_MiddleIntermediate,3.18,79.95,142.09,0.93,-0.15,-0.18,0.29
61.99,R_RingIntermediate,4.43,79.13,140.95,0.93,-0.19,-0.22,0.20
61.99,R_LittleIntermediate,5.58,78.63,139.95,0.92,-0.25,-0.28,0.13
61.99,R_IndexProximal,2.10,83.94,140.61,0.29,0.07,-0.17,0.94
61.99,R_MiddleProximal,4.28,83.65,140.31,0.54,-0.01,-0.22,0.81
61.99,R_ThumbProximal,-1.12,80.48,138.08,0.05,-0.15,0.56,0.81
61.99,R_RingProximal,5.85,82.49,139.67,0.58,-0.04,-0.27,0.77
61.99,L_LittleProximal,-5.95,57.79,95.47,-0.70,-0.29,-0.20,-0.63
61.99,SmallCube,-0.67,76.90,143.18,0.15,-0.07,-0.02,0.99
62.00,Main Camera,-2.43,116.73,88.25,-0.06,0.03,0.01,-1.00
62.00,R_Palm,3.74,82.46,137.60,-0.15,0.05,-0.16,0.98
62.00,R_ThumbTip,-2.23,78.62,143.53,0.09,-0.20,0.63,0.75
62.00,R_IndexTip,0.93,77.21,143.91,0.72,0.01,-0.20,0.66
62.00,R_MiddleTip,1.39,78.89,137.73,0.98,-0.13,-0.15,-0.09
62.00,R_RingTip,2.69,79.26,136.72,0.93,-0.25,-0.15,-0.22
62.00,R_LittleTip,4.01,79.54,136.64,0.88,-0.35,-0.20,-0.26
62.00,R_ThumbDistal,-1.69,79.45,141.30,0.09,-0.20,0.63,0.75
62.00,R_IndexIntermediate,2.20,81.65,143.73,0.68,-0.01,-0.20,0.71
62.00,R_MiddleIntermediate,3.22,79.84,142.15,0.93,-0.14,-0.18,0.29
62.00,R_RingIntermediate,4.47,79.02,141.01,0.93,-0.19,-0.22,0.21
62.00,R_LittleIntermediate,5.63,78.54,140.01,0.92,-0.25,-0.28,0.14
62.00,R_IndexProximal,2.10,83.82,140.65,0.30,0.07,-0.17,0.94
62.00,R_MiddleProximal,4.28,83.55,140.36,0.54,-0.01,-0.22,0.81
62.00,R_ThumbProximal,-1.08,80.32,138.12,0.06,-0.15,0.56,0.81
62.00,R_RingProximal,5.86,82.39,139.71,0.58,-0.04,-0.26,0.77
62.00,L_LittleProximal,-5.94,57.81,95.49,-0.70,-0.29,-0.20,-0.63
62.00,SmallCube,-0.63,76.75,143.19,0.15,-0.07,-0.02,0.99
62.02,Main Camera,-2.44,116.73,88.25,-0.06,0.03,0.01,-1.00
62.02,R_Palm,3.81,82.16,137.80,-0.15,0.05,-0.16,0.98
62.02,R_ThumbTip,-1.98,78.23,143.75,0.10,-0.19,0.63,0.75
62.02,R_IndexTip,1.03,76.90,144.13,0.72,0.01,-0.20,0.66
62.02,R_MiddleTip,1.46,78.53,137.96,0.98,-0.13,-0.16,-0.08
62.02,R_RingTip,2.74,78.91,136.93,0.93,-0.25,-0.16,-0.21
62.02,R_LittleTip,4.05,79.22,136.85,0.88,-0.35,-0.20,-0.26
62.02,R_ThumbDistal,-1.53,79.09,141.51,0.10,-0.19,0.63,0.75
62.02,R_IndexIntermediate,2.28,81.34,143.92,0.67,-0.01,-0.20,0.71
62.02,R_MiddleIntermediate,3.31,79.54,142.37,0.93,-0.14,-0.18,0.30
62.02,R_RingIntermediate,4.56,78.73,141.21,0.93,-0.19,-0.22,0.21
62.02,R_LittleIntermediate,5.72,78.24,140.20,0.92,-0.24,-0.28,0.14
62.02,R_IndexProximal,2.18,83.51,140.85,0.30,0.07,-0.17,0.94
62.02,R_MiddleProximal,4.36,83.24,140.55,0.54,-0.01,-0.22,0.82
62.02,R_ThumbProximal,-0.98,79.99,138.33,0.06,-0.15,0.57,0.81
62.02,R_RingProximal,5.94,82.09,139.90,0.57,-0.03,-0.26,0.77
62.02,L_LittleProximal,-5.94,57.80,95.49,-0.70,-0.29,-0.20,-0.63
62.02,SmallCube,-0.54,76.43,143.42,0.15,-0.06,-0.01,0.99
62.03,Main Camera,-2.46,116.74,88.26,-0.06,0.03,0.01,-1.00
62.03,R_Palm,3.86,82.03,137.95,-0.15,0.05,-0.16,0.98
62.03,R_ThumbTip,-1.79,78.02,143.92,0.11,-0.18,0.63,0.75
62.03,R_IndexTip,1.15,76.79,144.55,0.70,0.01,-0.20,0.68
62.03,R_MiddleTip,1.49,78.35,138.12,0.98,-0.13,-0.16,-0.07
62.03,R_RingTip,2.75,78.74,137.09,0.93,-0.25,-0.16,-0.20
62.03,R_LittleTip,4.06,79.07,137.01,0.88,-0.35,-0.20,-0.25
62.03,R_ThumbDistal,-1.41,78.91,141.68,0.11,-0.18,0.63,0.75
62.03,R_IndexIntermediate,2.34,81.23,144.09,0.65,0.00,-0.20,0.73
62.03,R_MiddleIntermediate,3.35,79.41,142.52,0.93,-0.14,-0.18,0.30
62.03,R_RingIntermediate,4.60,78.59,141.37,0.93,-0.19,-0.22,0.21
62.03,R_LittleIntermediate,5.77,78.10,140.36,0.92,-0.24,-0.29,0.14
62.03,R_IndexProximal,2.22,83.38,141.00,0.29,0.07,-0.17,0.94
62.03,R_MiddleProximal,4.40,83.11,140.70,0.53,-0.01,-0.22,0.82
62.03,R_ThumbProximal,-0.90,79.83,138.50,0.07,-0.14,0.57,0.81
62.03,R_RingProximal,5.98,81.95,140.05,0.57,-0.03,-0.27,0.77
62.03,L_LittleProximal,-5.94,57.83,95.48,-0.70,-0.29,-0.20,-0.63
62.03,SmallCube,-0.43,76.26,143.90,0.12,-0.06,-0.01,0.99
62.04,Main Camera,-2.47,116.74,88.25,-0.06,0.03,0.02,-1.00
62.04,R_Palm,3.86,81.95,138.00,-0.14,0.06,-0.16,0.97
62.04,R_ThumbTip,-1.69,77.91,144.00,0.12,-0.17,0.63,0.75
62.04,R_IndexTip,1.22,76.77,144.94,0.67,0.02,-0.21,0.71
62.04,R_MiddleTip,1.44,78.27,138.17,0.98,-0.13,-0.16,-0.07
62.04,R_RingTip,2.70,78.66,137.13,0.93,-0.25,-0.16,-0.20
62.04,R_LittleTip,4.02,78.99,137.06,0.88,-0.35,-0.21,-0.25
62.04,R_ThumbDistal,-1.35,78.81,141.76,0.12,-0.17,0.63,0.75
62.04,R_IndexIntermediate,2.36,81.19,144.17,0.63,0.00,-0.21,0.75
62.04,R_MiddleIntermediate,3.34,79.32,142.57,0.93,-0.14,-0.19,0.30
62.04,R_RingIntermediate,4.57,78.50,141.41,0.93,-0.19,-0.23,0.21
62.04,R_LittleIntermediate,5.73,78.00,140.40,0.91,-0.25,-0.29,0.14
62.04,R_IndexProximal,2.24,83.31,141.06,0.29,0.07,-0.17,0.94
62.04,R_MiddleProximal,4.42,83.02,140.76,0.54,-0.01,-0.23,0.81
62.04,R_ThumbProximal,-0.88,79.76,138.58,0.08,-0.14,0.57,0.81
62.04,R_RingProximal,5.99,81.85,140.10,0.57,-0.04,-0.27,0.77
62.04,L_LittleProximal,-5.94,57.86,95.50,-0.70,-0.29,-0.20,-0.62
62.04,SmallCube,-0.36,76.18,144.37,0.08,-0.04,0.00,1.00
62.06,Main Camera,-2.47,116.75,88.25,-0.06,0.03,0.01,-1.00
62.06,R_Palm,3.92,81.86,138.03,-0.14,0.06,-0.17,0.97
62.06,R_ThumbTip,-1.61,77.82,144.03,0.13,-0.17,0.62,0.75
62.06,R_IndexTip,1.34,76.72,145.18,0.65,0.02,-0.21,0.73
62.06,R_MiddleTip,1.44,78.19,138.17,0.97,-0.14,-0.16,-0.07
62.06,R_RingTip,2.68,78.57,137.13,0.93,-0.26,-0.17,-0.20
62.06,R_LittleTip,4.01,78.90,137.05,0.87,-0.36,-0.21,-0.25
62.06,R_ThumbDistal,-1.28,78.75,141.79,0.13,-0.17,0.62,0.75
62.06,R_IndexIntermediate,2.46,81.10,144.22,0.62,0.00,-0.22,0.75
62.06,R_MiddleIntermediate,3.39,79.20,142.58,0.92,-0.15,-0.19,0.29
62.06,R_RingIntermediate,4.60,78.37,141.40,0.93,-0.20,-0.23,0.20
62.06,R_LittleIntermediate,5.75,77.86,140.37,0.91,-0.25,-0.30,0.13
62.06,R_IndexProximal,2.34,83.22,141.11,0.29,0.07,-0.18,0.94
62.06,R_MiddleProximal,4.51,82.89,140.78,0.54,-0.01,-0.23,0.81
62.06,R_ThumbProximal,-0.84,79.72,138.62,0.08,-0.14,0.56,0.81
62.06,R_RingProximal,6.05,81.71,140.11,0.58,-0.04,-0.28,0.77
62.06,L_LittleProximal,-5.94,57.88,95.50,-0.70,-0.29,-0.20,-0.62
62.06,SmallCube,-0.26,76.10,144.68,0.06,-0.03,0.00,1.00
62.07,Main Camera,-2.48,116.75,88.24,-0.06,0.03,0.01,-1.00
62.07,R_Palm,3.98,81.77,138.05,-0.14,0.07,-0.17,0.97
62.07,R_ThumbTip,-1.53,77.74,144.05,0.14,-0.17,0.62,0.75
62.07,R_IndexTip,1.43,76.65,145.34,0.64,0.03,-0.22,0.74
62.07,R_MiddleTip,1.44,78.12,138.18,0.97,-0.15,-0.17,-0.07
62.07,R_RingTip,2.67,78.50,137.13,0.93,-0.27,-0.17,-0.20
62.07,R_LittleTip,4.01,78.81,137.04,0.87,-0.36,-0.22,-0.25
62.07,R_ThumbDistal,-1.21,78.68,141.83,0.14,-0.17,0.62,0.75
62.07,R_IndexIntermediate,2.56,81.01,144.26,0.61,0.00,-0.23,0.76
62.07,R_MiddleIntermediate,3.43,79.08,142.57,0.92,-0.15,-0.20,0.29
62.07,R_RingIntermediate,4.63,78.24,141.39,0.93,-0.20,-0.24,0.20
62.07,R_LittleIntermediate,5.76,77.73,140.34,0.91,-0.26,-0.30,0.13
62.07,R_IndexProximal,2.44,83.13,141.15,0.29,0.07,-0.19,0.94
62.07,R_MiddleProximal,4.60,82.77,140.81,0.54,-0.01,-0.24,0.81
62.07,R_ThumbProximal,-0.79,79.69,138.66,0.09,-0.14,0.55,0.82
62.07,R_RingProximal,6.12,81.57,140.11,0.58,-0.04,-0.29,0.76
62.07,L_LittleProximal,-5.94,57.91,95.51,-0.70,-0.29,-0.20,-0.62
62.07,SmallCube,-0.18,76.02,144.89,0.04,-0.02,0.00,1.00
62.08,Main Camera,-2.49,116.75,88.23,-0.06,0.03,0.01,-1.00
62.08,R_Palm,4.05,81.72,138.08,-0.13,0.07,-0.18,0.97
62.08,R_ThumbTip,-1.42,77.68,144.11,0.14,-0.17,0.61,0.76
62.08,R_IndexTip,1.55,76.61,145.47,0.63,0.03,-0.23,0.74
62.08,R_MiddleTip,1.47,78.09,138.21,0.97,-0.15,-0.17,-0.07
62.08,R_RingTip,2.69,78.46,137.15,0.93,-0.27,-0.18,-0.20
62.08,R_LittleTip,4.03,78.77,137.06,0.87,-0.37,-0.22,-0.25
62.08,R_ThumbDistal,-1.12,78.64,141.89,0.14,-0.17,0.61,0.76
62.08,R_IndexIntermediate,2.68,80.95,144.31,0.61,0.01,-0.23,0.76
62.08,R_MiddleIntermediate,3.52,79.01,142.60,0.92,-0.16,-0.20,0.29
62.08,R_RingIntermediate,4.69,78.16,141.39,0.93,-0.20,-0.25,0.20
62.08,R_LittleIntermediate,5.81,77.65,140.34,0.91,-0.26,-0.31,0.12
62.08,R_IndexProximal,2.55,83.07,141.21,0.29,0.08,-0.19,0.94
62.08,R_MiddleProximal,4.70,82.70,140.85,0.54,-0.01,-0.25,0.80
62.08,R_ThumbProximal,-0.73,79.67,138.72,0.10,-0.14,0.55,0.82
62.08,R_RingProximal,6.21,81.49,140.13,0.58,-0.03,-0.29,0.76
62.08,L_LittleProximal,-5.94,57.99,95.52,-0.70,-0.29,-0.20,-0.62
62.08,SmallCube,-0.06,75.97,145.06,0.03,-0.01,0.00,1.00
62.10,Main Camera,-2.50,116.76,88.22,-0.06,0.03,0.01,-1.00
62.10,R_Palm,4.06,81.75,138.11,-0.13,0.07,-0.18,0.97
62.10,R_ThumbTip,-1.37,77.72,144.16,0.14,-0.17,0.61,0.76
62.10,R_IndexTip,1.59,76.68,145.56,0.63,0.03,-0.23,0.74
62.10,R_MiddleTip,1.47,78.12,138.25,0.97,-0.15,-0.17,-0.07
62.10,R_RingTip,2.68,78.48,137.19,0.93,-0.27,-0.18,-0.20
62.10,R_LittleTip,4.03,78.80,137.09,0.87,-0.37,-0.22,-0.25
62.10,R_ThumbDistal,-1.09,78.68,141.93,0.14,-0.17,0.61,0.76
62.10,R_IndexIntermediate,2.71,81.00,144.35,0.60,0.01,-0.23,0.76
62.10,R_MiddleIntermediate,3.53,79.04,142.63,0.92,-0.16,-0.20,0.29
62.10,R_RingIntermediate,4.71,78.20,141.42,0.93,-0.21,-0.25,0.20
62.10,R_LittleIntermediate,5.82,77.68,140.36,0.91,-0.26,-0.31,0.12
62.10,R_IndexProximal,2.57,83.11,141.24,0.28,0.08,-0.19,0.94
62.10,R_MiddleProximal,4.72,82.73,140.87,0.54,-0.01,-0.25,0.80
62.10,R_ThumbProximal,-0.71,79.71,138.76,0.10,-0.13,0.55,0.82
62.10,R_RingProximal,6.22,81.52,140.14,0.58,-0.03,-0.30,0.76
62.10,L_LittleProximal,-5.93,57.98,95.50,-0.70,-0.29,-0.20,-0.62
62.10,SmallCube,-0.02,76.03,145.17,0.03,-0.01,0.00,1.00
62.11,Main Camera,-2.51,116.75,88.20,-0.06,0.03,0.01,-1.00
62.11,R_Palm,4.09,81.74,138.11,-0.13,0.07,-0.18,0.97
62.11,R_ThumbTip,-1.29,77.68,144.18,0.15,-0.17,0.61,0.76
62.11,R_IndexTip,1.63,76.67,145.57,0.62,0.03,-0.23,0.75
62.11,R_MiddleTip,1.49,78.10,138.26,0.97,-0.15,-0.17,-0.07
62.11,R_RingTip,2.69,78.45,137.20,0.93,-0.27,-0.18,-0.19
62.11,R_LittleTip,4.04,78.78,137.09,0.87,-0.37,-0.22,-0.25
62.11,R_ThumbDistal,-1.02,78.65,141.95,0.15,-0.17,0.61,0.76
62.11,R_IndexIntermediate,2.75,80.99,144.35,0.60,0.01,-0.23,0.76
62.11,R_MiddleIntermediate,3.57,79.03,142.63,0.92,-0.16,-0.21,0.29
62.11,R_RingIntermediate,4.74,78.18,141.42,0.93,-0.21,-0.25,0.20
62.11,R_LittleIntermediate,5.85,77.66,140.36,0.91,-0.26,-0.31,0.12
62.11,R_IndexProximal,2.61,83.10,141.24,0.28,0.08,-0.19,0.94
62.11,R_MiddleProximal,4.76,82.72,140.87,0.54,0.00,-0.25,0.80
62.11,R_ThumbProximal,-0.66,79.68,138.79,0.10,-0.13,0.55,0.82
62.11,R_RingProximal,6.26,81.50,140.14,0.58,-0.03,-0.30,0.76
62.11,L_LittleProximal,-5.93,57.97,95.50,-0.70,-0.29,-0.20,-0.62
62.11,SmallCube,0.01,76.03,145.19,0.03,-0.01,0.00,1.00
62.13,Main Camera,-2.51,116.75,88.18,-0.06,0.03,0.01,-1.00
62.13,R_Palm,4.10,81.74,138.13,-0.13,0.07,-0.18,0.97
62.13,R_ThumbTip,-1.21,77.67,144.23,0.15,-0.17,0.61,0.76
62.13,R_IndexTip,1.64,76.71,145.62,0.62,0.03,-0.23,0.75
62.13,R_MiddleTip,1.49,78.11,138.30,0.97,-0.15,-0.17,-0.06
62.13,R_RingTip,2.68,78.45,137.24,0.93,-0.27,-0.18,-0.19
62.13,R_LittleTip,4.03,78.78,137.12,0.87,-0.37,-0.22,-0.25
62.13,R_ThumbDistal,-0.96,78.64,142.00,0.15,-0.17,0.61,0.76
62.13,R_IndexIntermediate,2.77,81.03,144.38,0.60,0.01,-0.24,0.76
62.13,R_MiddleIntermediate,3.58,79.06,142.66,0.92,-0.16,-0.21,0.29
62.13,R_RingIntermediate,4.74,78.20,141.46,0.92,-0.21,-0.25,0.20
62.13,R_LittleIntermediate,5.85,77.67,140.39,0.90,-0.26,-0.31,0.12
62.13,R_IndexProximal,2.63,83.12,141.26,0.28,0.08,-0.20,0.94
62.13,R_MiddleProximal,4.78,82.73,140.88,0.54,-0.01,-0.25,0.80
62.13,R_ThumbProximal,-0.63,79.68,138.83,0.10,-0.13,0.55,0.82
62.13,R_RingProximal,6.27,81.51,140.15,0.57,-0.03,-0.30,0.76
62.13,L_LittleProximal,-5.94,57.95,95.49,-0.70,-0.29,-0.20,-0.62
62.13,SmallCube,0.02,76.07,145.24,0.03,0.00,0.00,1.00
62.14,Main Camera,-2.52,116.75,88.16,-0.06,0.03,0.01,-1.00
62.14,R_Palm,4.10,81.73,138.14,-0.14,0.07,-0.18,0.97
62.14,R_ThumbTip,-1.14,77.64,144.26,0.15,-0.16,0.61,0.76
62.14,R_IndexTip,1.62,76.74,145.65,0.62,0.03,-0.23,0.75
62.14,R_MiddleTip,1.47,78.10,138.33,0.97,-0.16,-0.17,-0.06
62.14,R_RingTip,2.65,78.44,137.26,0.93,-0.28,-0.18,-0.19
62.14,R_LittleTip,4.00,78.77,137.14,0.87,-0.37,-0.22,-0.25
62.14,R_ThumbDistal,-0.91,78.61,142.04,0.15,-0.16,0.61,0.76
62.14,R_IndexIntermediate,2.76,81.05,144.39,0.60,0.01,-0.24,0.76
62.14,R_MiddleIntermediate,3.56,79.07,142.68,0.92,-0.16,-0.21,0.29
62.14,R_RingIntermediate,4.73,78.20,141.48,0.92,-0.21,-0.25,0.20
62.14,R_LittleIntermediate,5.83,77.66,140.41,0.90,-0.27,-0.31,0.13
62.14,R_IndexProximal,2.62,83.13,141.26,0.28,0.08,-0.20,0.94
62.14,R_MiddleProximal,4.77,82.73,140.88,0.54,-0.01,-0.25,0.80
62.14,R_ThumbProximal,-0.62,79.65,138.86,0.11,-0.12,0.55,0.82
62.14,R_RingProximal,6.26,81.50,140.16,0.57,-0.03,-0.30,0.76
62.14,L_LittleProximal,-5.94,57.95,95.50,-0.70,-0.29,-0.20,-0.62
62.14,SmallCube,-0.01,76.11,145.27,0.02,0.00,0.00,1.00
62.15,Main Camera,-2.53,116.77,88.15,-0.06,0.03,0.01,-1.00
62.15,R_Palm,4.08,81.71,138.15,-0.14,0.07,-0.18,0.97
62.15,R_ThumbTip,-1.09,77.62,144.30,0.16,-0.16,0.61,0.76
62.15,R_IndexTip,1.58,76.77,145.68,0.62,0.03,-0.23,0.75
62.15,R_MiddleTip,1.44,78.09,138.36,0.97,-0.16,-0.17,-0.06
62.15,R_RingTip,2.62,78.42,137.29,0.93,-0.28,-0.18,-0.19
62.15,R_LittleTip,3.97,78.74,137.16,0.87,-0.37,-0.22,-0.24
62.15,R_ThumbDistal,-0.88,78.59,142.07,0.16,-0.16,0.61,0.76
62.15,R_IndexIntermediate,2.74,81.06,144.40,0.60,0.00,-0.24,0.76
62.15,R_MiddleIntermediate,3.54,79.08,142.71,0.92,-0.16,-0.21,0.29
62.15,R_RingIntermediate,4.70,78.20,141.51,0.92,-0.21,-0.25,0.21
62.15,R_LittleIntermediate,5.80,77.65,140.44,0.90,-0.27,-0.31,0.13
62.15,R_IndexProximal,2.61,83.13,141.26,0.28,0.08,-0.20,0.94
62.15,R_MiddleProximal,4.76,82.73,140.89,0.53,-0.01,-0.26,0.81
62.15,R_ThumbProximal,-0.62,79.63,138.90,0.11,-0.12,0.55,0.82
62.15,R_RingProximal,6.24,81.48,140.17,0.57,-0.03,-0.30,0.76
62.15,L_LittleProximal,-5.95,57.94,95.51,-0.70,-0.29,-0.20,-0.62
62.15,SmallCube,-0.04,76.13,145.30,0.02,0.00,-0.01,1.00
62.17,Main Camera,-2.54,116.78,88.14,-0.06,0.03,0.01,-1.00
62.17,R_Palm,4.11,81.68,138.14,-0.14,0.08,-0.19,0.97
62.17,R_ThumbTip,-1.00,77.58,144.32,0.16,-0.16,0.62,0.76
62.17,R_IndexTip,1.60,76.77,145.69,0.62,0.03,-0.24,0.75
62.17,R_MiddleTip,1.45,78.06,138.37,0.97,-0.16,-0.17,-0.06
62.17,R_RingTip,2.63,78.38,137.30,0.93,-0.28,-0.18,-0.18
62.17,R_LittleTip,3.98,78.71,137.16,0.87,-0.38,-0.22,-0.24
62.17,R_ThumbDistal,-0.81,78.55,142.08,0.16,-0.16,0.62,0.76
62.17,R_IndexIntermediate,2.77,81.06,144.39,0.60,0.00,-0.24,0.77
62.17,R_MiddleIntermediate,3.57,79.07,142.71,0.92,-0.16,-0.21,0.29
62.17,R_RingIntermediate,4.72,78.18,141.51,0.92,-0.21,-0.25,0.21
62.17,R_LittleIntermediate,5.82,77.63,140.44,0.90,-0.27,-0.31,0.13
62.17,R_IndexProximal,2.64,83.12,141.25,0.28,0.08,-0.20,0.94
62.17,R_MiddleProximal,4.79,82.71,140.87,0.53,-0.01,-0.26,0.81
62.17,R_ThumbProximal,-0.58,79.59,138.91,0.11,-0.12,0.55,0.82
62.17,R_RingProximal,6.27,81.46,140.15,0.57,-0.03,-0.30,0.76
62.17,L_LittleProximal,-5.95,57.92,95.50,-0.70,-0.29,-0.20,-0.62
62.17,SmallCube,-0.02,76.14,145.32,0.02,0.00,-0.01,1.00
62.18,Main Camera,-2.54,116.79,88.12,-0.06,0.03,0.01,-1.00
62.18,R_Palm,4.11,81.71,138.11,-0.14,0.08,-0.19,0.97
62.18,R_ThumbTip,-0.94,77.61,144.32,0.16,-0.15,0.62,0.76
62.18,R_IndexTip,1.59,76.85,145.69,0.62,0.03,-0.24,0.75
62.18,R_MiddleTip,1.45,78.10,138.36,0.97,-0.16,-0.17,-0.05
62.18,R_RingTip,2.62,78.40,137.31,0.93,-0.28,-0.18,-0.18
62.18,R_LittleTip,3.97,78.73,137.16,0.87,-0.38,-0.22,-0.24
62.18,R_ThumbDistal,-0.77,78.58,142.08,0.16,-0.15,0.62,0.76
62.18,R_IndexIntermediate,2.77,81.13,144.37,0.60,0.00,-0.24,0.77
62.18,R_MiddleIntermediate,3.56,79.13,142.70,0.92,-0.16,-0.21,0.30
62.18,R_RingIntermediate,4.72,78.23,141.52,0.92,-0.21,-0.25,0.21
62.18,R_LittleIntermediate,5.80,77.67,140.43,0.90,-0.27,-0.31,0.13
62.18,R_IndexProximal,2.65,83.17,141.21,0.27,0.08,-0.20,0.94
62.18,R_MiddleProximal,4.79,82.75,140.84,0.53,-0.01,-0.26,0.81
62.18,R_ThumbProximal,-0.56,79.61,138.90,0.11,-0.11,0.56,0.82
62.18,R_RingProximal,6.26,81.50,140.13,0.56,-0.04,-0.31,0.77
62.18,L_LittleProximal,-5.95,57.90,95.50,-0.70,-0.29,-0.20,-0.62
62.18,SmallCube,-0.04,76.22,145.32,0.02,0.00,-0.01,1.00
62.20,Main Camera,-2.53,116.80,88.09,-0.06,0.03,0.01,-1.00
62.20,R_Palm,4.12,81.72,138.09,-0.14,0.08,-0.19,0.97
62.20,R_ThumbTip,-0.86,77.58,144.30,0.16,-0.15,0.62,0.76
62.20,R_IndexTip,1.58,76.87,145.66,0.62,0.02,-0.24,0.75
62.20,R_MiddleTip,1.45,78.12,138.35,0.97,-0.16,-0.17,-0.05
62.20,R_RingTip,2.61,78.40,137.31,0.93,-0.28,-0.18,-0.18
62.20,R_LittleTip,3.97,78.74,137.13,0.87,-0.38,-0.22,-0.24
62.20,R_ThumbDistal,-0.70,78.56,142.06,0.16,-0.15,0.62,0.76
62.20,R_IndexIntermediate,2.77,81.14,144.34,0.60,0.00,-0.24,0.77
62.20,R_MiddleIntermediate,3.57,79.14,142.69,0.92,-0.17,-0.21,0.30
62.20,R_RingIntermediate,4.73,78.24,141.51,0.92,-0.22,-0.25,0.21
62.20,R_LittleIntermediate,5.80,77.67,140.41,0.90,-0.27,-0.31,0.13
62.20,R_IndexProximal,2.66,83.18,141.19,0.27,0.07,-0.20,0.94
62.20,R_MiddleProximal,4.81,82.76,140.81,0.53,-0.01,-0.26,0.81
62.20,R_ThumbProximal,-0.53,79.61,138.89,0.12,-0.11,0.56,0.82
62.20,R_RingProximal,6.28,81.49,140.11,0.56,-0.04,-0.31,0.77
62.20,L_LittleProximal,-5.95,57.91,95.50,-0.70,-0.29,-0.20,-0.62
62.20,SmallCube,-0.05,76.24,145.29,0.02,0.00,-0.01,1.00
62.21,Main Camera,-2.52,116.81,88.07,-0.06,0.03,0.01,-1.00
62.21,R_Palm,4.16,81.73,138.09,-0.14,0.08,-0.19,0.97
62.21,R_ThumbTip,-0.73,77.55,144.31,0.17,-0.15,0.62,0.75
62.21,R_IndexTip,1.60,76.88,145.65,0.62,0.02,-0.24,0.75
62.21,R_MiddleTip,1.48,78.15,138.37,0.97,-0.16,-0.17,-0.05
62.21,R_RingTip,2.63,78.40,137.34,0.93,-0.28,-0.18,-0.17
62.21,R_LittleTip,3.99,78.75,137.14,0.87,-0.38,-0.22,-0.24
62.21,R_ThumbDistal,-0.61,78.53,142.08,0.17,-0.15,0.62,0.75
62.21,R_IndexIntermediate,2.80,81.16,144.34,0.60,0.00,-0.24,0.77
62.21,R_MiddleIntermediate,3.60,79.16,142.71,0.92,-0.17,-0.21,0.30
62.21,R_RingIntermediate,4.76,78.26,141.53,0.92,-0.22,-0.26,0.22
62.21,R_LittleIntermediate,5.83,77.68,140.41,0.90,-0.27,-0.31,0.13
62.21,R_IndexProximal,2.70,83.20,141.19,0.27,0.07,-0.20,0.94
62.21,R_MiddleProximal,4.84,82.77,140.81,0.53,-0.01,-0.26,0.81
62.21,R_ThumbProximal,-0.47,79.60,138.90,0.12,-0.11,0.56,0.81
62.21,R_RingProximal,6.31,81.51,140.11,0.56,-0.04,-0.31,0.77
62.21,L_LittleProximal,-5.96,57.90,95.50,-0.70,-0.29,-0.20,-0.62
62.21,SmallCube,-0.03,76.26,145.28,0.02,-0.01,-0.01,1.00
62.22,Main Camera,-2.51,116.83,88.05,-0.06,0.03,0.01,-1.00
62.22,R_Palm,4.19,81.74,138.09,-0.14,0.08,-0.19,0.97
62.22,R_ThumbTip,-0.60,77.51,144.32,0.17,-0.14,0.62,0.75
62.22,R_IndexTip,1.61,76.89,145.62,0.62,0.02,-0.24,0.75
62.22,R_MiddleTip,1.52,78.17,138.39,0.97,-0.16,-0.17,-0.05
62.22,R_RingTip,2.65,78.40,137.36,0.93,-0.28,-0.18,-0.17
62.22,R_LittleTip,4.01,78.76,137.15,0.87,-0.38,-0.22,-0.24
62.22,R_ThumbDistal,-0.51,78.51,142.09,0.17,-0.14,0.62,0.75
62.22,R_IndexIntermediate,2.83,81.16,144.34,0.60,0.00,-0.24,0.76
62.22,R_MiddleIntermediate,3.64,79.18,142.73,0.92,-0.17,-0.21,0.30
62.22,R_RingIntermediate,4.80,78.28,141.56,0.92,-0.22,-0.26,0.22
62.22,R_LittleIntermediate,5.86,77.69,140.42,0.90,-0.27,-0.31,0.13
62.22,R_IndexProximal,2.73,83.22,141.19,0.28,0.07,-0.20,0.94
62.22,R_MiddleProximal,4.87,82.78,140.81,0.52,-0.01,-0.26,0.81
62.22,R_ThumbProximal,-0.41,79.58,138.92,0.13,-0.10,0.56,0.81
62.22,R_RingProximal,6.34,81.52,140.11,0.56,-0.03,-0.31,0.77
62.22,L_LittleProximal,-5.97,57.89,95.50,-0.70,-0.29,-0.20,-0.62
62.22,SmallCube,-0.02,76.27,145.24,0.02,-0.01,-0.01,1.00
62.24,Main Camera,-2.49,116.85,88.02,-0.06,0.03,0.01,-1.00
62.24,R_Palm,4.23,81.84,138.21,-0.14,0.08,-0.19,0.97
62.24,R_ThumbTip,-0.53,77.62,144.45,0.17,-0.14,0.62,0.75
62.24,R_IndexTip,1.65,77.00,145.73,0.62,0.02,-0.24,0.75
62.24,R_MiddleTip,1.56,78.28,138.52,0.97,-0.16,-0.17,-0.05
62.24,R_RingTip,2.69,78.49,137.51,0.93,-0.28,-0.18,-0.17
62.24,R_LittleTip,4.05,78.87,137.27,0.87,-0.38,-0.23,-0.23
62.24,R_ThumbDistal,-0.45,78.62,142.22,0.17,-0.14,0.62,0.75
62.24,R_IndexIntermediate,2.87,81.28,144.45,0.60,0.00,-0.24,0.76
62.24,R_MiddleIntermediate,3.69,79.30,142.86,0.92,-0.17,-0.21,0.30
62.24,R_RingIntermediate,4.85,78.39,141.69,0.92,-0.22,-0.26,0.22
62.24,R_LittleIntermediate,5.90,77.80,140.54,0.90,-0.27,-0.31,0.13
62.24,R_IndexProximal,2.77,83.33,141.30,0.28,0.07,-0.20,0.94
62.24,R_MiddleProximal,4.91,82.89,140.92,0.52,-0.01,-0.26,0.81
62.24,R_ThumbProximal,-0.37,79.69,139.04,0.13,-0.10,0.56,0.81
62.24,R_RingProximal,6.38,81.63,140.22,0.56,-0.03,-0.31,0.77
62.24,L_LittleProximal,-5.97,57.88,95.49,-0.70,-0.29,-0.20,-0.62
62.24,SmallCube,0.02,76.39,145.35,0.02,-0.01,-0.01,1.00
62.25,Main Camera,-2.48,116.85,87.99,-0.06,0.03,0.01,-1.00
62.25,R_Palm,4.25,81.85,138.25,-0.14,0.08,-0.19,0.97
62.25,R_ThumbTip,-0.50,77.63,144.49,0.18,-0.14,0.62,0.75
62.25,R_IndexTip,1.65,77.00,145.74,0.62,0.02,-0.24,0.75
62.25,R_MiddleTip,1.59,78.29,138.61,0.97,-0.16,-0.17,-0.05
62.25,R_RingTip,2.70,78.48,137.58,0.93,-0.28,-0.19,-0.16
62.25,R_LittleTip,4.06,78.88,137.32,0.87,-0.38,-0.23,-0.23
62.25,R_ThumbDistal,-0.42,78.63,142.26,0.18,-0.14,0.62,0.75
62.25,R_IndexIntermediate,2.89,81.28,144.50,0.60,0.00,-0.24,0.76
62.25,R_MiddleIntermediate,3.72,79.33,142.94,0.92,-0.17,-0.21,0.30
62.25,R_RingIntermediate,4.88,78.41,141.76,0.91,-0.21,-0.26,0.22
62.25,R_LittleIntermediate,5.92,77.81,140.59,0.90,-0.27,-0.32,0.13
62.25,R_IndexProximal,2.79,83.34,141.35,0.28,0.07,-0.20,0.94
62.25,R_MiddleProximal,4.93,82.90,140.97,0.52,-0.01,-0.26,0.81
62.25,R_ThumbProximal,-0.34,79.70,139.09,0.13,-0.10,0.56,0.81
62.25,R_RingProximal,6.40,81.64,140.26,0.55,-0.03,-0.31,0.77
62.25,L_LittleProximal,-5.97,57.92,95.52,-0.70,-0.29,-0.20,-0.62
62.25,SmallCube,0.02,76.40,145.35,0.02,-0.01,-0.01,1.00
62.27,Main Camera,-2.44,116.86,87.94,-0.06,0.03,0.01,-1.00
62.27,R_Palm,4.40,81.95,138.49,-0.14,0.08,-0.19,0.97
62.27,R_ThumbTip,-0.33,77.72,144.73,0.17,-0.14,0.62,0.75
62.27,R_IndexTip,1.81,77.09,145.98,0.62,0.02,-0.24,0.74
62.27,R_MiddleTip,1.76,78.37,138.89,0.97,-0.16,-0.18,-0.05
62.27,R_RingTip,2.85,78.55,137.86,0.93,-0.28,-0.19,-0.16
62.27,R_LittleTip,4.22,78.97,137.56,0.87,-0.38,-0.23,-0.23
62.27,R_ThumbDistal,-0.25,78.72,142.51,0.17,-0.14,0.62,0.75
62.27,R_IndexIntermediate,3.05,81.38,144.73,0.60,0.00,-0.24,0.76
62.27,R_MiddleIntermediate,3.90,79.43,143.21,0.91,-0.17,-0.21,0.30
62.27,R_RingIntermediate,5.06,78.51,142.02,0.91,-0.21,-0.26,0.23
62.27,R_LittleIntermediate,6.08,77.91,140.83,0.90,-0.27,-0.32,0.13
62.27,R_IndexProximal,2.95,83.43,141.58,0.28,0.07,-0.20,0.94
62.27,R_MiddleProximal,5.09,83.00,141.20,0.51,-0.01,-0.26,0.82
62.27,R_ThumbProximal,-0.18,79.79,139.33,0.13,-0.10,0.56,0.81
62.27,R_RingProximal,6.55,81.73,140.50,0.55,-0.03,-0.31,0.78
62.27,L_LittleProximal,-5.96,57.92,95.52,-0.70,-0.29,-0.20,-0.62
62.27,SmallCube,0.18,76.49,145.58,0.02,-0.01,-0.01,1.00
62.28,Main Camera,-2.43,116.87,87.91,-0.06,0.03,0.01,-1.00
62.28,R_Palm,4.41,82.22,138.90,-0.15,0.08,-0.19,0.97
62.28,R_ThumbTip,-0.33,78.02,145.18,0.17,-0.14,0.62,0.75
62.28,R_IndexTip,1.84,77.39,146.41,0.62,0.02,-0.24,0.75
62.28,R_MiddleTip,1.78,78.66,139.34,0.97,-0.16,-0.18,-0.05
62.28,R_RingTip,2.86,78.81,138.30,0.93,-0.29,-0.19,-0.16
62.28,R_LittleTip,4.22,79.23,137.99,0.87,-0.38,-0.23,-0.23
62.28,R_ThumbDistal,-0.23,79.00,142.94,0.17,-0.14,0.62,0.75
62.28,R_IndexIntermediate,3.07,81.67,145.15,0.60,0.00,-0.24,0.76
62.28,R_MiddleIntermediate,3.93,79.73,143.65,0.91,-0.17,-0.21,0.30
62.28,R_RingIntermediate,5.08,78.80,142.46,0.91,-0.21,-0.26,0.23
62.28,R_LittleIntermediate,6.10,78.19,141.25,0.90,-0.27,-0.32,0.14
62.28,R_IndexProximal,2.96,83.71,142.00,0.27,0.07,-0.20,0.94
62.28,R_MiddleProximal,5.10,83.28,141.61,0.51,0.00,-0.26,0.82
62.28,R_ThumbProximal,-0.17,80.06,139.77,0.13,-0.10,0.56,0.81
62.28,R_RingProximal,6.56,82.01,140.91,0.55,-0.03,-0.31,0.78
62.28,L_LittleProximal,-5.96,57.93,95.52,-0.70,-0.29,-0.20,-0.62
62.28,SmallCube,0.20,76.79,146.03,0.02,-0.01,-0.01,1.00
62.29,Main Camera,-2.42,116.90,87.87,-0.06,0.03,0.01,-1.00
62.29,R_Palm,4.45,82.55,139.07,-0.15,0.08,-0.19,0.97
62.29,R_ThumbTip,-0.31,78.42,145.41,0.16,-0.14,0.62,0.76
62.29,R_IndexTip,1.91,77.81,146.65,0.62,0.02,-0.24,0.75
62.29,R_MiddleTip,1.84,79.04,139.54,0.97,-0.17,-0.18,-0.05
62.29,R_RingTip,2.89,79.15,138.51,0.93,-0.29,-0.19,-0.15
62.29,R_LittleTip,4.25,79.56,138.19,0.87,-0.38,-0.23,-0.23
62.29,R_ThumbDistal,-0.17,79.37,143.16,0.16,-0.14,0.62,0.76
62.29,R_IndexIntermediate,3.13,82.07,145.34,0.60,0.00,-0.24,0.77
62.29,R_MiddleIntermediate,3.99,80.11,143.85,0.91,-0.17,-0.21,0.30
62.29,R_RingIntermediate,5.13,79.16,142.66,0.91,-0.22,-0.26,0.23
62.29,R_LittleIntermediate,6.14,78.54,141.45,0.90,-0.28,-0.32,0.14
62.29,R_IndexProximal,3.02,84.08,142.16,0.27,0.08,-0.21,0.94
62.29,R_MiddleProximal,5.15,83.63,141.77,0.51,0.00,-0.26,0.82
62.29,R_ThumbProximal,-0.12,80.40,139.97,0.12,-0.09,0.56,0.81
62.29,R_RingProximal,6.61,82.36,141.07,0.54,-0.03,-0.31,0.78
62.29,L_LittleProximal,-5.97,57.92,95.52,-0.70,-0.29,-0.20,-0.62
62.29,SmallCube,0.27,77.20,146.28,0.02,-0.01,-0.01,1.00
62.31,Main Camera,-2.40,116.93,87.84,-0.06,0.03,0.01,-1.00
62.31,R_Palm,4.51,83.08,139.08,-0.16,0.08,-0.19,0.96
62.31,R_ThumbTip,-0.26,79.08,145.50,0.15,-0.14,0.62,0.76
62.31,R_IndexTip,1.96,78.50,146.75,0.61,0.02,-0.24,0.75
62.31,R_MiddleTip,1.89,79.63,139.60,0.97,-0.17,-0.17,-0.04
62.31,R_RingTip,2.94,79.69,138.58,0.93,-0.29,-0.19,-0.15
62.31,R_LittleTip,4.29,80.08,138.25,0.87,-0.39,-0.22,-0.22
62.31,R_ThumbDistal,-0.09,79.99,143.24,0.15,-0.14,0.62,0.76
62.31,R_IndexIntermediate,3.21,82.73,145.35,0.59,-0.01,-0.25,0.77
62.31,R_MiddleIntermediate,4.05,80.74,143.90,0.91,-0.17,-0.21,0.31
62.31,R_RingIntermediate,5.18,79.76,142.73,0.91,-0.22,-0.26,0.24
62.31,R_LittleIntermediate,6.19,79.11,141.53,0.89,-0.28,-0.32,0.15
62.31,R_IndexProximal,3.09,84.67,142.14,0.26,0.07,-0.21,0.94
62.31,R_MiddleProximal,5.22,84.22,141.75,0.50,-0.01,-0.27,0.83
62.31,R_ThumbProximal,-0.06,80.96,140.03,0.12,-0.09,0.56,0.82
62.31,R_RingProximal,6.68,82.92,141.07,0.53,-0.03,-0.31,0.78
62.31,L_LittleProximal,-5.97,57.91,95.52,-0.70,-0.29,-0.20,-0.62
62.31,SmallCube,0.32,77.89,146.39,0.01,0.00,-0.02,1.00
62.32,Main Camera,-2.37,116.94,87.79,-0.06,0.03,0.01,-1.00
62.32,R_Palm,4.57,83.56,139.09,-0.17,0.08,-0.20,0.96
62.32,R_ThumbTip,-0.22,79.70,145.61,0.14,-0.14,0.62,0.76
62.32,R_IndexTip,2.01,79.15,146.86,0.60,0.02,-0.25,0.76
62.32,R_MiddleTip,1.94,80.16,139.68,0.97,-0.18,-0.17,-0.04
62.32,R_RingTip,2.98,80.18,138.66,0.93,-0.30,-0.18,-0.14
62.32,R_LittleTip,4.33,80.54,138.33,0.87,-0.39,-0.22,-0.21
62.32,R_ThumbDistal,-0.03,80.55,143.33,0.14,-0.14,0.62,0.76
62.32,R_IndexIntermediate,3.27,83.34,145.38,0.58,-0.01,-0.25,0.78
62.32,R_MiddleIntermediate,4.10,81.31,143.96,0.91,-0.18,-0.21,0.31
62.32,R_RingIntermediate,5.23,80.31,142.81,0.91,-0.23,-0.26,0.25
62.32,R_LittleIntermediate,6.23,79.63,141.62,0.89,-0.29,-0.32,0.16
62.32,R_IndexProximal,3.16,85.22,142.12,0.25,0.07,-0.21,0.94
62.32,R_MiddleProximal,5.29,84.74,141.74,0.49,-0.01,-0.27,0.83
62.32,R_ThumbProximal,0.01,81.46,140.10,0.11,-0.08,0.56,0.82
62.32,R_RingProximal,6.73,83.42,141.08,0.53,-0.04,-0.32,0.79
62.32,L_LittleProximal,-5.97,57.93,95.52,-0.70,-0.29,-0.20,-0.62
62.32,SmallCube,0.37,78.54,146.51,0.00,0.00,-0.02,1.00
62.33,Main Camera,-2.34,116.95,87.74,-0.06,0.03,0.01,-1.00
62.33,R_Palm,4.61,84.30,139.06,-0.18,0.08,-0.20,0.96
62.33,R_ThumbTip,-0.13,80.61,145.70,0.13,-0.13,0.62,0.77
62.33,R_IndexTip,2.06,80.10,146.94,0.59,0.01,-0.25,0.77
62.33,R_MiddleTip,1.97,80.93,139.76,0.97,-0.18,-0.17,-0.02
62.33,R_RingTip,3.00,80.93,138.73,0.93,-0.30,-0.18,-0.13
62.33,R_LittleTip,4.35,81.27,138.38,0.87,-0.40,-0.22,-0.20
62.33,R_ThumbDistal,0.05,81.41,143.40,0.13,-0.13,0.62,0.77
62.33,R_IndexIntermediate,3.35,84.25,145.36,0.57,-0.01,-0.25,0.78
62.33,R_MiddleIntermediate,4.16,82.19,144.00,0.90,-0.18,-0.21,0.33
62.33,R_RingIntermediate,5.27,81.14,142.85,0.90,-0.23,-0.26,0.26
62.33,R_LittleIntermediate,6.26,80.42,141.68,0.89,-0.29,-0.32,0.17
62.33,R_IndexProximal,3.23,86.05,142.06,0.24,0.07,-0.22,0.94
62.33,R_MiddleProximal,5.35,85.54,141.68,0.48,-0.01,-0.27,0.84
62.33,R_ThumbProximal,0.06,82.25,140.16,0.10,-0.07,0.56,0.82
62.33,R_RingProximal,6.79,84.20,141.05,0.51,-0.04,-0.32,0.79
62.33,L_LittleProximal,-5.98,57.93,95.51,-0.70,-0.29,-0.20,-0.62
62.33,SmallCube,0.41,79.50,146.62,-0.01,0.00,-0.02,1.00
62.35,Main Camera,-2.32,116.97,87.69,-0.05,0.03,0.01,-1.00
62.35,R_Palm,4.63,84.82,139.05,-0.19,0.08,-0.21,0.96
62.35,R_ThumbTip,-0.08,81.26,145.78,0.12,-0.12,0.61,0.77
62.35,R_IndexTip,2.03,80.77,146.95,0.59,0.01,-0.26,0.77
62.35,R_MiddleTip,1.96,81.49,139.83,0.97,-0.19,-0.17,-0.01
62.35,R_RingTip,2.98,81.46,138.79,0.93,-0.31,-0.18,-0.12
62.35,R_LittleTip,4.33,81.78,138.42,0.87,-0.41,-0.22,-0.19
62.35,R_ThumbDistal,0.10,82.02,143.47,0.12,-0.12,0.61,0.77
62.35,R_IndexIntermediate,3.38,84.90,145.35,0.57,-0.02,-0.26,0.78
62.35,R_MiddleIntermediate,4.17,82.80,144.03,0.90,-0.19,-0.21,0.33
62.35,R_RingIntermediate,5.27,81.72,142.90,0.90,-0.24,-0.26,0.27
62.35,R_LittleIntermediate,6.24,80.97,141.73,0.88,-0.30,-0.32,0.17
62.35,R_IndexProximal,3.27,86.63,142.01,0.23,0.07,-0.22,0.95
62.35,R_MiddleProximal,5.39,86.10,141.64,0.47,-0.02,-0.28,0.84
62.35,R_ThumbProximal,0.09,82.80,140.21,0.10,-0.06,0.56,0.82
62.35,R_RingProximal,6.81,84.74,141.03,0.51,-0.04,-0.33,0.80
62.35,L_LittleProximal,-5.98,57.95,95.51,-0.70,-0.29,-0.20,-0.62
62.35,SmallCube,0.38,80.19,146.64,-0.02,0.00,-0.03,1.00
62.36,Main Camera,-2.29,117.00,87.63,-0.05,0.03,0.01,-1.00
62.36,R_Palm,4.74,85.38,139.00,-0.20,0.08,-0.21,0.95
62.36,R_ThumbTip,0.11,81.90,145.82,0.12,-0.12,0.61,0.77
62.36,R_IndexTip,2.04,81.33,146.72,0.60,0.00,-0.26,0.75
62.36,R_MiddleTip,2.05,82.09,139.84,0.97,-0.19,-0.17,-0.01
62.36,R_RingTip,3.07,82.05,138.79,0.93,-0.31,-0.18,-0.11
62.36,R_LittleTip,4.41,82.34,138.42,0.87,-0.41,-0.22,-0.18
62.36,R_ThumbDistal,0.26,82.63,143.49,0.12,-0.12,0.61,0.77
62.36,R_IndexIntermediate,3.49,85.48,145.27,0.58,-0.02,-0.26,0.77
62.36,R_MiddleIntermediate,4.30,83.44,144.01,0.90,-0.19,-0.22,0.34
62.36,R_RingIntermediate,5.38,82.34,142.89,0.89,-0.24,-0.26,0.27
62.36,R_LittleIntermediate,6.35,81.57,141.72,0.88,-0.30,-0.32,0.18
62.36,R_IndexProximal,3.40,87.25,141.95,0.23,0.07,-0.23,0.94
62.36,R_MiddleProximal,5.52,86.70,141.56,0.46,-0.02,-0.28,0.84
62.36,R_ThumbProximal,0.22,83.38,140.23,0.10,-0.06,0.55,0.82
62.36,R_RingProximal,6.92,85.32,140.96,0.50,-0.04,-0.33,0.80
62.36,L_LittleProximal,-5.99,57.94,95.48,-0.70,-0.29,-0.20,-0.62
62.36,SmallCube,0.38,80.79,146.36,0.00,-0.01,-0.04,1.00
62.38,Main Camera,-2.26,117.02,87.57,-0.05,0.03,0.01,-1.00
62.38,R_Palm,4.90,86.12,138.95,-0.20,0.08,-0.21,0.95
62.38,R_ThumbTip,0.39,82.66,145.86,0.12,-0.11,0.62,0.77
62.38,R_IndexTip,2.06,81.97,146.30,0.64,-0.01,-0.26,0.73
62.38,R_MiddleTip,2.22,82.84,139.85,0.97,-0.19,-0.18,0.00
62.38,R_RingTip,3.23,82.79,138.80,0.93,-0.31,-0.18,-0.11
62.38,R_LittleTip,4.57,83.07,138.41,0.87,-0.41,-0.22,-0.18
62.38,R_ThumbDistal,0.51,83.37,143.53,0.12,-0.11,0.62,0.77
62.38,R_IndexIntermediate,3.63,86.17,145.17,0.61,-0.03,-0.26,0.75
62.38,R_MiddleIntermediate,4.50,84.24,144.00,0.89,-0.19,-0.22,0.35
62.38,R_RingIntermediate,5.58,83.12,142.87,0.89,-0.24,-0.27,0.28
62.38,R_LittleIntermediate,6.53,82.34,141.71,0.88,-0.30,-0.32,0.19
62.38,R_IndexProximal,3.58,88.02,141.89,0.24,0.07,-0.23,0.94
62.38,R_MiddleProximal,5.69,87.47,141.50,0.45,-0.01,-0.28,0.85
62.38,R_ThumbProximal,0.41,84.10,140.26,0.10,-0.05,0.56,0.82
62.38,R_RingProximal,7.09,86.08,140.90,0.49,-0.04,-0.33,0.80
62.38,L_LittleProximal,-5.99,57.95,95.49,-0.70,-0.29,-0.20,-0.62
62.38,SmallCube,0.40,81.49,145.84,0.04,-0.02,-0.05,1.00
62.39,Main Camera,-2.23,117.05,87.51,-0.05,0.03,0.01,-1.00
62.39,R_Palm,5.03,86.74,138.92,-0.21,0.09,-0.21,0.95
62.39,R_ThumbTip,0.64,83.32,145.91,0.13,-0.10,0.62,0.77
62.39,R_IndexTip,2.11,82.57,146.03,0.65,-0.02,-0.26,0.71
62.39,R_MiddleTip,2.36,83.48,139.88,0.96,-0.19,-0.18,0.00
62.39,R_RingTip,3.37,83.42,138.82,0.92,-0.32,-0.19,-0.10
62.39,R_LittleTip,4.69,83.69,138.42,0.87,-0.41,-0.22,-0.17
62.39,R_ThumbDistal,0.73,84.02,143.57,0.13,-0.10,0.62,0.77
62.39,R_IndexIntermediate,3.76,86.79,145.10,0.62,-0.04,-0.26,0.74
62.39,R_MiddleIntermediate,4.67,84.92,143.99,0.89,-0.19,-0.22,0.35
62.39,R_RingIntermediate,5.74,83.79,142.87,0.89,-0.24,-0.27,0.28
62.39,R_LittleIntermediate,6.69,83.00,141.71,0.88,-0.30,-0.32,0.19
62.39,R_IndexProximal,3.74,88.68,141.85,0.25,0.06,-0.23,0.94
62.39,R_MiddleProximal,5.84,88.12,141.44,0.45,-0.01,-0.28,0.85
62.39,R_ThumbProximal,0.58,84.71,140.30,0.10,-0.04,0.56,0.82
62.39,R_RingProximal,7.24,86.73,140.85,0.49,-0.04,-0.33,0.81
62.39,L_LittleProximal,-5.99,57.97,95.50,-0.70,-0.29,-0.20,-0.62
62.39,SmallCube,0.45,82.14,145.52,0.06,-0.03,-0.06,1.00
62.40,Main Camera,-2.21,117.06,87.45,-0.05,0.03,0.01,-1.00
62.40,R_Palm,5.08,87.30,139.00,-0.22,0.09,-0.20,0.95
62.40,R_ThumbTip,0.85,83.86,146.05,0.13,-0.09,0.62,0.77
62.40,R_IndexTip,1.95,83.02,145.54,0.70,-0.03,-0.25,0.67
62.40,R_MiddleTip,2.44,84.06,140.00,0.96,-0.19,-0.18,0.01
62.40,R_RingTip,3.43,83.98,138.94,0.93,-0.31,-0.19,-0.10
62.40,R_LittleTip,4.75,84.24,138.53,0.87,-0.41,-0.22,-0.16
62.40,R_ThumbDistal,0.89,84.54,143.71,0.13,-0.09,0.62,0.77
62.40,R_IndexIntermediate,3.74,87.27,145.09,0.66,-0.05,-0.26,0.71
62.40,R_MiddleIntermediate,4.75,85.54,144.09,0.89,-0.19,-0.22,0.36
62.40,R_RingIntermediate,5.82,84.41,142.98,0.89,-0.24,-0.27,0.29
62.40,R_LittleIntermediate,6.76,83.60,141.82,0.87,-0.30,-0.32,0.20
62.40,R_IndexProximal,3.79,89.27,141.90,0.27,0.06,-0.23,0.93
62.40,R_MiddleProximal,5.89,88.72,141.50,0.44,-0.01,-0.28,0.85
62.40,R_ThumbProximal,0.70,85.22,140.43,0.10,-0.03,0.56,0.82
62.40,R_RingProximal,7.29,87.32,140.91,0.48,-0.04,-0.33,0.81
62.40,L_LittleProximal,-5.98,58.00,95.51,-0.70,-0.30,-0.21,-0.62
62.40,SmallCube,0.32,82.70,144.91,0.11,-0.06,-0.07,0.99
62.42,Main Camera,-2.17,117.10,87.39,-0.05,0.03,0.01,-1.00
62.42,R_Palm,5.08,87.64,138.98,-0.22,0.09,-0.20,0.95
62.42,R_ThumbTip,0.90,84.22,146.08,0.13,-0.09,0.63,0.77
62.42,R_IndexTip,1.85,83.33,145.17,0.72,-0.04,-0.24,0.65
62.42,R_MiddleTip,2.47,84.38,140.02,0.97,-0.19,-0.18,0.01
62.42,R_RingTip,3.47,84.30,138.96,0.93,-0.31,-0.18,-0.09
62.42,R_LittleTip,4.78,84.57,138.55,0.87,-0.41,-0.22,-0.16
62.42,R_ThumbDistal,0.94,84.88,143.73,0.13,-0.09,0.63,0.77
62.42,R_IndexIntermediate,3.69,87.58,145.02,0.68,-0.05,-0.25,0.69
62.42,R_MiddleIntermediate,4.77,85.93,144.09,0.89,-0.19,-0.22,0.36
62.42,R_RingIntermediate,5.85,84.80,142.99,0.89,-0.24,-0.27,0.29
62.42,R_LittleIntermediate,6.80,83.99,141.84,0.87,-0.30,-0.32,0.21
62.42,R_IndexProximal,3.76,89.62,141.87,0.28,0.06,-0.22,0.93
62.42,R_MiddleProximal,5.88,89.09,141.46,0.44,-0.01,-0.28,0.86
62.42,R_ThumbProximal,0.72,85.53,140.44,0.10,-0.03,0.57,0.82
62.42,R_RingProximal,7.29,87.70,140.89,0.48,-0.04,-0.33,0.82
62.42,L_LittleProximal,-5.98,57.99,95.51,-0.70,-0.30,-0.21,-0.62
62.42,SmallCube,0.24,83.08,144.45,0.15,-0.07,-0.08,0.98
62.43,Main Camera,-2.14,117.14,87.33,-0.05,0.03,0.01,-1.00
62.43,R_Palm,5.14,88.05,138.99,-0.23,0.09,-0.20,0.95
62.43,R_ThumbTip,1.02,84.68,146.14,0.12,-0.08,0.63,0.76
62.43,R_IndexTip,1.96,83.79,145.19,0.72,-0.04,-0.24,0.65
62.43,R_MiddleTip,2.56,84.79,140.07,0.97,-0.19,-0.18,0.02
62.43,R_RingTip,3.55,84.71,139.01,0.93,-0.31,-0.19,-0.08
62.43,R_LittleTip,4.86,84.98,138.59,0.87,-0.41,-0.22,-0.15
62.43,R_ThumbDistal,1.04,85.31,143.78,0.12,-0.08,0.63,0.76
62.43,R_IndexIntermediate,3.77,88.04,145.04,0.68,-0.05,-0.25,0.69
62.43,R_MiddleIntermediate,4.86,86.40,144.12,0.89,-0.18,-0.22,0.37
62.43,R_RingIntermediate,5.95,85.26,143.03,0.89,-0.24,-0.27,0.30
62.43,R_LittleIntermediate,6.90,84.44,141.88,0.87,-0.30,-0.32,0.21
62.43,R_IndexProximal,3.82,90.06,141.86,0.27,0.06,-0.22,0.93
62.43,R_MiddleProximal,5.94,89.54,141.45,0.43,-0.01,-0.27,0.86
62.43,R_ThumbProximal,0.80,85.92,140.49,0.09,-0.02,0.57,0.82
62.43,R_RingProximal,7.36,88.15,140.89,0.47,-0.04,-0.33,0.82
62.43,L_LittleProximal,-5.98,57.98,95.53,-0.70,-0.30,-0.21,-0.62
62.43,SmallCube,0.35,83.53,144.48,0.15,-0.07,-0.08,0.98
62.45,Main Camera,-2.12,117.17,87.26,-0.05,0.02,0.01,-1.00
62.45,R_Palm,5.26,88.35,139.04,-0.23,0.08,-0.20,0.95
62.45,R_ThumbTip,1.14,85.04,146.23,0.12,-0.08,0.63,0.76
62.45,R_IndexTip,2.09,84.15,145.30,0.72,-0.04,-0.24,0.65
62.45,R_MiddleTip,2.68,85.04,140.22,0.97,-0.18,-0.18,0.03
62.45,R_RingTip,3.67,84.97,139.16,0.93,-0.31,-0.19,-0.07
62.45,R_LittleTip,4.96,85.23,138.73,0.87,-0.41,-0.22,-0.14
62.45,R_ThumbDistal,1.16,85.65,143.86,0.12,-0.08,0.63,0.76
62.45,R_IndexIntermediate,3.89,88.40,145.09,0.67,-0.05,-0.25,0.69
62.45,R_MiddleIntermediate,5.01,86.76,144.21,0.88,-0.18,-0.22,0.38
62.45,R_RingIntermediate,6.10,85.61,143.14,0.88,-0.24,-0.27,0.31
62.45,R_LittleIntermediate,7.06,84.78,142.01,0.87,-0.30,-0.32,0.23
62.45,R_IndexProximal,3.95,90.38,141.89,0.27,0.06,-0.22,0.94
62.45,R_MiddleProximal,6.06,89.86,141.49,0.42,-0.01,-0.27,0.86
62.45,R_ThumbProximal,0.92,86.23,140.57,0.09,-0.02,0.57,0.82
62.45,R_RingProximal,7.48,88.47,140.94,0.46,-0.03,-0.33,0.82
62.45,L_LittleProximal,-5.97,57.96,95.54,-0.70,-0.30,-0.20,-0.62
62.45,SmallCube,0.48,83.87,144.58,0.14,-0.08,-0.07,0.98
62.46,Main Camera,-2.09,117.20,87.19,-0.05,0.02,0.01,-1.00
62.46,R_Palm,5.34,88.60,138.93,-0.24,0.09,-0.20,0.95
62.46,R_ThumbTip,1.20,85.32,146.13,0.12,-0.08,0.63,0.76
62.46,R_IndexTip,2.19,84.43,145.22,0.72,-0.04,-0.24,0.65
62.46,R_MiddleTip,2.76,85.26,140.19,0.96,-0.18,-0.18,0.04
62.46,R_RingTip,3.75,85.19,139.13,0.93,-0.31,-0.19,-0.06
62.46,R_LittleTip,5.03,85.43,138.73,0.87,-0.41,-0.23,-0.12
62.46,R_ThumbDistal,1.22,85.93,143.76,0.12,-0.08,0.63,0.76
62.46,R_IndexIntermediate,3.98,88.69,144.98,0.67,-0.05,-0.24,0.70
62.46,R_MiddleIntermediate,5.12,87.05,144.13,0.88,-0.18,-0.22,0.39
62.46,R_RingIntermediate,6.22,85.90,143.08,0.88,-0.23,-0.27,0.32
62.46,R_LittleIntermediate,7.19,85.06,141.96,0.87,-0.30,-0.33,0.24
62.46,R_IndexProximal,4.04,90.64,141.77,0.26,0.05,-0.22,0.94
62.46,R_MiddleProximal,6.15,90.12,141.36,0.42,-0.01,-0.27,0.87
62.46,R_ThumbProximal,1.00,86.49,140.47,0.09,-0.02,0.57,0.82
62.46,R_RingProximal,7.57,88.73,140.82,0.45,-0.03,-0.33,0.83
62.46,L_LittleProximal,-5.98,57.95,95.54,-0.70,-0.30,-0.20,-0.62
62.46,SmallCube,0.58,84.15,144.51,0.14,-0.08,-0.07,0.98
62.47,Main Camera,-2.06,117.23,87.12,-0.05,0.02,0.01,-1.00
62.47,R_Palm,5.43,88.87,138.83,-0.24,0.09,-0.20,0.95
62.47,R_ThumbTip,1.22,85.64,146.04,0.11,-0.08,0.63,0.77
62.47,R_IndexTip,2.29,84.74,145.16,0.72,-0.04,-0.23,0.66
62.47,R_MiddleTip,2.84,85.49,140.17,0.96,-0.18,-0.19,0.05
62.47,R_RingTip,3.83,85.44,139.11,0.93,-0.31,-0.19,-0.06
62.47,R_LittleTip,5.10,85.67,138.72,0.88,-0.41,-0.23,-0.11
62.47,R_ThumbDistal,1.26,86.23,143.67,0.11,-0.08,0.63,0.77
62.47,R_IndexIntermediate,4.07,89.00,144.89,0.67,-0.06,-0.24,0.70
62.47,R_MiddleIntermediate,5.22,87.37,144.06,0.87,-0.18,-0.22,0.40
62.47,R_RingIntermediate,6.33,86.21,143.03,0.88,-0.23,-0.27,0.32
62.47,R_LittleIntermediate,7.32,85.37,141.92,0.86,-0.30,-0.33,0.25
62.47,R_IndexProximal,4.13,90.94,141.67,0.26,0.05,-0.22,0.94
62.47,R_MiddleProximal,6.24,90.41,141.26,0.41,-0.01,-0.28,0.87
62.47,R_ThumbProximal,1.06,86.78,140.37,0.09,-0.02,0.57,0.82
62.47,R_RingProximal,7.66,89.01,140.72,0.45,-0.03,-0.33,0.83
62.47,L_LittleProximal,-5.99,57.93,95.53,-0.70,-0.30,-0.20,-0.62
62.47,SmallCube,0.68,84.45,144.44,0.13,-0.08,-0.07,0.99
62.49,Main Camera,-2.03,117.26,87.04,-0.04,0.02,0.01,-1.00
62.49,R_Palm,5.44,89.47,138.61,-0.24,0.09,-0.20,0.95
62.49,R_ThumbTip,1.06,86.33,145.82,0.11,-0.09,0.62,0.77
62.49,R_IndexTip,2.31,85.35,145.00,0.71,-0.04,-0.24,0.66
62.49,R_MiddleTip,2.85,86.07,140.00,0.96,-0.19,-0.19,0.06
62.49,R_RingTip,3.84,86.02,138.94,0.93,-0.31,-0.19,-0.05
62.49,R_LittleTip,5.09,86.23,138.56,0.87,-0.41,-0.23,-0.10
62.49,R_ThumbDistal,1.15,86.91,143.45,0.11,-0.09,0.62,0.77
62.49,R_IndexIntermediate,4.11,89.61,144.68,0.66,-0.06,-0.25,0.70
62.49,R_MiddleIntermediate,5.26,87.97,143.86,0.87,-0.18,-0.22,0.40
62.49,R_RingIntermediate,6.37,86.81,142.84,0.87,-0.24,-0.27,0.33
62.49,R_LittleIntermediate,7.36,85.96,141.74,0.86,-0.30,-0.33,0.26
62.49,R_IndexProximal,4.18,91.53,141.45,0.26,0.05,-0.22,0.94
62.49,R_MiddleProximal,6.28,90.99,141.04,0.41,-0.01,-0.28,0.87
62.49,R_ThumbProximal,1.01,87.44,140.14,0.08,-0.03,0.56,0.82
62.49,R_RingProximal,7.69,89.59,140.49,0.44,-0.03,-0.33,0.83
62.49,L_LittleProximal,-5.97,57.91,95.53,-0.70,-0.30,-0.20,-0.62
62.49,SmallCube,0.70,85.06,144.29,0.13,-0.08,-0.07,0.99
62.50,Main Camera,-2.01,117.30,86.97,-0.04,0.02,0.01,-1.00
62.50,R_Palm,5.55,89.82,138.67,-0.24,0.09,-0.20,0.95
62.50,R_ThumbTip,0.86,86.83,145.87,0.08,-0.10,0.62,0.78
62.50,R_IndexTip,2.77,85.99,146.04,0.64,-0.02,-0.25,0.72
62.50,R_MiddleTip,2.93,86.43,140.08,0.96,-0.19,-0.19,0.06
62.50,R_RingTip,3.91,86.38,139.00,0.93,-0.32,-0.19,-0.05
62.50,R_LittleTip,5.17,86.58,138.62,0.87,-0.42,-0.24,-0.11
62.50,R_ThumbDistal,1.08,87.37,143.50,0.08,-0.10,0.62,0.78
62.50,R_IndexIntermediate,4.36,90.17,144.88,0.59,-0.04,-0.26,0.76
62.50,R_MiddleIntermediate,5.37,88.31,143.93,0.87,-0.18,-0.23,0.40
62.50,R_RingIntermediate,6.46,87.13,142.89,0.87,-0.24,-0.28,0.33
62.50,R_LittleIntermediate,7.44,86.27,141.79,0.86,-0.30,-0.34,0.25
62.50,R_IndexProximal,4.31,91.88,141.53,0.23,0.06,-0.23,0.95
62.50,R_MiddleProximal,6.41,91.32,141.10,0.41,-0.01,-0.28,0.87
62.50,R_ThumbProximal,1.04,87.87,140.18,0.07,-0.04,0.56,0.83
62.50,R_RingProximal,7.81,89.90,140.55,0.44,-0.03,-0.33,0.83
62.50,L_LittleProximal,-5.96,57.89,95.53,-0.70,-0.30,-0.20,-0.62
62.50,SmallCube,1.12,85.54,145.53,0.04,-0.04,-0.05,1.00
62.52,Main Camera,-1.98,117.33,86.90,-0.04,0.02,0.01,-1.00
62.52,R_Palm,5.76,90.24,138.61,-0.23,0.09,-0.21,0.94
62.52,R_ThumbTip,0.86,87.34,145.79,0.07,-0.12,0.61,0.78
62.52,R_IndexTip,3.34,86.85,146.85,0.56,0.00,-0.26,0.78
62.52,R_MiddleTip,3.10,86.88,140.01,0.96,-0.20,-0.19,0.06
62.52,R_RingTip,4.08,86.83,138.93,0.92,-0.32,-0.19,-0.06
62.52,R_LittleTip,5.34,87.01,138.55,0.87,-0.42,-0.23,-0.11
62.52,R_ThumbDistal,1.19,87.85,143.43,0.07,-0.12,0.61,0.78
62.52,R_IndexIntermediate,4.69,90.83,144.91,0.53,-0.02,-0.26,0.81
62.52,R_MiddleIntermediate,5.56,88.73,143.87,0.87,-0.19,-0.23,0.40
62.52,R_RingIntermediate,6.63,87.54,142.83,0.87,-0.24,-0.28,0.32
62.52,R_LittleIntermediate,7.60,86.67,141.72,0.85,-0.31,-0.34,0.25
62.52,R_IndexProximal,4.55,92.32,141.46,0.19,0.07,-0.23,0.95
62.52,R_MiddleProximal,6.64,91.73,141.05,0.41,-0.01,-0.29,0.87
62.52,R_ThumbProximal,1.23,88.35,140.11,0.06,-0.05,0.55,0.83
62.52,R_RingProximal,8.02,90.30,140.49,0.44,-0.03,-0.34,0.83
62.52,L_LittleProximal,-5.95,57.88,95.53,-0.70,-0.30,-0.20,-0.62
62.52,SmallCube,1.68,86.26,146.58,-0.05,0.00,-0.03,1.00
62.53,Main Camera,-1.95,117.37,86.83,-0.04,0.02,0.01,-1.00
62.53,R_Palm,5.84,90.66,138.66,-0.24,0.09,-0.22,0.94
62.53,R_ThumbTip,0.69,87.99,145.82,0.04,-0.13,0.60,0.79
62.53,R_IndexTip,3.45,87.60,147.25,0.52,0.00,-0.27,0.81
62.53,R_MiddleTip,3.10,87.38,140.08,0.96,-0.21,-0.18,0.06
62.53,R_RingTip,4.10,87.30,139.00,0.92,-0.33,-0.18,-0.05
62.53,R_LittleTip,5.35,87.44,138.64,0.87,-0.43,-0.23,-0.11
62.53,R_ThumbDistal,1.14,88.43,143.46,0.04,-0.13,0.60,0.79
62.53,R_IndexIntermediate,4.76,91.41,144.97,0.50,-0.02,-0.27,0.82
62.53,R_MiddleIntermediate,5.56,89.23,143.94,0.86,-0.20,-0.23,0.40
62.53,R_RingIntermediate,6.61,88.00,142.92,0.87,-0.26,-0.28,0.32
62.53,R_LittleIntermediate,7.58,87.10,141.84,0.85,-0.32,-0.33,0.25
62.53,R_IndexProximal,4.65,92.80,141.48,0.18,0.06,-0.24,0.95
62.53,R_MiddleProximal,6.73,92.16,141.09,0.41,-0.02,-0.29,0.87
62.53,R_ThumbProximal,1.26,88.87,140.14,0.05,-0.05,0.54,0.84
62.53,R_RingProximal,8.08,90.69,140.56,0.44,-0.05,-0.35,0.83
62.53,L_LittleProximal,-5.96,57.88,95.52,-0.70,-0.30,-0.20,-0.62
62.53,SmallCube,1.78,86.99,147.09,-0.10,0.02,-0.03,0.99
62.54,Main Camera,-1.93,117.42,86.76,-0.04,0.02,0.01,-1.00
62.54,R_Palm,5.84,90.94,138.70,-0.25,0.08,-0.23,0.94
62.54,R_ThumbTip,0.73,88.32,145.89,0.04,-0.13,0.60,0.79
62.54,R_IndexTip,3.27,88.10,147.31,0.52,-0.01,-0.27,0.81
62.54,R_MiddleTip,3.03,87.77,140.13,0.96,-0.22,-0.17,0.06
62.54,R_RingTip,4.04,87.65,139.06,0.92,-0.34,-0.17,-0.05
62.54,R_LittleTip,5.29,87.74,138.72,0.86,-0.44,-0.21,-0.10
62.54,R_ThumbDistal,1.20,88.75,143.53,0.04,-0.13,0.60,0.79
62.54,R_IndexIntermediate,4.68,91.84,144.97,0.49,-0.04,-0.27,0.82
62.54,R_MiddleIntermediate,5.45,89.63,144.00,0.86,-0.22,-0.22,0.40
62.54,R_RingIntermediate,6.50,88.36,143.02,0.87,-0.27,-0.27,0.32
62.54,R_LittleIntermediate,7.46,87.41,141.96,0.85,-0.33,-0.33,0.25
62.54,R_IndexProximal,4.64,93.16,141.45,0.17,0.05,-0.25,0.95
62.54,R_MiddleProximal,6.72,92.48,141.10,0.40,-0.03,-0.30,0.87
62.54,R_ThumbProximal,1.29,89.16,140.20,0.04,-0.05,0.54,0.84
62.54,R_RingProximal,8.04,90.98,140.63,0.43,-0.06,-0.35,0.83
62.54,L_LittleProximal,-5.96,57.90,95.52,-0.70,-0.30,-0.20,-0.62
62.54,SmallCube,1.59,87.52,147.14,-0.11,0.01,-0.04,0.99
62.56,Main Camera,-1.90,117.48,86.69,-0.04,0.02,0.01,-1.00
62.56,R_Palm,5.84,91.22,138.72,-0.25,0.08,-0.24,0.93
62.56,R_ThumbTip,0.74,88.70,145.93,0.03,-0.13,0.60,0.79
62.56,R_IndexTip,3.12,88.60,147.35,0.51,-0.02,-0.28,0.81
62.56,R_MiddleTip,2.98,88.17,140.15,0.96,-0.23,-0.17,0.06
62.56,R_RingTip,4.00,88.01,139.10,0.92,-0.35,-0.16,-0.05
62.56,R_LittleTip,5.25,88.06,138.78,0.86,-0.45,-0.20,-0.10
62.56,R_ThumbDistal,1.23,89.09,143.57,0.03,-0.13,0.60,0.79
62.56,R_IndexIntermediate,4.62,92.27,144.96,0.49,-0.05,-0.28,0.83
62.56,R_MiddleIntermediate,5.37,90.03,144.04,0.86,-0.23,-0.22,0.41
62.56,R_RingIntermediate,6.40,88.72,143.09,0.86,-0.28,-0.26,0.33
62.56,R_LittleIntermediate,7.36,87.75,142.07,0.85,-0.34,-0.32,0.25
62.56,R_IndexProximal,4.64,93.53,141.41,0.17,0.04,-0.25,0.95
62.56,R_MiddleProximal,6.71,92.81,141.10,0.39,-0.04,-0.30,0.87
62.56,R_ThumbProximal,1.32,89.48,140.24,0.04,-0.04,0.54,0.84
62.56,R_RingProximal,8.02,91.27,140.67,0.43,-0.07,-0.35,0.83
62.56,L_LittleProximal,-5.97,57.92,95.51,-0.70,-0.30,-0.20,-0.62
62.56,SmallCube,1.44,88.05,147.17,-0.12,0.00,-0.05,0.99
62.57,Main Camera,-1.88,117.55,86.62,-0.03,0.02,0.01,-1.00
62.57,R_Palm,5.86,91.53,138.74,-0.26,0.07,-0.25,0.93
62.57,R_ThumbTip,0.73,89.10,145.96,0.02,-0.13,0.60,0.79
62.57,R_IndexTip,3.01,89.11,147.39,0.50,-0.03,-0.28,0.82
62.57,R_MiddleTip,2.95,88.58,140.16,0.96,-0.24,-0.16,0.07
62.57,R_RingTip,3.98,88.38,139.13,0.92,-0.36,-0.15,-0.05
62.57,R_LittleTip,5.23,88.40,138.83,0.86,-0.46,-0.19,-0.10
62.57,R_ThumbDistal,1.25,89.46,143.60,0.02,-0.13,0.60,0.79
62.57,R_IndexIntermediate,4.58,92.71,144.94,0.48,-0.06,-0.28,0.83
62.57,R_MiddleIntermediate,5.31,90.44,144.07,0.86,-0.24,-0.21,0.41
62.57,R_RingIntermediate,6.33,89.10,143.15,0.86,-0.30,-0.26,0.33
62.57,R_LittleIntermediate,7.28,88.10,142.15,0.84,-0.35,-0.31,0.25
62.57,R_IndexProximal,4.66,93.91,141.38,0.16,0.03,-0.26,0.95
62.57,R_MiddleProximal,6.72,93.15,141.10,0.38,-0.06,-0.31,0.87
62.57,R_ThumbProximal,1.35,89.82,140.27,0.04,-0.04,0.54,0.84
62.57,R_RingProximal,8.01,91.59,140.71,0.42,-0.08,-0.36,0.83
62.57,L_LittleProximal,-5.97,57.95,95.50,-0.70,-0.30,-0.20,-0.62
62.57,SmallCube,1.32,88.57,147.21,-0.13,0.00,-0.06,0.99
62.58,Main Camera,-1.86,117.63,86.56,-0.03,0.02,0.01,-1.00
62.58,R_Palm,5.85,91.85,138.47,-0.27,0.07,-0.26,0.92
62.58,R_ThumbTip,0.63,89.68,145.70,0.01,-0.12,0.59,0.80
62.58,R_IndexTip,2.53,89.29,146.63,0.54,-0.06,-0.28,0.79
62.58,R_MiddleTip,2.87,89.00,139.91,0.95,-0.25,-0.15,0.07
62.58,R_RingTip,3.91,88.76,138.88,0.92,-0.37,-0.14,-0.05
62.58,R_LittleTip,5.18,88.76,138.58,0.86,-0.47,-0.18,-0.10
62.58,R_ThumbDistal,1.17,89.97,143.34,0.01,-0.12,0.59,0.80
62.58,R_IndexIntermediate,4.37,92.98,144.53,0.52,-0.09,-0.28,0.81
62.58,R_MiddleIntermediate,5.21,90.91,143.81,0.85,-0.25,-0.21,0.41
62.58,R_RingIntermediate,6.21,89.52,142.93,0.86,-0.31,-0.25,0.33
62.58,R_LittleIntermediate,7.14,88.47,141.95,0.84,-0.37,-0.30,0.25
62.58,R_IndexProximal,4.66,94.32,141.03,0.18,0.01,-0.27,0.95
62.58,R_MiddleProximal,6.71,93.51,140.79,0.38,-0.07,-0.31,0.87
62.58,R_ThumbProximal,1.30,90.25,140.00,0.02,-0.04,0.53,0.85
62.58,R_RingProximal,7.98,91.92,140.46,0.41,-0.10,-0.36,0.83
62.58,L_LittleProximal,-5.97,57.94,95.49,-0.70,-0.30,-0.20,-0.62
62.58,SmallCube,0.84,88.82,146.30,-0.09,-0.03,-0.08,0.99
62.60,Main Camera,-1.84,117.72,86.50,-0.03,0.02,0.01,-1.00
62.60,R_Palm,5.95,92.22,138.10,-0.27,0.07,-0.27,0.92
62.60,R_ThumbTip,0.70,90.18,145.35,0.00,-0.12,0.59,0.80
62.60,R_IndexTip,2.48,89.64,146.08,0.55,-0.07,-0.28,0.78
62.60,R_MiddleTip,2.94,89.42,139.56,0.95,-0.26,-0.15,0.08
62.60,R_RingTip,3.99,89.17,138.49,0.91,-0.38,-0.14,-0.05
62.60,R_LittleTip,5.27,89.16,138.17,0.86,-0.48,-0.17,-0.11
62.60,R_ThumbDistal,1.24,90.45,142.98,0.00,-0.12,0.59,0.80
62.60,R_IndexIntermediate,4.43,93.36,144.12,0.53,-0.10,-0.28,0.80
62.60,R_MiddleIntermediate,5.30,91.34,143.45,0.85,-0.26,-0.21,0.41
62.60,R_RingIntermediate,6.26,89.92,142.56,0.85,-0.32,-0.25,0.33
62.60,R_LittleIntermediate,7.16,88.84,141.58,0.84,-0.38,-0.30,0.25
62.60,R_IndexProximal,4.80,94.72,140.63,0.19,0.00,-0.27,0.94
62.60,R_MiddleProximal,6.84,93.89,140.41,0.37,-0.07,-0.32,0.87
62.60,R_ThumbProximal,1.39,90.69,139.64,0.02,-0.04,0.52,0.85
62.60,R_RingProximal,8.08,92.28,140.09,0.41,-0.10,-0.36,0.83
62.60,L_LittleProximal,-5.96,57.91,95.49,-0.70,-0.30,-0.20,-0.62
62.60,SmallCube,0.79,89.21,145.70,-0.08,-0.04,-0.09,0.99
62.61,Main Camera,-1.82,117.79,86.43,-0.02,0.02,0.01,-1.00
62.61,R_Palm,6.05,92.70,137.59,-0.27,0.07,-0.27,0.92
62.61,R_ThumbTip,0.78,90.73,144.84,0.00,-0.12,0.58,0.80
62.61,R_IndexTip,2.42,90.04,145.34,0.57,-0.08,-0.27,0.77
62.61,R_MiddleTip,3.02,89.93,139.04,0.95,-0.26,-0.14,0.08
62.61,R_RingTip,4.07,89.68,137.95,0.91,-0.38,-0.13,-0.05
62.61,R_LittleTip,5.36,89.67,137.60,0.86,-0.48,-0.16,-0.12
62.61,R_ThumbDistal,1.33,90.99,142.47,0.00,-0.12,0.58,0.80
62.61,R_IndexIntermediate,4.46,93.79,143.56,0.54,-0.11,-0.28,0.78
62.61,R_MiddleIntermediate,5.38,91.85,142.93,0.85,-0.26,-0.21,0.41
62.61,R_RingIntermediate,6.32,90.40,142.03,0.85,-0.32,-0.25,0.32
62.61,R_LittleIntermediate,7.19,89.31,141.04,0.84,-0.38,-0.29,0.24
62.61,R_IndexProximal,4.91,95.23,140.11,0.20,0.00,-0.28,0.94
62.61,R_MiddleProximal,6.95,94.37,139.89,0.37,-0.08,-0.32,0.87
62.61,R_ThumbProximal,1.47,91.21,139.13,0.02,-0.04,0.52,0.85
62.61,R_RingProximal,8.18,92.75,139.58,0.41,-0.11,-0.37,0.83
62.61,L_LittleProximal,-5.96,57.89,95.48,-0.70,-0.30,-0.20,-0.62
62.61,SmallCube,0.74,89.64,144.90,-0.06,-0.05,-0.09,0.99
62.63,Main Camera,-1.80,117.87,86.35,-0.02,0.02,0.01,-1.00
62.63,R_Palm,6.14,93.24,137.00,-0.28,0.06,-0.28,0.92
62.63,R_ThumbTip,0.89,91.32,144.26,0.00,-0.12,0.58,0.80
62.63,R_IndexTip,2.22,90.34,144.21,0.60,-0.10,-0.26,0.75
62.63,R_MiddleTip,3.08,90.48,138.45,0.95,-0.26,-0.14,0.08
62.63,R_RingTip,4.14,90.24,137.34,0.91,-0.38,-0.13,-0.05
62.63,R_LittleTip,5.44,90.21,136.99,0.86,-0.48,-0.15,-0.12
62.63,R_ThumbDistal,1.41,91.57,141.88,0.00,-0.12,0.58,0.80
62.63,R_IndexIntermediate,4.40,94.19,142.86,0.58,-0.12,-0.27,0.76
62.63,R_MiddleIntermediate,5.44,92.41,142.34,0.85,-0.27,-0.20,0.41
62.63,R_RingIntermediate,6.37,90.95,141.43,0.85,-0.33,-0.24,0.32
62.63,R_LittleIntermediate,7.24,89.86,140.45,0.84,-0.39,-0.29,0.24
62.63,R_IndexProximal,5.01,95.78,139.50,0.23,-0.02,-0.27,0.93
62.63,R_MiddleProximal,7.04,94.92,139.29,0.37,-0.08,-0.32,0.87
62.63,R_ThumbProximal,1.55,91.78,138.54,0.02,-0.03,0.52,0.85
62.63,R_RingProximal,8.26,93.28,138.99,0.41,-0.11,-0.37,0.82
62.63,L_LittleProximal,-5.96,57.89,95.48,-0.70,-0.30,-0.20,-0.62
62.63,SmallCube,0.56,90.00,143.64,-0.02,-0.08,-0.10,0.99
62.64,Main Camera,-1.78,117.95,86.28,-0.01,0.02,0.01,-1.00
62.64,R_Palm,6.22,93.72,136.54,-0.28,0.06,-0.28,0.92
62.64,R_ThumbTip,1.00,91.83,143.81,0.01,-0.11,0.58,0.81
62.64,R_IndexTip,2.12,90.73,143.41,0.62,-0.11,-0.26,0.73
62.64,R_MiddleTip,3.13,90.97,137.98,0.95,-0.27,-0.14,0.09
62.64,R_RingTip,4.21,90.74,136.86,0.91,-0.39,-0.13,-0.05
62.64,R_LittleTip,5.51,90.69,136.51,0.86,-0.48,-0.15,-0.12
62.64,R_ThumbDistal,1.50,92.08,141.43,0.01,-0.11,0.58,0.81
62.64,R_IndexIntermediate,4.38,94.61,142.31,0.60,-0.13,-0.26,0.74
62.64,R_MiddleIntermediate,5.49,92.92,141.86,0.84,-0.27,-0.20,0.42
62.64,R_RingIntermediate,6.41,91.45,140.97,0.85,-0.33,-0.24,0.32
62.64,R_LittleIntermediate,7.27,90.35,139.99,0.84,-0.39,-0.28,0.24
62.64,R_IndexProximal,5.09,96.29,139.02,0.25,-0.03,-0.27,0.93
62.64,R_MiddleProximal,7.12,95.41,138.82,0.37,-0.08,-0.32,0.87
62.64,R_ThumbProximal,1.64,92.28,138.09,0.01,-0.03,0.52,0.86
62.64,R_RingProximal,8.33,93.76,138.53,0.41,-0.12,-0.37,0.82
62.64,L_LittleProximal,-5.96,57.89,95.49,-0.70,-0.30,-0.20,-0.62
62.64,SmallCube,0.49,90.43,142.76,0.00,-0.10,-0.11,0.99
62.65,Main Camera,-1.76,118.01,86.20,-0.01,0.02,0.01,-1.00
62.65,R_Palm,6.28,93.75,136.73,-0.28,0.06,-0.28,0.91
62.65,R_ThumbTip,1.11,91.91,144.01,0.01,-0.10,0.58,0.81
62.65,R_IndexTip,2.16,90.82,143.62,0.62,-0.11,-0.26,0.73
62.65,R_MiddleTip,3.16,91.00,138.18,0.95,-0.27,-0.14,0.09
62.65,R_RingTip,4.24,90.78,137.05,0.91,-0.39,-0.12,-0.05
62.65,R_LittleTip,5.55,90.73,136.71,0.85,-0.49,-0.15,-0.12
62.65,R_ThumbDistal,1.55,92.17,141.62,0.01,-0.10,0.58,0.81
62.65,R_IndexIntermediate,4.45,94.68,142.50,0.60,-0.14,-0.26,0.74
62.65,R_MiddleIntermediate,5.54,92.98,142.05,0.84,-0.28,-0.20,0.42
62.65,R_RingIntermediate,6.45,91.50,141.16,0.85,-0.33,-0.24,0.32
62.65,R_LittleIntermediate,7.31,90.39,140.19,0.84,-0.40,-0.28,0.24
62.65,R_IndexProximal,5.17,96.34,139.20,0.25,-0.03,-0.28,0.93
62.65,R_MiddleProximal,7.19,95.44,139.00,0.37,-0.09,-0.32,0.87
62.65,R_ThumbProximal,1.69,92.35,138.28,0.01,-0.03,0.51,0.86
62.65,R_RingProximal,8.39,93.79,138.72,0.41,-0.12,-0.37,0.82
62.65,L_LittleProximal,-5.95,57.92,95.50,-0.70,-0.30,-0.20,-0.62
62.65,SmallCube,0.53,90.52,142.96,0.00,-0.10,-0.11,0.99
62.67,Main Camera,-1.75,118.08,86.12,-0.01,0.02,0.01,-1.00
62.67,R_Palm,6.30,93.82,136.86,-0.28,0.06,-0.29,0.91
62.67,R_ThumbTip,1.15,92.03,144.15,0.02,-0.10,0.58,0.81
62.67,R_IndexTip,2.15,90.96,143.76,0.62,-0.12,-0.26,0.73
62.67,R_MiddleTip,3.15,91.06,138.35,0.95,-0.27,-0.14,0.10
62.67,R_RingTip,4.24,90.85,137.20,0.91,-0.39,-0.12,-0.04
62.67,R_LittleTip,5.56,90.80,136.86,0.85,-0.49,-0.14,-0.11
62.67,R_ThumbDistal,1.55,92.29,141.75,0.02,-0.10,0.58,0.81
62.67,R_IndexIntermediate,4.45,94.81,142.63,0.60,-0.14,-0.26,0.74
62.67,R_MiddleIntermediate,5.54,93.08,142.19,0.84,-0.28,-0.20,0.42
62.67,R_RingIntermediate,6.45,91.60,141.31,0.85,-0.34,-0.24,0.33
62.67,R_LittleIntermediate,7.30,90.48,140.35,0.84,-0.40,-0.28,0.24
62.67,R_IndexProximal,5.20,96.43,139.32,0.24,-0.04,-0.28,0.93
62.67,R_MiddleProximal,7.21,95.53,139.13,0.36,-0.09,-0.33,0.87
62.67,R_ThumbProximal,1.70,92.45,138.41,0.01,-0.03,0.51,0.86
62.67,R_RingProximal,8.41,93.87,138.87,0.41,-0.12,-0.37,0.82
62.67,L_LittleProximal,-5.95,57.92,95.49,-0.70,-0.30,-0.20,-0.62
62.67,SmallCube,0.52,90.66,143.10,0.00,-0.10,-0.11,0.99
62.68,Main Camera,-1.73,118.14,86.05,0.00,0.03,0.01,-1.00
62.68,R_Palm,6.39,93.93,136.93,-0.29,0.06,-0.29,0.91
62.68,R_ThumbTip,1.22,92.23,144.22,0.02,-0.09,0.58,0.81
62.68,R_IndexTip,2.22,91.18,143.90,0.61,-0.12,-0.26,0.74
62.68,R_MiddleTip,3.21,91.18,138.44,0.95,-0.27,-0.14,0.11
62.68,R_RingTip,4.31,90.96,137.30,0.91,-0.39,-0.12,-0.04
62.68,R_LittleTip,5.63,90.91,136.95,0.85,-0.49,-0.14,-0.11
62.68,R_ThumbDistal,1.60,92.47,141.82,0.02,-0.09,0.58,0.81
62.68,R_IndexIntermediate,4.53,95.00,142.69,0.59,-0.15,-0.26,0.75
62.68,R_MiddleIntermediate,5.60,93.25,142.26,0.84,-0.28,-0.20,0.43
62.68,R_RingIntermediate,6.51,91.75,141.40,0.85,-0.34,-0.24,0.33
62.68,R_LittleIntermediate,7.36,90.61,140.46,0.84,-0.40,-0.28,0.24
62.68,R_IndexProximal,5.29,96.57,139.36,0.24,-0.04,-0.28,0.93
62.68,R_MiddleProximal,7.30,95.65,139.19,0.36,-0.09,-0.33,0.87
62.68,R_ThumbProximal,1.77,92.60,138.47,0.00,-0.03,0.51,0.86
62.68,R_RingProximal,8.49,93.98,138.95,0.41,-0.13,-0.37,0.82
62.68,L_LittleProximal,-5.95,57.92,95.50,-0.70,-0.30,-0.20,-0.62
62.68,SmallCube,0.59,90.88,143.24,-0.01,-0.10,-0.11,0.99
62.70,Main Camera,-1.71,118.20,85.97,0.00,0.03,0.01,-1.00
62.70,R_Palm,6.52,93.99,137.10,-0.29,0.06,-0.29,0.91
62.70,R_ThumbTip,1.30,92.34,144.37,0.02,-0.09,0.58,0.81
62.70,R_IndexTip,2.43,91.41,144.35,0.59,-0.12,-0.26,0.75
62.70,R_MiddleTip,3.33,91.23,138.61,0.95,-0.27,-0.14,0.11
62.70,R_RingTip,4.43,91.01,137.47,0.91,-0.39,-0.12,-0.03
62.70,R_LittleTip,5.76,90.96,137.13,0.85,-0.49,-0.14,-0.11
62.70,R_ThumbDistal,1.69,92.57,141.97,0.02,-0.09,0.58,0.81
62.70,R_IndexIntermediate,4.70,95.17,142.90,0.57,-0.14,-0.27,0.76
62.70,R_MiddleIntermediate,5.72,93.33,142.43,0.84,-0.28,-0.20,0.43
62.70,R_RingIntermediate,6.62,91.82,141.58,0.85,-0.34,-0.23,0.33
62.70,R_LittleIntermediate,7.48,90.68,140.64,0.84,-0.40,-0.27,0.24
62.70,R_IndexProximal,5.41,96.63,139.51,0.22,-0.04,-0.28,0.93
62.70,R_MiddleProximal,7.42,95.72,139.35,0.36,-0.10,-0.32,0.87
62.70,R_ThumbProximal,1.88,92.68,138.62,0.00,-0.03,0.51,0.86
62.70,R_RingProximal,8.61,94.05,139.12,0.41,-0.13,-0.37,0.83
62.70,L_LittleProximal,-5.95,57.93,95.49,-0.70,-0.30,-0.20,-0.62
62.70,SmallCube,0.79,91.07,143.75,-0.04,-0.09,-0.11,0.99
62.71,Main Camera,-1.69,118.23,85.90,0.00,0.03,0.01,-1.00
62.71,R_Palm,6.55,94.08,137.08,-0.29,0.05,-0.29,0.91
62.71,R_ThumbTip,1.26,92.50,144.32,0.01,-0.09,0.58,0.81
62.71,R_IndexTip,2.51,91.63,144.49,0.58,-0.11,-0.26,0.77
62.71,R_MiddleTip,3.38,91.31,138.61,0.95,-0.27,-0.13,0.12
62.71,R_RingTip,4.49,91.08,137.47,0.91,-0.39,-0.11,-0.03
62.71,R_LittleTip,5.81,91.05,137.14,0.86,-0.49,-0.13,-0.10
62.71,R_ThumbDistal,1.65,92.71,141.92,0.01,-0.09,0.58,0.81
62.71,R_IndexIntermediate,4.73,95.36,142.89,0.56,-0.14,-0.26,0.78
62.71,R_MiddleIntermediate,5.73,93.46,142.42,0.84,-0.28,-0.19,0.43
62.71,R_RingIntermediate,6.65,91.95,141.58,0.85,-0.34,-0.23,0.34
62.71,R_LittleIntermediate,7.52,90.81,140.66,0.84,-0.40,-0.27,0.25
62.71,R_IndexProximal,5.42,96.74,139.46,0.21,-0.04,-0.27,0.94
62.71,R_MiddleProximal,7.44,95.84,139.33,0.36,-0.10,-0.32,0.87
62.71,R_ThumbProximal,1.89,92.78,138.57,-0.01,-0.03,0.51,0.86
62.71,R_RingProximal,8.64,94.17,139.12,0.40,-0.13,-0.37,0.83
62.71,L_LittleProximal,-5.95,57.91,95.50,-0.70,-0.30,-0.20,-0.62
62.71,SmallCube,0.86,91.25,143.92,-0.06,-0.09,-0.10,0.99
62.72,Main Camera,-1.67,118.27,85.82,0.01,0.03,0.01,-1.00
62.72,R_Palm,6.58,94.20,137.05,-0.30,0.05,-0.29,0.91
62.72,R_ThumbTip,1.19,92.70,144.25,0.01,-0.09,0.58,0.81
62.72,R_IndexTip,2.55,91.87,144.58,0.56,-0.11,-0.26,0.78
62.72,R_MiddleTip,3.42,91.42,138.58,0.95,-0.27,-0.13,0.12
62.72,R_RingTip,4.53,91.19,137.46,0.91,-0.39,-0.11,-0.03
62.72,R_LittleTip,5.86,91.16,137.14,0.86,-0.48,-0.13,-0.10
62.72,R_ThumbDistal,1.60,92.88,141.85,0.01,-0.09,0.58,0.81
62.72,R_IndexIntermediate,4.73,95.57,142.85,0.55,-0.14,-0.26,0.79
62.72,R_MiddleIntermediate,5.72,93.63,142.38,0.83,-0.28,-0.19,0.44
62.72,R_RingIntermediate,6.66,92.12,141.57,0.85,-0.34,-0.22,0.34
62.72,R_LittleIntermediate,7.54,90.98,140.67,0.84,-0.40,-0.26,0.25
62.72,R_IndexProximal,5.41,96.88,139.40,0.20,-0.04,-0.27,0.94
62.72,R_MiddleProximal,7.44,95.99,139.28,0.35,-0.10,-0.31,0.88
62.72,R_ThumbProximal,1.88,92.91,138.51,-0.02,-0.04,0.51,0.86
62.72,R_RingProximal,8.65,94.33,139.10,0.40,-0.14,-0.36,0.83
62.72,L_LittleProximal,-5.94,57.90,95.50,-0.70,-0.30,-0.20,-0.61
62.72,SmallCube,0.90,91.46,144.03,-0.07,-0.09,-0.10,0.99
62.74,Main Camera,-1.65,118.31,85.76,0.01,0.03,0.01,-1.00
62.74,R_Palm,6.60,94.59,136.83,-0.30,0.04,-0.29,0.91
62.74,R_ThumbTip,1.07,93.28,143.98,-0.01,-0.09,0.58,0.81
62.74,R_IndexTip,2.69,92.65,144.75,0.53,-0.11,-0.26,0.80
62.74,R_MiddleTip,3.44,91.83,138.41,0.95,-0.27,-0.12,0.13
62.74,R_RingTip,4.56,91.58,137.29,0.92,-0.39,-0.10,-0.02
62.74,R_LittleTip,5.89,91.55,136.98,0.86,-0.48,-0.12,-0.09
62.74,R_ThumbDistal,1.51,93.41,141.59,-0.01,-0.09,0.58,0.81
62.74,R_IndexIntermediate,4.79,96.20,142.66,0.51,-0.14,-0.26,0.81
62.74,R_MiddleIntermediate,5.71,94.13,142.18,0.83,-0.28,-0.18,0.44
62.74,R_RingIntermediate,6.66,92.61,141.40,0.85,-0.34,-0.22,0.35
62.74,R_LittleIntermediate,7.55,91.45,140.53,0.84,-0.40,-0.26,0.26
62.74,R_IndexProximal,5.41,97.31,139.12,0.17,-0.04,-0.27,0.95
62.74,R_MiddleProximal,7.44,96.42,139.04,0.34,-0.11,-0.31,0.88
62.74,R_ThumbProximal,1.86,93.35,138.25,-0.03,-0.04,0.51,0.86
62.74,R_RingProximal,8.66,94.76,138.90,0.39,-0.14,-0.36,0.83
62.74,L_LittleProximal,-5.94,57.89,95.51,-0.70,-0.30,-0.20,-0.61
62.74,SmallCube,1.02,92.20,144.30,-0.11,-0.08,-0.09,0.99
62.75,Main Camera,-1.63,118.35,85.69,0.01,0.03,0.01,-1.00
62.75,R_Palm,6.69,95.08,136.46,-0.31,0.04,-0.29,0.91
62.75,R_ThumbTip,1.02,93.95,143.56,-0.02,-0.09,0.58,0.81
62.75,R_IndexTip,2.83,93.34,144.58,0.50,-0.11,-0.26,0.82
62.75,R_MiddleTip,3.53,92.30,138.09,0.95,-0.27,-0.12,0.14
62.75,R_RingTip,4.66,92.06,136.96,0.92,-0.39,-0.10,-0.01
62.75,R_LittleTip,5.98,92.03,136.66,0.86,-0.48,-0.12,-0.09
62.75,R_ThumbDistal,1.50,94.03,141.17,-0.02,-0.09,0.58,0.81
62.75,R_IndexIntermediate,4.89,96.79,142.28,0.49,-0.13,-0.26,0.82
62.75,R_MiddleIntermediate,5.79,94.68,141.82,0.83,-0.28,-0.18,0.45
62.75,R_RingIntermediate,6.74,93.14,141.06,0.84,-0.34,-0.21,0.35
62.75,R_LittleIntermediate,7.64,91.97,140.21,0.84,-0.41,-0.25,0.26
62.75,R_IndexProximal,5.50,97.82,138.71,0.16,-0.04,-0.27,0.95
62.75,R_MiddleProximal,7.53,96.93,138.65,0.34,-0.11,-0.31,0.88
62.75,R_ThumbProximal,1.90,93.90,137.84,-0.05,-0.04,0.51,0.86
62.75,R_RingProximal,8.75,95.28,138.54,0.39,-0.15,-0.35,0.84
62.75,L_LittleProximal,-5.93,57.88,95.49,-0.70,-0.30,-0.20,-0.61
62.75,SmallCube,1.16,92.86,144.18,-0.14,-0.07,-0.09,0.98
62.77,Main Camera,-1.61,118.37,85.63,0.01,0.03,0.01,-1.00
62.77,R_Palm,6.63,95.45,136.22,-0.31,0.03,-0.29,0.91
62.77,R_ThumbTip,0.89,94.40,143.29,-0.03,-0.09,0.58,0.81
62.77,R_IndexTip,2.77,93.78,144.38,0.50,-0.11,-0.26,0.82
62.77,R_MiddleTip,3.45,92.66,137.92,0.94,-0.27,-0.12,0.15
62.77,R_RingTip,4.59,92.42,136.75,0.92,-0.39,-0.09,-0.01
62.77,R_LittleTip,5.89,92.38,136.48,0.86,-0.49,-0.12,-0.08
62.77,R_ThumbDistal,1.39,94.46,140.90,-0.03,-0.09,0.58,0.81
62.77,R_IndexIntermediate,4.81,97.20,142.02,0.48,-0.13,-0.26,0.83
62.77,R_MiddleIntermediate,5.73,95.10,141.60,0.82,-0.28,-0.17,0.46
62.77,R_RingIntermediate,6.67,93.55,140.84,0.84,-0.34,-0.21,0.36
62.77,R_LittleIntermediate,7.59,92.38,140.02,0.83,-0.41,-0.25,0.27
62.77,R_IndexProximal,5.43,98.20,138.45,0.15,-0.04,-0.27,0.95
62.77,R_MiddleProximal,7.46,97.31,138.40,0.33,-0.11,-0.31,0.88
62.77,R_ThumbProximal,1.81,94.29,137.58,-0.05,-0.04,0.51,0.86
62.77,R_RingProximal,8.69,95.66,138.30,0.39,-0.15,-0.35,0.84
62.77,L_LittleProximal,-5.90,57.83,95.45,-0.70,-0.30,-0.20,-0.61
62.77,SmallCube,1.10,93.29,144.00,-0.15,-0.07,-0.09,0.98
62.78,Main Camera,-1.59,118.38,85.57,0.01,0.03,0.01,-1.00
62.78,R_Palm,6.62,95.86,135.90,-0.32,0.03,-0.29,0.90
62.78,R_ThumbTip,0.86,94.93,142.95,-0.03,-0.09,0.58,0.81
62.78,R_IndexTip,2.74,94.29,144.07,0.49,-0.11,-0.26,0.82
62.78,R_MiddleTip,3.36,93.03,137.89,0.94,-0.27,-0.13,0.18
62.78,R_RingTip,4.53,92.82,136.60,0.91,-0.39,-0.10,0.01
62.78,R_LittleTip,5.75,92.76,136.38,0.86,-0.49,-0.14,-0.05
62.78,R_ThumbDistal,1.36,94.96,140.56,-0.03,-0.09,0.58,0.81
62.78,R_IndexIntermediate,4.82,97.67,141.68,0.48,-0.14,-0.26,0.83
62.78,R_MiddleIntermediate,5.78,95.64,141.36,0.81,-0.28,-0.18,0.48
62.78,R_RingIntermediate,6.71,94.05,140.62,0.83,-0.35,-0.22,0.37
62.78,R_LittleIntermediate,7.64,92.85,139.83,0.82,-0.41,-0.27,0.29
62.78,R_IndexProximal,5.45,98.63,138.10,0.15,-0.05,-0.27,0.95
62.78,R_MiddleProximal,7.47,97.73,138.06,0.32,-0.11,-0.31,0.89
62.78,R_ThumbProximal,1.79,94.76,137.25,-0.06,-0.04,0.51,0.86
62.78,R_RingProximal,8.68,96.07,137.98,0.37,-0.15,-0.36,0.84
62.78,L_LittleProximal,-5.85,57.70,95.36,-0.70,-0.30,-0.20,-0.61
62.78,SmallCube,1.07,93.82,143.69,-0.15,-0.07,-0.09,0.98
62.79,Main Camera,-1.56,118.40,85.51,0.01,0.03,0.01,-1.00
62.79,R_Palm,6.72,95.98,135.80,-0.32,0.03,-0.29,0.90
62.79,R_ThumbTip,1.00,95.07,142.87,-0.02,-0.08,0.58,0.81
62.79,R_IndexTip,2.83,94.45,143.99,0.49,-0.11,-0.26,0.82
62.79,R_MiddleTip,3.43,93.15,137.99,0.93,-0.28,-0.13,0.19
62.79,R_RingTip,4.58,92.92,136.68,0.91,-0.40,-0.10,0.02
62.79,R_LittleTip,5.77,92.86,136.45,0.85,-0.50,-0.15,-0.03
62.79,R_ThumbDistal,1.44,95.12,140.47,-0.02,-0.08,0.58,0.81
62.79,R_IndexIntermediate,4.92,97.81,141.59,0.48,-0.14,-0.26,0.83
62.79,R_MiddleIntermediate,5.92,95.85,141.34,0.80,-0.28,-0.19,0.50
62.79,R_RingIntermediate,6.85,94.23,140.62,0.83,-0.35,-0.22,0.39
62.79,R_LittleIntermediate,7.79,93.00,139.82,0.81,-0.41,-0.28,0.31
62.79,R_IndexProximal,5.56,98.76,138.00,0.15,-0.05,-0.27,0.95
62.79,R_MiddleProximal,7.57,97.85,137.97,0.30,-0.11,-0.32,0.89
62.79,R_ThumbProximal,1.88,94.91,137.15,-0.06,-0.04,0.50,0.86
62.79,R_RingProximal,8.78,96.18,137.89,0.36,-0.14,-0.36,0.85
62.79,L_LittleProximal,-5.86,57.69,95.36,-0.70,-0.30,-0.20,-0.61
62.79,SmallCube,1.15,93.98,143.61,-0.15,-0.07,-0.09,0.98
62.81,Main Camera,-1.55,118.42,85.45,0.01,0.03,0.01,-1.00
62.81,R_Palm,6.80,96.10,135.71,-0.32,0.03,-0.29,0.90
62.81,R_ThumbTip,1.10,95.23,142.78,-0.01,-0.07,0.57,0.82
62.81,R_IndexTip,2.91,94.62,143.91,0.49,-0.11,-0.27,0.82
62.81,R_MiddleTip,3.49,93.28,138.06,0.93,-0.28,-0.14,0.21
62.81,R_RingTip,4.63,93.03,136.72,0.91,-0.40,-0.11,0.04
62.81,R_LittleTip,5.78,92.97,136.48,0.85,-0.50,-0.16,-0.02
62.81,R_ThumbDistal,1.51,95.28,140.37,-0.01,-0.07,0.57,0.82
62.81,R_IndexIntermediate,5.01,97.96,141.49,0.47,-0.14,-0.27,0.83
62.81,R_MiddleIntermediate,6.04,96.04,141.30,0.79,-0.28,-0.19,0.51
62.81,R_RingIntermediate,6.97,94.41,140.59,0.82,-0.35,-0.23,0.40
62.81,R_LittleIntermediate,7.90,93.15,139.79,0.81,-0.41,-0.29,0.32
62.81,R_IndexProximal,5.65,98.89,137.91,0.14,-0.05,-0.28,0.95
62.81,R_MiddleProximal,7.66,97.98,137.87,0.29,-0.11,-0.32,0.90
62.81,R_ThumbProximal,1.95,95.06,137.05,-0.06,-0.04,0.50,0.86
62.81,R_RingProximal,8.86,96.30,137.80,0.35,-0.14,-0.36,0.85
62.81,L_LittleProximal,-5.88,57.68,95.36,-0.70,-0.29,-0.20,-0.61
62.81,SmallCube,1.23,94.16,143.54,-0.16,-0.07,-0.09,0.98
62.82,Main Camera,-1.53,118.43,85.40,0.01,0.03,0.01,-1.00
62.82,R_Palm,6.87,96.20,135.74,-0.32,0.03,-0.30,0.90
62.82,R_ThumbTip,1.19,95.36,142.80,-0.01,-0.07,0.57,0.82
62.82,R_IndexTip,3.04,94.85,144.04,0.48,-0.11,-0.27,0.83
62.82,R_MiddleTip,3.54,93.39,138.26,0.92,-0.28,-0.14,0.22
62.82,R_RingTip,4.66,93.12,136.91,0.91,-0.40,-0.11,0.05
62.82,R_LittleTip,5.80,93.06,136.62,0.85,-0.50,-0.16,-0.01
62.82,R_ThumbDistal,1.56,95.42,140.39,-0.01,-0.07,0.57,0.82
62.82,R_IndexIntermediate,5.13,98.13,141.54,0.46,-0.14,-0.27,0.83
62.82,R_MiddleIntermediate,6.17,96.22,141.39,0.78,-0.28,-0.20,0.52
62.82,R_RingIntermediate,7.09,94.57,140.70,0.81,-0.35,-0.23,0.41
62.82,R_LittleIntermediate,8.01,93.27,139.87,0.80,-0.41,-0.30,0.33
62.82,R_IndexProximal,5.73,99.00,137.93,0.13,-0.04,-0.28,0.95
62.82,R_MiddleProximal,7.74,98.07,137.90,0.28,-0.11,-0.32,0.90
62.82,R_ThumbProximal,2.01,95.19,137.08,-0.06,-0.04,0.50,0.86
62.82,R_RingProximal,8.93,96.38,137.82,0.33,-0.13,-0.37,0.86
62.82,L_LittleProximal,-5.92,57.60,95.34,-0.71,-0.29,-0.20,-0.61
62.82,SmallCube,1.35,94.39,143.70,-0.17,-0.06,-0.10,0.98
62.83,Main Camera,-1.50,118.44,85.35,0.01,0.03,0.01,-1.00
62.83,R_Palm,6.82,96.41,135.74,-0.32,0.03,-0.30,0.90
62.83,R_ThumbTip,1.13,95.61,142.78,-0.01,-0.07,0.57,0.82
62.83,R_IndexTip,3.13,95.34,144.27,0.46,-0.11,-0.28,0.84
62.83,R_MiddleTip,3.48,93.63,138.42,0.92,-0.28,-0.15,0.23
62.83,R_RingTip,4.59,93.33,137.05,0.90,-0.41,-0.12,0.06
62.83,R_LittleTip,5.72,93.26,136.71,0.85,-0.51,-0.17,0.00
62.83,R_ThumbDistal,1.48,95.68,140.36,-0.01,-0.07,0.57,0.82
62.83,R_IndexIntermediate,5.18,98.50,141.58,0.44,-0.14,-0.28,0.84
62.83,R_MiddleIntermediate,6.17,96.51,141.46,0.77,-0.28,-0.20,0.53
62.83,R_RingIntermediate,7.08,94.83,140.77,0.81,-0.35,-0.24,0.42
62.83,R_LittleIntermediate,7.99,93.50,139.92,0.79,-0.41,-0.31,0.34
62.83,R_IndexProximal,5.69,99.22,137.93,0.11,-0.04,-0.28,0.95
62.83,R_MiddleProximal,7.70,98.28,137.90,0.27,-0.10,-0.32,0.90
62.83,R_ThumbProximal,1.95,95.44,137.05,-0.07,-0.04,0.50,0.86
62.83,R_RingProximal,8.88,96.59,137.83,0.32,-0.13,-0.37,0.86
62.83,L_LittleProximal,-5.90,57.58,95.34,-0.71,-0.29,-0.20,-0.61
62.83,SmallCube,1.43,94.88,143.99,-0.19,-0.05,-0.10,0.98
62.85,Main Camera,-1.49,118.45,85.29,0.01,0.03,0.01,-1.00
62.85,R_Palm,6.89,96.69,135.63,-0.32,0.03,-0.30,0.90
62.85,R_ThumbTip,1.18,95.95,142.65,0.00,-0.07,0.57,0.82
62.85,R_IndexTip,3.26,95.79,144.29,0.45,-0.11,-0.28,0.84
62.85,R_MiddleTip,3.52,93.95,138.39,0.92,-0.29,-0.15,0.24
62.85,R_RingTip,4.62,93.63,137.00,0.90,-0.41,-0.12,0.07
62.85,R_LittleTip,5.74,93.54,136.64,0.84,-0.51,-0.17,0.01
62.85,R_ThumbDistal,1.53,96.01,140.24,0.00,-0.07,0.57,0.82
62.85,R_IndexIntermediate,5.30,98.86,141.49,0.43,-0.13,-0.28,0.85
62.85,R_MiddleIntermediate,6.26,96.83,141.38,0.77,-0.29,-0.20,0.53
62.85,R_RingIntermediate,7.15,95.13,140.69,0.80,-0.35,-0.24,0.42
62.85,R_LittleIntermediate,8.04,93.78,139.83,0.79,-0.41,-0.31,0.34
62.85,R_IndexProximal,5.78,99.51,137.82,0.10,-0.04,-0.29,0.95
62.85,R_MiddleProximal,7.78,98.55,137.79,0.26,-0.10,-0.33,0.90
62.85,R_ThumbProximal,2.00,95.77,136.93,-0.07,-0.04,0.49,0.87
62.85,R_RingProximal,8.94,96.85,137.72,0.31,-0.13,-0.38,0.86
62.85,L_LittleProximal,-5.84,57.58,95.39,-0.71,-0.29,-0.20,-0.61
62.85,SmallCube,1.55,95.34,144.04,-0.20,-0.04,-0.10,0.97
62.86,Main Camera,-1.46,118.45,85.25,0.01,0.03,0.01,-1.00
62.86,R_Palm,6.83,97.02,135.42,-0.31,0.04,-0.31,0.90
62.86,R_ThumbTip,1.11,96.31,142.45,0.00,-0.07,0.56,0.82
62.86,R_IndexTip,3.26,96.22,144.20,0.43,-0.11,-0.29,0.85
62.86,R_MiddleTip,3.44,94.30,138.22,0.91,-0.29,-0.15,0.24
62.86,R_RingTip,4.53,93.97,136.82,0.90,-0.41,-0.12,0.07
62.86,R_LittleTip,5.65,93.87,136.45,0.84,-0.51,-0.17,0.01
62.86,R_ThumbDistal,1.46,96.37,140.04,0.00,-0.07,0.56,0.82
62.86,R_IndexIntermediate,5.28,99.21,141.30,0.42,-0.13,-0.29,0.85
62.86,R_MiddleIntermediate,6.21,97.17,141.19,0.77,-0.29,-0.21,0.53
62.86,R_RingIntermediate,7.09,95.46,140.50,0.80,-0.35,-0.24,0.42
62.86,R_LittleIntermediate,7.96,94.09,139.63,0.79,-0.41,-0.31,0.34
62.86,R_IndexProximal,5.74,99.84,137.62,0.10,-0.03,-0.29,0.95
62.86,R_MiddleProximal,7.73,98.86,137.60,0.26,-0.10,-0.33,0.90
62.86,R_ThumbProximal,1.93,96.13,136.73,-0.07,-0.04,0.49,0.87
62.86,R_RingProximal,8.88,97.15,137.52,0.31,-0.13,-0.38,0.86
62.86,L_LittleProximal,-5.89,57.84,95.46,-0.71,-0.29,-0.20,-0.61
62.86,SmallCube,1.55,95.78,143.99,-0.21,-0.03,-0.10,0.97
62.88,Main Camera,-1.45,118.45,85.20,0.01,0.03,0.01,-1.00
62.88,R_Palm,6.79,97.33,135.24,-0.31,0.04,-0.31,0.90
62.88,R_ThumbTip,1.06,96.66,142.26,0.00,-0.07,0.56,0.83
62.88,R_IndexTip,3.29,96.64,144.12,0.42,-0.10,-0.30,0.85
62.88,R_MiddleTip,3.38,94.63,138.09,0.91,-0.29,-0.16,0.24
62.88,R_RingTip,4.46,94.29,136.67,0.90,-0.42,-0.12,0.07
62.88,R_LittleTip,5.58,94.18,136.29,0.84,-0.52,-0.18,0.01
62.88,R_ThumbDistal,1.41,96.72,139.85,0.00,-0.07,0.56,0.83
62.88,R_IndexIntermediate,5.28,99.56,141.13,0.41,-0.13,-0.29,0.86
62.88,R_MiddleIntermediate,6.19,97.49,141.02,0.76,-0.29,-0.21,0.54
62.88,R_RingIntermediate,7.06,95.77,140.33,0.80,-0.36,-0.25,0.42
62.88,R_LittleIntermediate,7.92,94.39,139.45,0.78,-0.41,-0.32,0.34
62.88,R_IndexProximal,5.72,100.15,137.44,0.09,-0.03,-0.30,0.95
62.88,R_MiddleProximal,7.70,99.16,137.41,0.26,-0.10,-0.34,0.90
62.88,R_ThumbProximal,1.88,96.48,136.54,-0.07,-0.04,0.48,0.87
62.88,R_RingProximal,8.84,97.44,137.33,0.31,-0.13,-0.39,0.86
62.88,L_LittleProximal,-5.97,58.17,95.56,-0.71,-0.29,-0.20,-0.61
62.88,SmallCube,1.57,96.22,143.95,-0.22,-0.03,-0.10,0.97
62.89,Main Camera,-1.42,118.45,85.16,0.01,0.03,0.00,-1.00
62.89,R_Palm,6.90,97.48,134.98,-0.32,0.04,-0.32,0.89
62.89,R_ThumbTip,1.17,96.89,142.01,-0.01,-0.07,0.55,0.83
62.89,R_IndexTip,3.42,96.87,143.88,0.42,-0.11,-0.30,0.85
62.89,R_MiddleTip,3.48,94.83,137.84,0.91,-0.30,-0.16,0.24
62.89,R_RingTip,4.56,94.48,136.43,0.90,-0.42,-0.12,0.07
62.89,R_LittleTip,5.67,94.36,136.05,0.83,-0.52,-0.18,0.01
62.89,R_ThumbDistal,1.52,96.94,139.59,-0.01,-0.07,0.55,0.83
62.89,R_IndexIntermediate,5.43,99.75,140.87,0.40,-0.13,-0.30,0.86
62.89,R_MiddleIntermediate,6.32,97.67,140.77,0.76,-0.29,-0.21,0.54
62.89,R_RingIntermediate,7.17,95.94,140.08,0.79,-0.36,-0.25,0.42
62.89,R_LittleIntermediate,8.01,94.55,139.20,0.78,-0.42,-0.32,0.34
62.89,R_IndexProximal,5.87,100.32,137.17,0.09,-0.03,-0.30,0.95
62.89,R_MiddleProximal,7.84,99.31,137.15,0.25,-0.10,-0.34,0.90
62.89,R_ThumbProximal,1.99,96.69,136.28,-0.07,-0.04,0.48,0.87
62.89,R_RingProximal,8.96,97.58,137.07,0.31,-0.13,-0.39,0.86
62.89,L_LittleProximal,-5.96,58.23,95.52,-0.71,-0.29,-0.20,-0.61
62.89,SmallCube,1.69,96.46,143.72,-0.23,-0.02,-0.11,0.97
62.90,Main Camera,-1.40,118.44,85.11,0.01,0.03,0.00,-1.00
62.90,R_Palm,6.91,97.53,134.98,-0.32,0.04,-0.32,0.89
62.90,R_ThumbTip,1.19,96.99,142.02,-0.01,-0.06,0.55,0.83
62.90,R_IndexTip,3.45,96.97,143.89,0.42,-0.11,-0.30,0.85
62.90,R_MiddleTip,3.48,94.91,137.86,0.91,-0.30,-0.16,0.24
62.90,R_RingTip,4.58,94.56,136.44,0.90,-0.42,-0.12,0.06
62.90,R_LittleTip,5.69,94.42,136.07,0.83,-0.52,-0.17,0.00
62.90,R_ThumbDistal,1.53,97.03,139.60,-0.01,-0.06,0.55,0.83
62.90,R_IndexIntermediate,5.46,99.83,140.86,0.40,-0.13,-0.30,0.86
62.90,R_MiddleIntermediate,6.34,97.74,140.77,0.76,-0.30,-0.22,0.54
62.90,R_RingIntermediate,7.18,96.01,140.09,0.79,-0.36,-0.25,0.42
62.90,R_LittleIntermediate,8.01,94.61,139.22,0.78,-0.42,-0.32,0.34
62.90,R_IndexProximal,5.89,100.38,137.16,0.09,-0.03,-0.31,0.95
62.90,R_MiddleProximal,7.86,99.36,137.14,0.25,-0.10,-0.34,0.90
62.90,R_ThumbProximal,2.00,96.76,136.29,-0.07,-0.04,0.48,0.87
62.90,R_RingProximal,8.97,97.63,137.07,0.30,-0.13,-0.39,0.86
62.90,L_LittleProximal,-5.92,58.22,95.37,-0.71,-0.29,-0.19,-0.61
62.90,SmallCube,1.72,96.57,143.74,-0.23,-0.02,-0.11,0.97
62.92,Main Camera,-1.37,118.44,85.07,0.01,0.03,0.00,-1.00
62.92,R_Palm,6.90,97.59,134.98,-0.32,0.04,-0.32,0.89
62.92,R_ThumbTip,1.18,97.08,142.02,-0.01,-0.06,0.55,0.83
62.92,R_IndexTip,3.45,97.06,143.90,0.42,-0.11,-0.31,0.85
62.92,R_MiddleTip,3.48,95.00,137.87,0.91,-0.30,-0.16,0.24
62.92,R_RingTip,4.59,94.65,136.44,0.90,-0.43,-0.12,0.06
62.92,R_LittleTip,5.67,94.48,136.09,0.83,-0.53,-0.17,0.01
62.92,R_ThumbDistal,1.52,97.12,139.60,-0.01,-0.06,0.55,0.83
62.92,R_IndexIntermediate,5.46,99.91,140.86,0.40,-0.13,-0.30,0.86
62.92,R_MiddleIntermediate,6.33,97.83,140.77,0.76,-0.30,-0.22,0.54
62.92,R_RingIntermediate,7.17,96.09,140.10,0.79,-0.36,-0.25,0.43
62.92,R_LittleIntermediate,8.00,94.69,139.23,0.78,-0.42,-0.32,0.35
62.92,R_IndexProximal,5.89,100.45,137.16,0.09,-0.03,-0.31,0.95
62.92,R_MiddleProximal,7.86,99.43,137.14,0.25,-0.10,-0.34,0.90
62.92,R_ThumbProximal,1.99,96.83,136.30,-0.07,-0.04,0.48,0.87
62.92,R_RingProximal,8.97,97.70,137.07,0.30,-0.13,-0.39,0.86
62.92,L_LittleProximal,-5.90,58.16,95.33,-0.72,-0.29,-0.19,-0.60
62.92,SmallCube,1.72,96.66,143.75,-0.23,-0.02,-0.11,0.97
62.93,Main Camera,-1.35,118.43,85.04,0.01,0.03,0.00,-1.00
62.93,R_Palm,6.92,97.70,134.89,-0.32,0.04,-0.32,0.89
62.93,R_ThumbTip,1.18,97.24,141.92,-0.01,-0.06,0.55,0.83
62.93,R_IndexTip,3.46,97.22,143.81,0.41,-0.11,-0.31,0.85
62.93,R_MiddleTip,3.48,95.12,137.78,0.91,-0.30,-0.15,0.24
62.93,R_RingTip,4.61,94.77,136.36,0.90,-0.43,-0.11,0.06
62.93,R_LittleTip,5.68,94.59,136.03,0.83,-0.53,-0.17,0.01
62.93,R_ThumbDistal,1.53,97.26,139.51,-0.01,-0.06,0.55,0.83
62.93,R_IndexIntermediate,5.48,100.04,140.75,0.39,-0.13,-0.30,0.86
62.93,R_MiddleIntermediate,6.34,97.97,140.67,0.76,-0.30,-0.21,0.54
62.93,R_RingIntermediate,7.18,96.22,140.01,0.79,-0.36,-0.25,0.43
62.93,R_LittleIntermediate,8.01,94.81,139.15,0.77,-0.42,-0.32,0.35
62.93,R_IndexProximal,5.91,100.57,137.05,0.08,-0.03,-0.31,0.95
62.93,R_MiddleProximal,7.87,99.55,137.03,0.25,-0.11,-0.34,0.90
62.93,R_ThumbProximal,2.00,96.96,136.20,-0.07,-0.04,0.48,0.87
62.93,R_RingProximal,8.98,97.81,136.98,0.30,-0.13,-0.39,0.86
62.93,L_LittleProximal,-5.88,58.08,95.31,-0.72,-0.28,-0.19,-0.60
62.93,SmallCube,1.73,96.83,143.66,-0.23,-0.02,-0.11,0.97
62.95,Main Camera,-1.33,118.44,85.01,0.01,0.03,0.00,-1.00
62.95,R_Palm,6.94,97.77,134.88,-0.32,0.04,-0.32,0.89
62.95,R_ThumbTip,1.18,97.36,141.90,-0.01,-0.06,0.55,0.83
62.95,R_IndexTip,3.46,97.35,143.79,0.41,-0.11,-0.31,0.85
62.95,R_MiddleTip,3.49,95.22,137.78,0.91,-0.30,-0.15,0.24
62.95,R_RingTip,4.63,94.87,136.35,0.90,-0.43,-0.11,0.06
62.95,R_LittleTip,5.69,94.67,136.04,0.83,-0.53,-0.16,0.01
62.95,R_ThumbDistal,1.53,97.37,139.48,-0.01,-0.06,0.55,0.83
62.95,R_IndexIntermediate,5.49,100.15,140.72,0.39,-0.13,-0.30,0.86
62.95,R_MiddleIntermediate,6.34,98.07,140.66,0.76,-0.30,-0.21,0.54
62.95,R_RingIntermediate,7.18,96.32,140.01,0.79,-0.37,-0.25,0.43
62.95,R_LittleIntermediate,8.01,94.91,139.16,0.77,-0.42,-0.32,0.35
62.95,R_IndexProximal,5.92,100.66,137.02,0.08,-0.03,-0.31,0.95
62.95,R_MiddleProximal,7.88,99.63,137.02,0.24,-0.11,-0.34,0.90
62.95,R_ThumbProximal,2.01,97.04,136.18,-0.08,-0.04,0.48,0.87
62.95,R_RingProximal,8.99,97.89,136.98,0.30,-0.14,-0.39,0.86
62.95,L_LittleProximal,-5.82,58.02,95.31,-0.72,-0.28,-0.19,-0.60
62.95,SmallCube,1.73,96.96,143.65,-0.23,-0.02,-0.11,0.97
62.96,Main Camera,-1.31,118.45,84.98,0.01,0.03,0.00,-1.00
62.96,R_Palm,6.96,97.87,134.86,-0.32,0.03,-0.32,0.89
62.96,R_ThumbTip,1.17,97.50,141.86,-0.02,-0.06,0.55,0.83
62.96,R_IndexTip,3.46,97.50,143.77,0.41,-0.11,-0.31,0.85
62.96,R_MiddleTip,3.50,95.34,137.76,0.91,-0.31,-0.15,0.24
62.96,R_RingTip,4.66,94.98,136.34,0.90,-0.43,-0.11,0.06
62.96,R_LittleTip,5.71,94.77,136.04,0.83,-0.53,-0.16,0.01
62.96,R_ThumbDistal,1.53,97.50,139.45,-0.02,-0.06,0.55,0.83
62.96,R_IndexIntermediate,5.50,100.28,140.69,0.39,-0.14,-0.31,0.86
62.96,R_MiddleIntermediate,6.34,98.20,140.65,0.75,-0.30,-0.21,0.54
62.96,R_RingIntermediate,7.18,96.45,140.00,0.79,-0.37,-0.24,0.43
62.96,R_LittleIntermediate,8.02,95.03,139.17,0.77,-0.42,-0.32,0.36
62.96,R_IndexProximal,5.94,100.77,136.98,0.08,-0.03,-0.31,0.95
62.96,R_MiddleProximal,7.90,99.74,136.99,0.24,-0.11,-0.34,0.90
62.96,R_ThumbProximal,2.02,97.15,136.15,-0.08,-0.04,0.48,0.87
62.96,R_RingProximal,9.00,98.00,136.97,0.30,-0.14,-0.39,0.86
62.96,L_LittleProximal,-5.73,57.96,95.31,-0.72,-0.28,-0.19,-0.60
62.96,SmallCube,1.73,97.11,143.63,-0.24,-0.02,-0.11,0.96
62.97,Main Camera,-1.29,118.45,84.94,0.01,0.03,0.00,-1.00
62.97,R_Palm,6.98,97.98,134.80,-0.33,0.03,-0.32,0.89
62.97,R_ThumbTip,1.14,97.69,141.76,-0.02,-0.06,0.55,0.83
62.97,R_IndexTip,3.43,97.69,143.69,0.41,-0.11,-0.31,0.85
62.97,R_MiddleTip,3.51,95.50,137.69,0.91,-0.31,-0.14,0.24
62.97,R_RingTip,4.67,95.13,136.28,0.90,-0.43,-0.10,0.06
62.97,R_LittleTip,5.73,94.90,135.99,0.83,-0.53,-0.15,0.01
62.97,R_ThumbDistal,1.52,97.67,139.35,-0.02,-0.06,0.55,0.83
62.97,R_IndexIntermediate,5.50,100.44,140.60,0.39,-0.14,-0.31,0.86
62.97,R_MiddleIntermediate,6.33,98.36,140.58,0.75,-0.31,-0.21,0.55
62.97,R_RingIntermediate,7.16,96.60,139.96,0.79,-0.37,-0.24,0.43
62.97,R_LittleIntermediate,8.00,95.17,139.14,0.77,-0.43,-0.31,0.36
62.97,R_IndexProximal,5.96,100.90,136.89,0.08,-0.04,-0.31,0.95
62.97,R_MiddleProximal,7.92,99.87,136.92,0.24,-0.12,-0.34,0.90
62.97,R_ThumbProximal,2.03,97.30,136.06,-0.09,-0.04,0.47,0.88
62.97,R_RingProximal,9.01,98.12,136.92,0.29,-0.14,-0.39,0.86
62.97,L_LittleProximal,-5.82,57.73,95.20,-0.72,-0.28,-0.19,-0.60
62.97,SmallCube,1.70,97.31,143.54,-0.24,-0.02,-0.12,0.96
62.99,Main Camera,-1.26,118.44,84.91,0.01,0.03,0.00,-1.00
62.99,R_Palm,7.04,98.22,134.72,-0.33,0.03,-0.33,0.88
62.99,R_ThumbTip,1.15,98.05,141.64,-0.03,-0.06,0.55,0.83
62.99,R_IndexTip,3.43,98.05,143.59,0.40,-0.12,-0.31,0.85
62.99,R_MiddleTip,3.55,95.81,137.60,0.91,-0.31,-0.14,0.24
62.99,R_RingTip,4.72,95.40,136.21,0.89,-0.43,-0.09,0.06
62.99,R_LittleTip,5.78,95.17,135.93,0.83,-0.54,-0.14,0.00
62.99,R_ThumbDistal,1.54,97.99,139.23,-0.03,-0.06,0.55,0.83
62.99,R_IndexIntermediate,5.54,100.75,140.48,0.38,-0.14,-0.31,0.86
62.99,R_MiddleIntermediate,6.35,98.67,140.49,0.75,-0.31,-0.21,0.55
62.99,R_RingIntermediate,7.18,96.90,139.89,0.78,-0.38,-0.24,0.43
62.99,R_LittleIntermediate,8.01,95.45,139.10,0.77,-0.43,-0.31,0.36
62.99,R_IndexProximal,6.02,101.16,136.77,0.07,-0.04,-0.31,0.95
62.99,R_MiddleProximal,7.97,100.12,136.83,0.24,-0.12,-0.35,0.90
62.99,R_ThumbProximal,2.08,97.58,135.95,-0.09,-0.04,0.47,0.88
62.99,R_RingProximal,9.06,98.37,136.86,0.29,-0.15,-0.39,0.86
62.99,L_LittleProximal,-5.82,57.50,95.19,-0.72,-0.28,-0.19,-0.60
62.99,SmallCube,1.70,97.68,143.43,-0.24,-0.03,-0.12,0.96
63.00,Main Camera,-1.24,118.46,84.89,0.01,0.03,0.00,-1.00
63.00,R_Palm,7.03,98.36,134.60,-0.33,0.02,-0.33,0.88
63.00,R_ThumbTip,1.11,98.24,141.49,-0.03,-0.06,0.55,0.83
63.00,R_IndexTip,3.38,98.24,143.44,0.40,-0.12,-0.31,0.85
63.00,R_MiddleTip,3.52,96.00,137.45,0.91,-0.32,-0.13,0.24
63.00,R_RingTip,4.70,95.57,136.09,0.89,-0.44,-0.09,0.06
63.00,R_LittleTip,5.76,95.33,135.82,0.83,-0.54,-0.14,0.00
63.00,R_ThumbDistal,1.51,98.17,139.08,-0.03,-0.06,0.55,0.83
63.00,R_IndexIntermediate,5.51,100.93,140.34,0.38,-0.15,-0.31,0.86
63.00,R_MiddleIntermediate,6.31,98.85,140.36,0.75,-0.31,-0.20,0.55
63.00,R_RingIntermediate,7.13,97.07,139.78,0.78,-0.38,-0.23,0.43
63.00,R_LittleIntermediate,7.97,95.62,138.99,0.77,-0.43,-0.31,0.36
63.00,R_IndexProximal,6.00,101.33,136.63,0.07,-0.05,-0.32,0.94
63.00,R_MiddleProximal,7.95,100.28,136.70,0.23,-0.12,-0.35,0.90
63.00,R_ThumbProximal,2.05,97.75,135.80,-0.10,-0.04,0.47,0.88
63.00,R_RingProximal,9.04,98.52,136.74,0.29,-0.15,-0.39,0.86
63.00,L_LittleProximal,-5.82,57.31,95.22,-0.72,-0.28,-0.19,-0.60
63.00,SmallCube,1.64,97.88,143.27,-0.24,-0.03,-0.12,0.96
63.02,Main Camera,-1.21,118.45,84.86,0.01,0.03,0.00,-1.00
63.02,R_Palm,7.00,98.59,134.44,-0.33,0.02,-0.33,0.88
63.02,R_ThumbTip,1.08,98.49,141.31,-0.03,-0.06,0.55,0.83
63.02,R_IndexTip,3.33,98.49,143.26,0.40,-0.13,-0.31,0.85
63.02,R_MiddleTip,3.50,96.25,137.29,0.91,-0.32,-0.13,0.24
63.02,R_RingTip,4.67,95.81,135.94,0.89,-0.44,-0.09,0.06
63.02,R_LittleTip,5.73,95.56,135.67,0.83,-0.54,-0.14,0.00
63.02,R_ThumbDistal,1.48,98.42,138.91,-0.03,-0.06,0.55,0.83
63.02,R_IndexIntermediate,5.48,101.17,140.16,0.38,-0.15,-0.31,0.86
63.02,R_MiddleIntermediate,6.28,99.10,140.20,0.75,-0.32,-0.20,0.55
63.02,R_RingIntermediate,7.10,97.31,139.63,0.78,-0.38,-0.23,0.43
63.02,R_LittleIntermediate,7.93,95.86,138.85,0.77,-0.43,-0.30,0.36
63.02,R_IndexProximal,5.98,101.56,136.46,0.07,-0.05,-0.32,0.94
63.02,R_MiddleProximal,7.93,100.51,136.54,0.23,-0.13,-0.35,0.90
63.02,R_ThumbProximal,2.02,97.98,135.63,-0.10,-0.04,0.47,0.88
63.02,R_RingProximal,9.01,98.76,136.59,0.29,-0.16,-0.39,0.86
63.02,L_LittleProximal,-5.78,57.09,95.28,-0.72,-0.28,-0.19,-0.60
63.02,SmallCube,1.59,98.13,143.08,-0.24,-0.03,-0.13,0.96
63.03,Main Camera,-1.19,118.45,84.83,0.01,0.03,0.00,-1.00
63.03,R_Palm,7.01,98.71,134.34,-0.33,0.02,-0.33,0.88
63.03,R_ThumbTip,1.08,98.62,141.20,-0.03,-0.06,0.55,0.84
63.03,R_IndexTip,3.31,98.61,143.13,0.41,-0.13,-0.31,0.85
63.03,R_MiddleTip,3.49,96.39,137.19,0.91,-0.32,-0.13,0.24
63.03,R_RingTip,4.67,95.94,135.83,0.89,-0.44,-0.09,0.06
63.03,R_LittleTip,5.73,95.68,135.56,0.83,-0.54,-0.14,0.00
63.03,R_ThumbDistal,1.48,98.55,138.79,-0.03,-0.06,0.55,0.84
63.03,R_IndexIntermediate,5.48,101.30,140.05,0.38,-0.15,-0.31,0.86
63.03,R_MiddleIntermediate,6.28,99.23,140.10,0.75,-0.32,-0.20,0.55
63.03,R_RingIntermediate,7.09,97.44,139.53,0.78,-0.38,-0.23,0.43
63.03,R_LittleIntermediate,7.92,95.99,138.75,0.77,-0.44,-0.30,0.36
63.03,R_IndexProximal,5.99,101.69,136.35,0.07,-0.05,-0.32,0.94
63.03,R_MiddleProximal,7.93,100.63,136.43,0.23,-0.13,-0.35,0.90
63.03,R_ThumbProximal,2.02,98.12,135.51,-0.10,-0.04,0.47,0.88
63.03,R_RingProximal,9.01,98.87,136.49,0.29,-0.16,-0.39,0.86
63.03,L_LittleProximal,-5.79,57.03,95.26,-0.73,-0.28,-0.19,-0.60
63.03,SmallCube,1.57,98.26,142.94,-0.24,-0.03,-0.13,0.96
63.04,Main Camera,-1.17,118.45,84.81,0.01,0.03,0.00,-1.00
63.04,R_Palm,7.02,98.83,134.24,-0.33,0.02,-0.33,0.88
63.04,R_ThumbTip,1.09,98.75,141.09,-0.03,-0.06,0.54,0.84
63.04,R_IndexTip,3.29,98.73,143.00,0.41,-0.13,-0.31,0.85
63.04,R_MiddleTip,3.49,96.52,137.09,0.91,-0.32,-0.13,0.24
63.04,R_RingTip,4.67,96.07,135.74,0.89,-0.44,-0.08,0.06
63.04,R_LittleTip,5.72,95.80,135.47,0.83,-0.54,-0.14,0.00
63.04,R_ThumbDistal,1.48,98.69,138.68,-0.03,-0.06,0.54,0.84
63.04,R_IndexIntermediate,5.49,101.43,139.95,0.38,-0.15,-0.31,0.86
63.04,R_MiddleIntermediate,6.28,99.36,140.00,0.74,-0.32,-0.20,0.55
63.04,R_RingIntermediate,7.09,97.57,139.43,0.78,-0.38,-0.23,0.44
63.04,R_LittleIntermediate,7.91,96.11,138.65,0.77,-0.44,-0.30,0.36
63.04,R_IndexProximal,6.00,101.81,136.24,0.07,-0.05,-0.32,0.94
63.04,R_MiddleProximal,7.94,100.75,136.33,0.23,-0.13,-0.35,0.90
63.04,R_ThumbProximal,2.03,98.25,135.40,-0.10,-0.04,0.47,0.88
63.04,R_RingProximal,9.02,98.99,136.39,0.29,-0.16,-0.39,0.86
63.04,L_LittleProximal,-5.80,56.97,95.23,-0.73,-0.28,-0.19,-0.60
63.04,SmallCube,1.55,98.39,142.80,-0.24,-0.03,-0.13,0.96
63.06,Main Camera,-1.14,118.46,84.79,0.01,0.03,0.00,-1.00
63.06,R_Palm,7.02,98.94,134.14,-0.33,0.02,-0.33,0.88
63.06,R_ThumbTip,1.07,98.88,140.97,-0.03,-0.06,0.54,0.84
63.06,R_IndexTip,3.25,98.86,142.88,0.41,-0.13,-0.31,0.85
63.06,R_MiddleTip,3.48,96.65,137.02,0.91,-0.32,-0.13,0.24
63.06,R_RingTip,4.65,96.19,135.67,0.89,-0.44,-0.08,0.06
63.06,R_LittleTip,5.69,95.91,135.39,0.83,-0.54,-0.14,0.01
63.06,R_ThumbDistal,1.46,98.82,138.56,-0.03,-0.06,0.54,0.84
63.06,R_IndexIntermediate,5.47,101.55,139.84,0.38,-0.16,-0.31,0.86
63.06,R_MiddleIntermediate,6.28,99.50,139.91,0.74,-0.32,-0.20,0.55
63.06,R_RingIntermediate,7.08,97.70,139.35,0.78,-0.39,-0.23,0.44
63.06,R_LittleIntermediate,7.89,96.22,138.56,0.76,-0.44,-0.30,0.36
63.06,R_IndexProximal,6.00,101.92,136.13,0.07,-0.05,-0.32,0.94
63.06,R_MiddleProximal,7.94,100.86,136.23,0.23,-0.13,-0.35,0.90
63.06,R_ThumbProximal,2.01,98.38,135.28,-0.10,-0.04,0.47,0.88
63.06,R_RingProximal,9.01,99.10,136.30,0.28,-0.16,-0.39,0.86
63.06,L_LittleProximal,-5.81,56.93,95.24,-0.73,-0.28,-0.19,-0.60
63.06,SmallCube,1.52,98.52,142.66,-0.23,-0.04,-0.13,0.96
63.07,Main Camera,-1.12,118.46,84.77,0.01,0.03,0.00,-1.00
63.07,R_Palm,7.04,99.05,134.08,-0.34,0.02,-0.34,0.88
63.07,R_ThumbTip,1.08,99.05,140.89,-0.03,-0.06,0.54,0.84
63.07,R_IndexTip,3.25,99.02,142.80,0.41,-0.14,-0.31,0.84
63.07,R_MiddleTip,3.48,96.81,137.04,0.90,-0.33,-0.13,0.25
63.07,R_RingTip,4.64,96.32,135.69,0.89,-0.44,-0.09,0.07
63.07,R_LittleTip,5.66,96.01,135.37,0.83,-0.54,-0.14,0.01
63.07,R_ThumbDistal,1.47,98.98,138.48,-0.03,-0.06,0.54,0.84
63.07,R_IndexIntermediate,5.50,101.69,139.77,0.38,-0.16,-0.31,0.85
63.07,R_MiddleIntermediate,6.32,99.67,139.87,0.74,-0.32,-0.21,0.56
63.07,R_RingIntermediate,7.12,97.86,139.33,0.77,-0.39,-0.23,0.44
63.07,R_LittleIntermediate,7.89,96.35,138.52,0.76,-0.44,-0.31,0.37
63.07,R_IndexProximal,6.03,102.05,136.06,0.07,-0.05,-0.32,0.94
63.07,R_MiddleProximal,7.96,100.98,136.17,0.22,-0.13,-0.35,0.90
63.07,R_ThumbProximal,2.03,98.53,135.21,-0.10,-0.04,0.46,0.88
63.07,R_RingProximal,9.02,99.21,136.25,0.28,-0.16,-0.40,0.86
63.07,L_LittleProximal,-5.82,56.90,95.22,-0.73,-0.28,-0.18,-0.60
63.07,SmallCube,1.51,98.69,142.58,-0.23,-0.04,-0.14,0.96
63.08,Main Camera,-1.09,118.47,84.75,0.01,0.03,0.00,-1.00
63.08,R_Palm,7.09,99.17,134.03,-0.34,0.02,-0.34,0.88
63.08,R_ThumbTip,1.11,99.23,140.82,-0.03,-0.06,0.54,0.84
63.08,R_IndexTip,3.28,99.18,142.73,0.41,-0.14,-0.31,0.84
63.08,R_MiddleTip,3.51,96.97,137.09,0.90,-0.33,-0.14,0.25
63.08,R_RingTip,4.66,96.46,135.74,0.89,-0.45,-0.09,0.07
63.08,R_LittleTip,5.65,96.12,135.39,0.83,-0.55,-0.14,0.02
63.08,R_ThumbDistal,1.50,99.15,138.41,-0.03,-0.06,0.54,0.84
63.08,R_IndexIntermediate,5.56,101.84,139.70,0.38,-0.16,-0.31,0.85
63.08,R_MiddleIntermediate,6.40,99.86,139.85,0.73,-0.32,-0.21,0.56
63.08,R_RingIntermediate,7.19,98.04,139.33,0.77,-0.39,-0.24,0.45
63.08,R_LittleIntermediate,7.94,96.49,138.50,0.75,-0.44,-0.31,0.38
63.08,R_IndexProximal,6.09,102.18,136.00,0.07,-0.05,-0.33,0.94
63.08,R_MiddleProximal,8.02,101.10,136.12,0.21,-0.13,-0.36,0.90
63.08,R_ThumbProximal,2.07,98.68,135.14,-0.10,-0.04,0.46,0.88
63.08,R_RingProximal,9.07,99.32,136.20,0.27,-0.16,-0.40,0.86
63.08,L_LittleProximal,-5.83,56.88,95.22,-0.73,-0.27,-0.18,-0.60
63.08,SmallCube,1.54,98.86,142.50,-0.23,-0.04,-0.14,0.96
63.10,Main Camera,-1.06,118.47,84.73,0.01,0.03,0.00,-1.00
63.10,R_Palm,7.10,99.28,134.00,-0.34,0.02,-0.34,0.88
63.10,R_ThumbTip,1.11,99.38,140.78,-0.03,-0.06,0.54,0.84
63.10,R_IndexTip,3.27,99.32,142.68,0.42,-0.14,-0.32,0.84
63.10,R_MiddleTip,3.51,97.12,137.16,0.90,-0.33,-0.14,0.26
63.10,R_RingTip,4.65,96.58,135.80,0.88,-0.45,-0.09,0.08
63.10,R_LittleTip,5.61,96.22,135.43,0.82,-0.55,-0.14,0.03
63.10,R_ThumbDistal,1.50,99.30,138.37,-0.03,-0.06,0.54,0.84
63.10,R_IndexIntermediate,5.57,101.97,139.66,0.38,-0.16,-0.32,0.85
63.10,R_MiddleIntermediate,6.44,100.03,139.85,0.72,-0.32,-0.21,0.57
63.10,R_RingIntermediate,7.22,98.19,139.33,0.76,-0.39,-0.24,0.46
63.10,R_LittleIntermediate,7.95,96.61,138.50,0.75,-0.44,-0.31,0.38
63.10,R_IndexProximal,6.12,102.30,135.96,0.07,-0.05,-0.33,0.94
63.10,R_MiddleProximal,8.04,101.20,136.08,0.20,-0.13,-0.36,0.90
63.10,R_ThumbProximal,2.08,98.82,135.10,-0.10,-0.04,0.46,0.88
63.10,R_RingProximal,9.08,99.43,136.18,0.26,-0.16,-0.40,0.86
63.10,L_LittleProximal,-5.86,56.89,95.20,-0.73,-0.27,-0.18,-0.60
63.10,SmallCube,1.53,99.02,142.44,-0.23,-0.04,-0.14,0.96
63.11,Main Camera,-1.04,118.47,84.71,0.01,0.03,0.00,-1.00
63.11,R_Palm,7.12,99.38,133.95,-0.34,0.02,-0.34,0.88
63.11,R_ThumbTip,1.12,99.51,140.72,-0.03,-0.06,0.54,0.84
63.11,R_IndexTip,3.26,99.43,142.61,0.42,-0.15,-0.31,0.84
63.11,R_MiddleTip,3.50,97.23,137.24,0.89,-0.33,-0.14,0.27
63.11,R_RingTip,4.64,96.68,135.85,0.88,-0.45,-0.09,0.09
63.11,R_LittleTip,5.57,96.30,135.50,0.82,-0.55,-0.15,0.05
63.11,R_ThumbDistal,1.50,99.42,138.31,-0.03,-0.06,0.54,0.84
63.11,R_IndexIntermediate,5.58,102.08,139.61,0.38,-0.16,-0.32,0.85
63.11,R_MiddleIntermediate,6.48,100.18,139.83,0.72,-0.32,-0.21,0.58
63.11,R_RingIntermediate,7.27,98.33,139.33,0.76,-0.39,-0.24,0.46
63.11,R_LittleIntermediate,7.99,96.74,138.49,0.74,-0.44,-0.32,0.40
63.11,R_IndexProximal,6.13,102.40,135.90,0.06,-0.06,-0.33,0.94
63.11,R_MiddleProximal,8.05,101.31,136.04,0.20,-0.13,-0.36,0.90
63.11,R_ThumbProximal,2.08,98.93,135.04,-0.11,-0.04,0.46,0.88
63.11,R_RingProximal,9.09,99.53,136.13,0.25,-0.15,-0.41,0.87
63.11,L_LittleProximal,-5.87,56.85,95.20,-0.73,-0.27,-0.18,-0.60
63.11,SmallCube,1.53,99.12,142.35,-0.23,-0.05,-0.14,0.96
63.13,Main Camera,-1.02,118.46,84.69,0.01,0.03,0.00,-1.00
63.13,R_Palm,7.13,99.48,133.90,-0.34,0.02,-0.34,0.88
63.13,R_ThumbTip,1.13,99.63,140.65,-0.03,-0.06,0.54,0.84
63.13,R_IndexTip,3.26,99.53,142.54,0.42,-0.15,-0.31,0.84
63.13,R_MiddleTip,3.50,97.34,137.30,0.89,-0.33,-0.15,0.28
63.13,R_RingTip,4.63,96.78,135.90,0.88,-0.45,-0.10,0.10
63.13,R_LittleTip,5.54,96.38,135.55,0.82,-0.55,-0.16,0.06
63.13,R_ThumbDistal,1.50,99.55,138.24,-0.03,-0.06,0.54,0.84
63.13,R_IndexIntermediate,5.60,102.19,139.56,0.38,-0.16,-0.32,0.85
63.13,R_MiddleIntermediate,6.53,100.33,139.80,0.71,-0.32,-0.22,0.59
63.13,R_RingIntermediate,7.32,98.48,139.31,0.75,-0.39,-0.25,0.47
63.13,R_LittleIntermediate,8.04,96.87,138.48,0.73,-0.43,-0.33,0.41
63.13,R_IndexProximal,6.15,102.51,135.85,0.06,-0.06,-0.33,0.94
63.13,R_MiddleProximal,8.07,101.42,135.98,0.19,-0.12,-0.36,0.90
63.13,R_ThumbProximal,2.09,99.05,134.98,-0.11,-0.04,0.46,0.88
63.13,R_RingProximal,9.11,99.64,136.08,0.24,-0.15,-0.41,0.87
63.13,L_LittleProximal,-5.88,56.82,95.20,-0.73,-0.27,-0.18,-0.60
63.13,SmallCube,1.53,99.23,142.26,-0.23,-0.05,-0.15,0.96
63.14,Main Camera,-1.00,118.47,84.67,0.01,0.02,0.00,-1.00
63.14,R_Palm,7.16,99.61,133.89,-0.34,0.02,-0.34,0.88
63.14,R_ThumbTip,1.15,99.77,140.63,-0.03,-0.06,0.53,0.84
63.14,R_IndexTip,3.28,99.65,142.50,0.43,-0.15,-0.31,0.83
63.14,R_MiddleTip,3.52,97.46,137.40,0.88,-0.33,-0.15,0.29
63.14,R_RingTip,4.63,96.89,135.99,0.88,-0.45,-0.10,0.11
63.14,R_LittleTip,5.52,96.48,135.63,0.82,-0.55,-0.17,0.07
63.14,R_ThumbDistal,1.52,99.68,138.21,-0.03,-0.06,0.53,0.84
63.14,R_IndexIntermediate,5.63,102.32,139.54,0.38,-0.17,-0.32,0.85
63.14,R_MiddleIntermediate,6.58,100.49,139.80,0.70,-0.32,-0.22,0.60
63.14,R_RingIntermediate,7.39,98.63,139.32,0.75,-0.39,-0.25,0.48
63.14,R_LittleIntermediate,8.10,97.01,138.49,0.73,-0.43,-0.33,0.42
63.14,R_IndexProximal,6.18,102.63,135.83,0.06,-0.06,-0.33,0.94
63.14,R_MiddleProximal,8.10,101.54,135.97,0.19,-0.12,-0.36,0.91
63.14,R_ThumbProximal,2.11,99.18,134.96,-0.11,-0.04,0.46,0.88
63.14,R_RingProximal,9.14,99.76,136.07,0.24,-0.15,-0.41,0.87
63.14,L_LittleProximal,-5.89,56.79,95.21,-0.73,-0.27,-0.18,-0.60
63.15,Main Camera,-0.98,118.47,84.66,0.01,0.02,0.00,-1.00
63.15,R_Palm,7.18,99.65,133.80,-0.34,0.01,-0.34,0.88
63.15,R_ThumbTip,1.15,99.83,140.53,-0.03,-0.06,0.53,0.84
63.15,R_IndexTip,3.28,99.69,142.39,0.43,-0.15,-0.31,0.83
63.15,R_MiddleTip,3.52,97.51,137.37,0.88,-0.33,-0.15,0.30
63.15,R_RingTip,4.62,96.92,135.96,0.88,-0.45,-0.11,0.12
63.15,R_LittleTip,5.51,96.51,135.60,0.81,-0.55,-0.17,0.08
63.15,R_ThumbDistal,1.53,99.74,138.12,-0.03,-0.06,0.53,0.84
63.15,R_IndexIntermediate,5.64,102.37,139.45,0.38,-0.17,-0.31,0.85
63.15,R_MiddleIntermediate,6.61,100.55,139.72,0.70,-0.32,-0.22,0.60
63.15,R_RingIntermediate,7.41,98.69,139.25,0.74,-0.38,-0.25,0.49
63.15,R_LittleIntermediate,8.13,97.06,138.42,0.72,-0.43,-0.34,0.42
63.15,R_IndexProximal,6.19,102.68,135.74,0.06,-0.06,-0.33,0.94
63.15,R_MiddleProximal,8.11,101.59,135.88,0.18,-0.12,-0.36,0.91
63.15,R_ThumbProximal,2.12,99.23,134.86,-0.11,-0.04,0.46,0.88
63.15,R_RingProximal,9.15,99.81,135.98,0.24,-0.15,-0.41,0.87
63.15,L_LittleProximal,-5.87,56.74,95.25,-0.73,-0.27,-0.18,-0.60
63.17,Main Camera,-0.97,118.48,84.64,0.01,0.02,0.00,-1.00
63.17,R_Palm,7.20,99.67,133.76,-0.34,0.01,-0.34,0.87
63.17,R_ThumbTip,1.16,99.86,140.48,-0.03,-0.06,0.53,0.84
63.17,R_IndexTip,3.27,99.70,142.32,0.44,-0.15,-0.31,0.83
63.17,R_MiddleTip,3.53,97.53,137.36,0.88,-0.33,-0.15,0.30
63.17,R_RingTip,4.62,96.93,135.96,0.88,-0.45,-0.11,0.12
63.17,R_LittleTip,5.50,96.52,135.61,0.81,-0.55,-0.17,0.09
63.17,R_ThumbDistal,1.54,99.77,138.07,-0.03,-0.06,0.53,0.84
63.17,R_IndexIntermediate,5.65,102.39,139.41,0.39,-0.17,-0.31,0.85
63.17,R_MiddleIntermediate,6.63,100.58,139.69,0.70,-0.32,-0.22,0.60
63.17,R_RingIntermediate,7.43,98.72,139.22,0.74,-0.38,-0.26,0.49
63.17,R_LittleIntermediate,8.15,97.09,138.40,0.72,-0.43,-0.34,0.43
63.17,R_IndexProximal,6.21,102.70,135.70,0.06,-0.06,-0.33,0.94
63.17,R_MiddleProximal,8.13,101.60,135.84,0.18,-0.12,-0.36,0.91
63.17,R_ThumbProximal,2.14,99.25,134.82,-0.11,-0.04,0.46,0.88
63.17,R_RingProximal,9.17,99.82,135.95,0.23,-0.15,-0.41,0.87
63.17,L_LittleProximal,-5.85,56.68,95.24,-0.74,-0.27,-0.17,-0.60
63.18,Main Camera,-0.94,118.47,84.62,0.01,0.02,0.00,-1.00
63.18,R_Palm,7.20,99.72,133.70,-0.34,0.01,-0.35,0.87
63.18,R_ThumbTip,1.14,99.94,140.40,-0.04,-0.06,0.53,0.84
63.18,R_IndexTip,3.24,99.76,142.22,0.44,-0.16,-0.31,0.83
63.18,R_MiddleTip,3.52,97.60,137.30,0.88,-0.33,-0.15,0.30
63.18,R_RingTip,4.61,96.99,135.91,0.88,-0.45,-0.10,0.12
63.18,R_LittleTip,5.50,96.58,135.55,0.81,-0.55,-0.17,0.09
63.18,R_ThumbDistal,1.53,99.84,137.99,-0.04,-0.06,0.53,0.84
63.18,R_IndexIntermediate,5.64,102.47,139.33,0.39,-0.17,-0.31,0.85
63.18,R_MiddleIntermediate,6.62,100.65,139.63,0.70,-0.32,-0.22,0.60
63.18,R_RingIntermediate,7.42,98.79,139.17,0.74,-0.39,-0.25,0.49
63.18,R_LittleIntermediate,8.14,97.15,138.35,0.72,-0.43,-0.34,0.43
63.18,R_IndexProximal,6.21,102.76,135.62,0.06,-0.06,-0.33,0.94
63.18,R_MiddleProximal,8.13,101.66,135.78,0.18,-0.12,-0.36,0.91
63.18,R_ThumbProximal,2.14,99.31,134.74,-0.11,-0.05,0.46,0.88
63.18,R_RingProximal,9.17,99.88,135.89,0.23,-0.15,-0.41,0.87
63.18,L_LittleProximal,-5.82,56.66,95.26,-0.74,-0.27,-0.17,-0.60
63.20,Main Camera,-0.92,118.47,84.61,0.01,0.02,0.00,-1.00
63.20,R_Palm,7.21,99.78,133.63,-0.34,0.01,-0.35,0.87
63.20,R_ThumbTip,1.12,100.03,140.30,-0.04,-0.06,0.53,0.84
63.20,R_IndexTip,3.20,99.84,142.10,0.44,-0.16,-0.31,0.83
63.20,R_MiddleTip,3.51,97.68,137.25,0.88,-0.33,-0.15,0.30
63.20,R_RingTip,4.60,97.07,135.85,0.88,-0.45,-0.10,0.13
63.20,R_LittleTip,5.49,96.65,135.50,0.81,-0.55,-0.17,0.09
63.20,R_ThumbDistal,1.52,99.92,137.89,-0.04,-0.06,0.53,0.84
63.20,R_IndexIntermediate,5.63,102.55,139.24,0.39,-0.17,-0.31,0.85
63.20,R_MiddleIntermediate,6.61,100.75,139.55,0.70,-0.32,-0.22,0.60
63.20,R_RingIntermediate,7.41,98.88,139.10,0.74,-0.39,-0.25,0.49
63.20,R_LittleIntermediate,8.13,97.24,138.29,0.72,-0.43,-0.34,0.43
63.20,R_IndexProximal,6.21,102.83,135.54,0.06,-0.06,-0.33,0.94
63.20,R_MiddleProximal,8.13,101.73,135.70,0.18,-0.13,-0.36,0.91
63.20,R_ThumbProximal,2.14,99.38,134.64,-0.12,-0.05,0.46,0.88
63.20,R_RingProximal,9.16,99.96,135.83,0.23,-0.15,-0.41,0.87
63.20,L_LittleProximal,-5.79,56.64,95.28,-0.74,-0.27,-0.17,-0.60
63.21,Main Camera,-0.90,118.47,84.59,0.01,0.02,0.00,-1.00
63.21,R_Palm,7.21,99.86,133.55,-0.34,0.01,-0.35,0.87
63.21,R_ThumbTip,1.09,100.14,140.19,-0.04,-0.06,0.53,0.84
63.21,R_IndexTip,3.16,99.94,141.97,0.45,-0.17,-0.31,0.83
63.21,R_MiddleTip,3.50,97.78,137.19,0.88,-0.33,-0.15,0.31
63.21,R_RingTip,4.59,97.15,135.79,0.88,-0.45,-0.10,0.13
63.21,R_LittleTip,5.47,96.73,135.43,0.81,-0.55,-0.17,0.09
63.21,R_ThumbDistal,1.50,100.01,137.78,-0.04,-0.06,0.53,0.84
63.21,R_IndexIntermediate,5.61,102.65,139.14,0.39,-0.18,-0.31,0.85
63.21,R_MiddleIntermediate,6.60,100.86,139.47,0.69,-0.32,-0.22,0.61
63.21,R_RingIntermediate,7.40,98.98,139.03,0.74,-0.39,-0.25,0.49
63.21,R_LittleIntermediate,8.11,97.33,138.22,0.72,-0.43,-0.34,0.43
63.21,R_IndexProximal,6.21,102.91,135.44,0.06,-0.06,-0.33,0.94
63.21,R_MiddleProximal,8.12,101.82,135.62,0.17,-0.13,-0.36,0.91
63.21,R_ThumbProximal,2.14,99.46,134.54,-0.12,-0.05,0.46,0.88
63.21,R_RingProximal,9.16,100.04,135.75,0.23,-0.15,-0.41,0.87
63.21,L_LittleProximal,-5.76,56.62,95.30,-0.74,-0.27,-0.17,-0.60
63.22,Main Camera,-0.88,118.48,84.57,0.01,0.02,0.00,-1.00
63.22,R_Palm,7.21,99.90,133.54,-0.34,0.00,-0.35,0.87
63.22,R_ThumbTip,1.06,100.19,140.16,-0.04,-0.06,0.53,0.84
63.22,R_IndexTip,3.12,99.99,141.95,0.45,-0.17,-0.30,0.82
63.22,R_MiddleTip,3.49,97.83,137.20,0.88,-0.33,-0.15,0.31
63.22,R_RingTip,4.58,97.19,135.79,0.88,-0.45,-0.10,0.13
63.22,R_LittleTip,5.46,96.77,135.44,0.81,-0.55,-0.17,0.09
63.22,R_ThumbDistal,1.48,100.06,137.76,-0.04,-0.06,0.53,0.84
63.22,R_IndexIntermediate,5.59,102.71,139.13,0.39,-0.18,-0.31,0.85
63.22,R_MiddleIntermediate,6.58,100.92,139.47,0.69,-0.32,-0.22,0.61
63.22,R_RingIntermediate,7.38,99.04,139.03,0.74,-0.39,-0.25,0.50
63.22,R_LittleIntermediate,8.10,97.38,138.23,0.72,-0.43,-0.33,0.43
63.22,R_IndexProximal,6.19,102.96,135.43,0.06,-0.06,-0.33,0.94
63.22,R_MiddleProximal,8.11,101.87,135.61,0.17,-0.13,-0.36,0.91
63.22,R_ThumbProximal,2.14,99.50,134.52,-0.12,-0.05,0.46,0.88
63.22,R_RingProximal,9.14,100.09,135.76,0.23,-0.16,-0.41,0.87
63.22,L_LittleProximal,-5.76,56.63,95.28,-0.74,-0.27,-0.17,-0.60
63.24,Main Camera,-0.86,118.48,84.56,0.01,0.02,0.01,-1.00
63.24,R_Palm,7.24,99.90,133.55,-0.34,0.00,-0.35,0.87
63.24,R_ThumbTip,1.06,100.21,140.15,-0.05,-0.06,0.53,0.84
63.24,R_IndexTip,3.15,100.02,141.96,0.45,-0.17,-0.30,0.83
63.24,R_MiddleTip,3.50,97.83,137.20,0.88,-0.34,-0.15,0.31
63.24,R_RingTip,4.60,97.19,135.80,0.88,-0.45,-0.10,0.13
63.24,R_LittleTip,5.48,96.77,135.45,0.81,-0.55,-0.17,0.09
63.24,R_ThumbDistal,1.50,100.07,137.75,-0.05,-0.06,0.53,0.84
63.24,R_IndexIntermediate,5.62,102.72,139.14,0.39,-0.18,-0.31,0.85
63.24,R_MiddleIntermediate,6.60,100.92,139.48,0.69,-0.32,-0.22,0.61
63.24,R_RingIntermediate,7.40,99.04,139.04,0.73,-0.39,-0.25,0.50
63.24,R_LittleIntermediate,8.11,97.38,138.24,0.72,-0.43,-0.33,0.43
63.24,R_IndexProximal,6.22,102.96,135.43,0.06,-0.06,-0.33,0.94
63.24,R_MiddleProximal,8.13,101.86,135.62,0.17,-0.13,-0.36,0.91
63.24,R_ThumbProximal,2.16,99.51,134.52,-0.12,-0.05,0.46,0.88
63.24,R_RingProximal,9.17,100.08,135.77,0.23,-0.16,-0.41,0.87
63.24,L_LittleProximal,-5.78,56.63,95.25,-0.74,-0.27,-0.17,-0.60
63.25,Main Camera,-0.84,118.48,84.55,0.01,0.02,0.01,-1.00
63.25,R_Palm,7.23,99.90,133.54,-0.34,0.00,-0.35,0.87
63.25,R_ThumbTip,1.03,100.23,140.13,-0.05,-0.06,0.53,0.84
63.25,R_IndexTip,3.13,100.04,141.95,0.45,-0.17,-0.30,0.82
63.25,R_MiddleTip,3.48,97.84,137.19,0.88,-0.34,-0.15,0.31
63.25,R_RingTip,4.58,97.20,135.79,0.88,-0.46,-0.10,0.13
63.25,R_LittleTip,5.46,96.78,135.44,0.81,-0.55,-0.17,0.09
63.25,R_ThumbDistal,1.48,100.08,137.73,-0.05,-0.06,0.53,0.84
63.25,R_IndexIntermediate,5.61,102.73,139.13,0.39,-0.18,-0.31,0.85
63.25,R_MiddleIntermediate,6.58,100.93,139.47,0.69,-0.33,-0.22,0.61
63.25,R_RingIntermediate,7.37,99.05,139.04,0.73,-0.39,-0.25,0.50
63.25,R_LittleIntermediate,8.09,97.38,138.24,0.72,-0.43,-0.33,0.43
63.25,R_IndexProximal,6.21,102.96,135.42,0.06,-0.07,-0.33,0.94
63.25,R_MiddleProximal,8.12,101.86,135.61,0.17,-0.13,-0.36,0.91
63.25,R_ThumbProximal,2.15,99.52,134.50,-0.12,-0.05,0.46,0.88
63.25,R_RingProximal,9.15,100.08,135.77,0.23,-0.16,-0.41,0.87
63.25,L_LittleProximal,-5.76,56.64,95.25,-0.74,-0.27,-0.17,-0.60
63.27,Main Camera,-0.83,118.48,84.54,0.01,0.02,0.01,-1.00
63.27,R_Palm,7.24,99.91,133.51,-0.34,0.00,-0.35,0.87
63.27,R_ThumbTip,1.04,100.26,140.09,-0.05,-0.06,0.53,0.84
63.27,R_IndexTip,3.14,100.06,141.92,0.45,-0.17,-0.31,0.82
63.27,R_MiddleTip,3.49,97.86,137.16,0.88,-0.34,-0.15,0.31
63.27,R_RingTip,4.59,97.22,135.76,0.88,-0.46,-0.10,0.13
63.27,R_LittleTip,5.47,96.79,135.41,0.81,-0.55,-0.16,0.09
63.27,R_ThumbDistal,1.49,100.11,137.70,-0.05,-0.06,0.53,0.84
63.27,R_IndexIntermediate,5.63,102.75,139.09,0.39,-0.18,-0.31,0.85
63.27,R_MiddleIntermediate,6.59,100.94,139.44,0.69,-0.33,-0.22,0.61
63.27,R_RingIntermediate,7.38,99.06,139.01,0.73,-0.39,-0.25,0.49
63.27,R_LittleIntermediate,8.10,97.39,138.21,0.72,-0.43,-0.33,0.43
63.27,R_IndexProximal,6.22,102.97,135.39,0.05,-0.06,-0.33,0.94
63.27,R_MiddleProximal,8.14,101.87,135.58,0.17,-0.13,-0.36,0.91
63.27,R_ThumbProximal,2.16,99.54,134.46,-0.12,-0.05,0.45,0.88
63.27,R_RingProximal,9.16,100.09,135.74,0.23,-0.16,-0.41,0.87
63.27,L_LittleProximal,-5.76,56.64,95.25,-0.74,-0.27,-0.17,-0.60
63.28,Main Camera,-0.81,118.49,84.53,0.01,0.02,0.01,-1.00
63.28,R_Palm,7.26,99.93,133.46,-0.34,0.00,-0.35,0.87
63.28,R_ThumbTip,1.04,100.29,140.03,-0.05,-0.06,0.53,0.84
63.28,R_IndexTip,3.16,100.08,141.87,0.45,-0.17,-0.31,0.82
63.28,R_MiddleTip,3.51,97.89,137.10,0.88,-0.34,-0.15,0.31
63.28,R_RingTip,4.61,97.24,135.70,0.87,-0.46,-0.10,0.13
63.28,R_LittleTip,5.49,96.81,135.35,0.81,-0.55,-0.16,0.09
63.28,R_ThumbDistal,1.50,100.14,137.64,-0.05,-0.06,0.53,0.84
63.28,R_IndexIntermediate,5.65,102.77,139.04,0.39,-0.18,-0.31,0.85
63.28,R_MiddleIntermediate,6.61,100.96,139.39,0.69,-0.33,-0.22,0.61
63.28,R_RingIntermediate,7.40,99.07,138.96,0.73,-0.39,-0.25,0.49
63.28,R_LittleIntermediate,8.11,97.41,138.15,0.72,-0.44,-0.33,0.43
63.28,R_IndexProximal,6.24,102.99,135.33,0.05,-0.06,-0.33,0.94
63.28,R_MiddleProximal,8.16,101.89,135.53,0.17,-0.13,-0.36,0.91
63.28,R_ThumbProximal,2.17,99.56,134.41,-0.12,-0.05,0.45,0.88
63.28,R_RingProximal,9.18,100.11,135.68,0.23,-0.16,-0.41,0.87
63.28,L_LittleProximal,-5.77,56.64,95.25,-0.74,-0.27,-0.17,-0.60
63.29,Main Camera,-0.80,118.49,84.51,0.01,0.02,0.01,-1.00
63.29,R_Palm,7.28,99.95,133.39,-0.34,0.00,-0.35,0.87
63.29,R_ThumbTip,1.05,100.34,139.95,-0.05,-0.06,0.53,0.84
63.29,R_IndexTip,3.19,100.12,141.79,0.44,-0.17,-0.31,0.82
63.29,R_MiddleTip,3.53,97.92,137.03,0.88,-0.34,-0.15,0.31
63.29,R_RingTip,4.63,97.27,135.63,0.87,-0.46,-0.10,0.13
63.29,R_LittleTip,5.51,96.84,135.28,0.81,-0.55,-0.16,0.09
63.29,R_ThumbDistal,1.52,100.18,137.56,-0.05,-0.06,0.53,0.84
63.29,R_IndexIntermediate,5.68,102.80,138.97,0.39,-0.18,-0.31,0.85
63.29,R_MiddleIntermediate,6.63,100.99,139.31,0.69,-0.33,-0.22,0.61
63.29,R_RingIntermediate,7.42,99.10,138.88,0.73,-0.39,-0.25,0.49
63.29,R_LittleIntermediate,8.13,97.44,138.08,0.72,-0.44,-0.33,0.43
63.29,R_IndexProximal,6.27,103.02,135.26,0.05,-0.06,-0.33,0.94
63.29,R_MiddleProximal,8.18,101.91,135.46,0.17,-0.13,-0.36,0.91
63.29,R_ThumbProximal,2.19,99.60,134.33,-0.12,-0.05,0.45,0.88
63.29,R_RingProximal,9.21,100.13,135.61,0.23,-0.16,-0.41,0.87
63.29,L_LittleProximal,-5.77,56.64,95.24,-0.74,-0.27,-0.17,-0.60
63.31,Main Camera,-0.79,118.49,84.50,0.01,0.02,0.01,-1.00
63.31,R_Palm,7.31,99.97,133.32,-0.34,0.00,-0.35,0.87
63.31,R_ThumbTip,1.06,100.37,139.87,-0.06,-0.07,0.53,0.84
63.31,R_IndexTip,3.20,100.14,141.72,0.45,-0.17,-0.31,0.82
63.31,R_MiddleTip,3.55,97.95,136.95,0.88,-0.34,-0.15,0.31
63.31,R_RingTip,4.65,97.30,135.55,0.87,-0.46,-0.10,0.13
63.31,R_LittleTip,5.53,96.86,135.20,0.81,-0.55,-0.16,0.09
63.31,R_ThumbDistal,1.54,100.21,137.48,-0.06,-0.07,0.53,0.84
63.31,R_IndexIntermediate,5.70,102.82,138.90,0.39,-0.18,-0.31,0.85
63.31,R_MiddleIntermediate,6.65,101.01,139.24,0.69,-0.33,-0.22,0.61
63.31,R_RingIntermediate,7.44,99.12,138.81,0.73,-0.39,-0.25,0.49
63.31,R_LittleIntermediate,8.14,97.45,138.01,0.72,-0.44,-0.33,0.43
63.31,R_IndexProximal,6.30,103.04,135.19,0.05,-0.06,-0.33,0.94
63.31,R_MiddleProximal,8.21,101.93,135.39,0.17,-0.13,-0.36,0.91
63.31,R_ThumbProximal,2.22,99.63,134.25,-0.12,-0.05,0.45,0.88
63.31,R_RingProximal,9.23,100.15,135.55,0.23,-0.16,-0.41,0.87
63.31,L_LittleProximal,-5.77,56.64,95.23,-0.74,-0.27,-0.17,-0.60
63.32,Main Camera,-0.78,118.49,84.49,0.01,0.02,0.01,-1.00
63.32,R_Palm,7.32,99.97,133.29,-0.34,0.00,-0.35,0.87
63.32,R_ThumbTip,1.07,100.38,139.84,-0.06,-0.07,0.53,0.84
63.32,R_IndexTip,3.21,100.14,141.69,0.45,-0.17,-0.31,0.82
63.32,R_MiddleTip,3.56,97.94,136.92,0.88,-0.34,-0.15,0.31
63.32,R_RingTip,4.66,97.29,135.52,0.87,-0.46,-0.10,0.13
63.32,R_LittleTip,5.54,96.86,135.17,0.81,-0.55,-0.16,0.09
63.32,R_ThumbDistal,1.54,100.21,137.45,-0.06,-0.07,0.53,0.84
63.32,R_IndexIntermediate,5.72,102.82,138.87,0.39,-0.18,-0.31,0.85
63.32,R_MiddleIntermediate,6.66,101.00,139.22,0.69,-0.33,-0.22,0.61
63.32,R_RingIntermediate,7.45,99.11,138.79,0.73,-0.39,-0.25,0.49
63.32,R_LittleIntermediate,8.15,97.45,137.99,0.72,-0.44,-0.33,0.43
63.32,R_IndexProximal,6.31,103.03,135.17,0.05,-0.06,-0.34,0.94
63.32,R_MiddleProximal,8.22,101.93,135.37,0.17,-0.13,-0.36,0.91
63.32,R_ThumbProximal,2.23,99.63,134.22,-0.13,-0.05,0.45,0.88
63.32,R_RingProximal,9.24,100.14,135.52,0.23,-0.16,-0.41,0.87
63.32,L_LittleProximal,-5.77,56.65,95.23,-0.74,-0.27,-0.17,-0.60
63.33,Main Camera,-0.77,118.49,84.49,0.01,0.02,0.01,-1.00
63.33,R_Palm,7.33,99.97,133.28,-0.34,0.00,-0.35,0.87
63.33,R_ThumbTip,1.08,100.38,139.82,-0.06,-0.07,0.53,0.84
63.33,R_IndexTip,3.23,100.14,141.68,0.45,-0.17,-0.31,0.82
63.33,R_MiddleTip,3.57,97.95,136.91,0.88,-0.34,-0.15,0.31
63.33,R_RingTip,4.67,97.30,135.51,0.87,-0.46,-0.10,0.13
63.33,R_LittleTip,5.56,96.86,135.16,0.81,-0.55,-0.16,0.09
63.33,R_ThumbDistal,1.56,100.22,137.43,-0.06,-0.07,0.53,0.84
63.33,R_IndexIntermediate,5.73,102.82,138.86,0.39,-0.18,-0.31,0.85
63.33,R_MiddleIntermediate,6.68,101.01,139.21,0.69,-0.33,-0.22,0.61
63.33,R_RingIntermediate,7.46,99.12,138.78,0.73,-0.39,-0.25,0.49
63.33,R_LittleIntermediate,8.17,97.45,137.97,0.72,-0.44,-0.33,0.43
63.33,R_IndexProximal,6.32,103.04,135.15,0.05,-0.06,-0.34,0.94
63.33,R_MiddleProximal,8.23,101.93,135.35,0.17,-0.13,-0.36,0.91
63.33,R_ThumbProximal,2.24,99.63,134.20,-0.13,-0.05,0.45,0.88
63.33,R_RingProximal,9.25,100.15,135.51,0.23,-0.16,-0.41,0.87
63.33,L_LittleProximal,-5.77,56.64,95.23,-0.74,-0.27,-0.17,-0.60
63.35,Main Camera,-0.76,118.50,84.48,0.01,0.02,0.01,-1.00
63.35,R_Palm,7.33,99.98,133.28,-0.34,0.00,-0.35,0.87
63.35,R_ThumbTip,1.07,100.39,139.82,-0.06,-0.07,0.53,0.84
63.35,R_IndexTip,3.22,100.14,141.67,0.45,-0.17,-0.31,0.82
63.35,R_MiddleTip,3.57,97.95,136.91,0.88,-0.34,-0.15,0.31
63.35,R_RingTip,4.67,97.30,135.51,0.87,-0.46,-0.10,0.13
63.35,R_LittleTip,5.55,96.87,135.16,0.81,-0.55,-0.16,0.09
63.35,R_ThumbDistal,1.55,100.22,137.43,-0.06,-0.07,0.53,0.84
63.35,R_IndexIntermediate,5.72,102.83,138.86,0.39,-0.18,-0.31,0.85
63.35,R_MiddleIntermediate,6.67,101.01,139.21,0.69,-0.33,-0.22,0.61
63.35,R_RingIntermediate,7.45,99.12,138.78,0.73,-0.39,-0.25,0.49
63.35,R_LittleIntermediate,8.16,97.46,137.98,0.72,-0.44,-0.33,0.43
63.35,R_IndexProximal,6.32,103.04,135.15,0.05,-0.06,-0.34,0.94
63.35,R_MiddleProximal,8.23,101.94,135.36,0.17,-0.13,-0.36,0.91
63.35,R_ThumbProximal,2.24,99.64,134.21,-0.13,-0.05,0.45,0.88
63.35,R_RingProximal,9.25,100.15,135.51,0.23,-0.16,-0.41,0.87
63.35,L_LittleProximal,-5.79,56.64,95.22,-0.74,-0.27,-0.17,-0.60
63.36,Main Camera,-0.75,118.50,84.48,0.01,0.02,0.01,-1.00
63.36,R_Palm,7.32,99.98,133.29,-0.34,0.00,-0.35,0.87
63.36,R_ThumbTip,1.07,100.40,139.82,-0.06,-0.07,0.53,0.84
63.36,R_IndexTip,3.21,100.15,141.67,0.45,-0.17,-0.31,0.82
63.36,R_MiddleTip,3.56,97.96,136.92,0.88,-0.34,-0.15,0.31
63.36,R_RingTip,4.66,97.31,135.52,0.87,-0.46,-0.10,0.13
63.36,R_LittleTip,5.55,96.87,135.16,0.81,-0.55,-0.16,0.09
63.36,R_ThumbDistal,1.55,100.23,137.43,-0.06,-0.07,0.53,0.84
63.36,R_IndexIntermediate,5.72,102.83,138.86,0.39,-0.18,-0.31,0.85
63.36,R_MiddleIntermediate,6.67,101.02,139.21,0.69,-0.33,-0.22,0.61
63.36,R_RingIntermediate,7.45,99.13,138.78,0.73,-0.39,-0.25,0.49
63.36,R_LittleIntermediate,8.16,97.46,137.98,0.72,-0.44,-0.33,0.43
63.36,R_IndexProximal,6.31,103.05,135.16,0.05,-0.06,-0.34,0.94
63.36,R_MiddleProximal,8.22,101.94,135.36,0.17,-0.13,-0.36,0.91
63.36,R_ThumbProximal,2.24,99.64,134.21,-0.13,-0.05,0.45,0.88
63.36,R_RingProximal,9.24,100.16,135.52,0.23,-0.16,-0.41,0.87
63.36,L_LittleProximal,-5.81,56.65,95.20,-0.74,-0.27,-0.17,-0.60
63.38,Main Camera,-0.75,118.50,84.47,0.01,0.02,0.01,-1.00
63.38,R_Palm,7.34,99.97,133.29,-0.34,0.00,-0.35,0.87
63.38,R_ThumbTip,1.07,100.39,139.83,-0.06,-0.07,0.53,0.84
63.38,R_IndexTip,3.22,100.14,141.68,0.45,-0.17,-0.31,0.82
63.38,R_MiddleTip,3.57,97.95,136.93,0.88,-0.34,-0.15,0.31
63.38,R_RingTip,4.67,97.30,135.53,0.87,-0.46,-0.10,0.13
63.38,R_LittleTip,5.56,96.86,135.17,0.81,-0.55,-0.16,0.09
63.38,R_ThumbDistal,1.56,100.22,137.44,-0.06,-0.07,0.53,0.84
63.38,R_IndexIntermediate,5.73,102.82,138.87,0.39,-0.18,-0.31,0.85
63.38,R_MiddleIntermediate,6.67,101.01,139.22,0.69,-0.33,-0.22,0.61
63.38,R_RingIntermediate,7.46,99.12,138.79,0.73,-0.39,-0.25,0.49
63.38,R_LittleIntermediate,8.16,97.45,137.99,0.72,-0.44,-0.33,0.43
63.38,R_IndexProximal,6.32,103.04,135.16,0.05,-0.06,-0.34,0.94
63.38,R_MiddleProximal,8.23,101.93,135.37,0.17,-0.13,-0.36,0.91
63.38,R_ThumbProximal,2.25,99.63,134.22,-0.13,-0.05,0.45,0.88
63.38,R_RingProximal,9.25,100.15,135.53,0.23,-0.16,-0.41,0.87
63.38,L_LittleProximal,-5.79,56.64,95.20,-0.74,-0.26,-0.17,-0.60
63.39,Main Camera,-0.73,118.50,84.45,0.01,0.02,0.01,-1.00
63.39,R_Palm,7.35,99.95,133.30,-0.34,0.00,-0.35,0.87
63.39,R_ThumbTip,1.08,100.38,139.84,-0.06,-0.07,0.53,0.84
63.39,R_IndexTip,3.22,100.12,141.68,0.45,-0.17,-0.31,0.82
63.39,R_MiddleTip,3.58,97.94,136.94,0.88,-0.34,-0.15,0.31
63.39,R_RingTip,4.68,97.28,135.53,0.87,-0.46,-0.10,0.13
63.39,R_LittleTip,5.57,96.85,135.18,0.81,-0.55,-0.16,0.09
63.39,R_ThumbDistal,1.57,100.21,137.45,-0.06,-0.07,0.53,0.84
63.39,R_IndexIntermediate,5.74,102.81,138.88,0.39,-0.18,-0.31,0.85
63.39,R_MiddleIntermediate,6.68,101.00,139.23,0.69,-0.33,-0.22,0.61
63.39,R_RingIntermediate,7.47,99.10,138.80,0.73,-0.39,-0.25,0.49
63.39,R_LittleIntermediate,8.17,97.44,138.00,0.72,-0.44,-0.33,0.43
63.39,R_IndexProximal,6.33,103.02,135.17,0.05,-0.06,-0.34,0.94
63.39,R_MiddleProximal,8.24,101.92,135.38,0.17,-0.13,-0.36,0.91
63.39,R_ThumbProximal,2.26,99.61,134.23,-0.13,-0.05,0.45,0.88
63.39,R_RingProximal,9.27,100.13,135.54,0.23,-0.16,-0.41,0.87
63.39,L_LittleProximal,-5.76,56.64,95.20,-0.74,-0.26,-0.17,-0.60
63.40,Main Camera,-0.72,118.51,84.44,0.01,0.02,0.00,-1.00
63.40,R_Palm,7.35,99.93,133.29,-0.34,0.00,-0.35,0.87
63.40,R_ThumbTip,1.08,100.37,139.82,-0.06,-0.07,0.53,0.84
63.40,R_IndexTip,3.22,100.11,141.66,0.45,-0.17,-0.31,0.82
63.40,R_MiddleTip,3.58,97.92,136.93,0.88,-0.34,-0.15,0.31
63.40,R_RingTip,4.68,97.26,135.52,0.87,-0.46,-0.10,0.13
63.40,R_LittleTip,5.57,96.83,135.16,0.81,-0.55,-0.16,0.09
63.40,R_ThumbDistal,1.57,100.20,137.44,-0.06,-0.07,0.53,0.84
63.40,R_IndexIntermediate,5.74,102.79,138.87,0.39,-0.18,-0.31,0.85
63.40,R_MiddleIntermediate,6.68,100.98,139.22,0.69,-0.33,-0.22,0.61
63.40,R_RingIntermediate,7.46,99.08,138.79,0.73,-0.39,-0.25,0.49
63.40,R_LittleIntermediate,8.17,97.42,137.99,0.72,-0.44,-0.33,0.43
63.40,R_IndexProximal,6.33,103.00,135.16,0.05,-0.06,-0.34,0.94
63.40,R_MiddleProximal,8.24,101.89,135.37,0.17,-0.13,-0.36,0.91
63.40,R_ThumbProximal,2.26,99.59,134.21,-0.13,-0.05,0.45,0.88
63.40,R_RingProximal,9.26,100.11,135.53,0.23,-0.16,-0.41,0.87
63.40,L_LittleProximal,-5.77,56.66,95.21,-0.74,-0.26,-0.17,-0.60
63.42,Main Camera,-0.72,118.51,84.43,0.01,0.02,0.00,-1.00
63.42,R_Palm,7.34,99.92,133.28,-0.34,0.00,-0.35,0.87
63.42,R_ThumbTip,1.06,100.37,139.81,-0.06,-0.07,0.53,0.84
63.42,R_IndexTip,3.21,100.10,141.65,0.45,-0.17,-0.31,0.82
63.42,R_MiddleTip,3.57,97.91,136.92,0.88,-0.34,-0.15,0.31
63.42,R_RingTip,4.67,97.25,135.51,0.87,-0.46,-0.10,0.13
63.42,R_LittleTip,5.56,96.82,135.15,0.81,-0.55,-0.16,0.09
63.42,R_ThumbDistal,1.55,100.19,137.42,-0.06,-0.07,0.53,0.84
63.42,R_IndexIntermediate,5.74,102.78,138.85,0.39,-0.18,-0.31,0.85
63.42,R_MiddleIntermediate,6.67,100.97,139.21,0.69,-0.33,-0.22,0.61
63.42,R_RingIntermediate,7.45,99.07,138.78,0.73,-0.39,-0.25,0.49
63.42,R_LittleIntermediate,8.16,97.40,137.98,0.72,-0.44,-0.33,0.43
63.42,R_IndexProximal,6.33,102.99,135.14,0.05,-0.06,-0.34,0.94
63.42,R_MiddleProximal,8.23,101.88,135.35,0.17,-0.13,-0.36,0.91
63.42,R_ThumbProximal,2.25,99.58,134.20,-0.13,-0.05,0.45,0.88
63.42,R_RingProximal,9.25,100.10,135.52,0.23,-0.16,-0.41,0.87
63.42,L_LittleProximal,-5.78,56.66,95.20,-0.74,-0.26,-0.17,-0.60
63.43,Main Camera,-0.71,118.51,84.43,0.01,0.02,0.00,-1.00
63.43,R_Palm,7.33,99.90,133.26,-0.34,0.00,-0.35,0.87
63.43,R_ThumbTip,1.05,100.37,139.78,-0.06,-0.07,0.53,0.84
63.43,R_IndexTip,3.21,100.08,141.62,0.45,-0.17,-0.31,0.82
63.43,R_MiddleTip,3.56,97.89,136.90,0.88,-0.34,-0.15,0.31
63.43,R_RingTip,4.66,97.24,135.49,0.87,-0.46,-0.10,0.13
63.43,R_LittleTip,5.55,96.80,135.13,0.81,-0.55,-0.16,0.09
63.43,R_ThumbDistal,1.55,100.18,137.40,-0.06,-0.07,0.53,0.84
63.43,R_IndexIntermediate,5.74,102.77,138.83,0.39,-0.18,-0.32,0.85
63.43,R_MiddleIntermediate,6.67,100.95,139.18,0.69,-0.33,-0.22,0.61
63.43,R_RingIntermediate,7.45,99.05,138.76,0.73,-0.39,-0.25,0.49
63.43,R_LittleIntermediate,8.15,97.39,137.96,0.72,-0.44,-0.33,0.43
63.43,R_IndexProximal,6.32,102.97,135.12,0.05,-0.06,-0.34,0.94
63.43,R_MiddleProximal,8.23,101.86,135.33,0.17,-0.13,-0.37,0.91
63.43,R_ThumbProximal,2.25,99.57,134.18,-0.13,-0.05,0.45,0.88
63.43,R_RingProximal,9.25,100.08,135.50,0.23,-0.16,-0.41,0.87
63.43,L_LittleProximal,-5.77,56.67,95.20,-0.74,-0.26,-0.17,-0.60
63.45,Main Camera,-0.71,118.51,84.43,0.01,0.02,0.00,-1.00
63.45,R_Palm,7.33,99.87,133.23,-0.34,0.00,-0.35,0.87
63.45,R_ThumbTip,1.04,100.35,139.75,-0.06,-0.07,0.53,0.84
63.45,R_IndexTip,3.20,100.06,141.59,0.45,-0.17,-0.31,0.82
63.45,R_MiddleTip,3.55,97.87,136.87,0.88,-0.34,-0.15,0.31
63.45,R_RingTip,4.65,97.21,135.46,0.87,-0.46,-0.10,0.13
63.45,R_LittleTip,5.55,96.78,135.10,0.81,-0.55,-0.16,0.08
63.45,R_ThumbDistal,1.53,100.17,137.36,-0.06,-0.07,0.53,0.84
63.45,R_IndexIntermediate,5.73,102.74,138.80,0.39,-0.18,-0.32,0.85
63.45,R_MiddleIntermediate,6.66,100.92,139.16,0.69,-0.33,-0.22,0.61
63.45,R_RingIntermediate,7.44,99.03,138.73,0.73,-0.40,-0.25,0.49
63.45,R_LittleIntermediate,8.14,97.36,137.93,0.72,-0.44,-0.33,0.43
63.45,R_IndexProximal,6.32,102.95,135.09,0.05,-0.06,-0.34,0.94
63.45,R_MiddleProximal,8.23,101.84,135.30,0.17,-0.13,-0.37,0.91
63.45,R_ThumbProximal,2.24,99.55,134.14,-0.13,-0.05,0.45,0.88
63.45,R_RingProximal,9.24,100.05,135.47,0.23,-0.16,-0.41,0.87
63.45,L_LittleProximal,-5.76,56.68,95.20,-0.74,-0.26,-0.17,-0.60
63.46,Main Camera,-0.71,118.52,84.43,0.01,0.02,0.00,-1.00
63.46,R_Palm,7.34,99.86,133.25,-0.34,0.00,-0.35,0.87
63.46,R_ThumbTip,1.03,100.35,139.76,-0.06,-0.07,0.53,0.84
63.46,R_IndexTip,3.21,100.05,141.61,0.45,-0.17,-0.31,0.82
63.46,R_MiddleTip,3.56,97.86,136.89,0.88,-0.34,-0.15,0.31
63.46,R_RingTip,4.66,97.20,135.48,0.87,-0.46,-0.10,0.13
63.46,R_LittleTip,5.55,96.76,135.12,0.81,-0.56,-0.16,0.08
63.46,R_ThumbDistal,1.54,100.16,137.38,-0.06,-0.07,0.53,0.84
63.46,R_IndexIntermediate,5.74,102.73,138.82,0.39,-0.18,-0.32,0.85
63.46,R_MiddleIntermediate,6.67,100.91,139.18,0.69,-0.33,-0.22,0.61
63.46,R_RingIntermediate,7.44,99.01,138.75,0.73,-0.40,-0.25,0.49
63.46,R_LittleIntermediate,8.15,97.34,137.95,0.72,-0.44,-0.33,0.43
63.46,R_IndexProximal,6.33,102.93,135.11,0.05,-0.06,-0.34,0.94
63.46,R_MiddleProximal,8.23,101.82,135.32,0.17,-0.13,-0.37,0.90
63.46,R_ThumbProximal,2.25,99.54,134.16,-0.13,-0.05,0.45,0.88
63.46,R_RingProximal,9.25,100.03,135.49,0.23,-0.16,-0.41,0.87
63.46,L_LittleProximal,-5.76,56.70,95.19,-0.74,-0.26,-0.17,-0.60
63.47,Main Camera,-0.71,118.52,84.43,0.01,0.02,0.00,-1.00
63.47,R_Palm,7.34,99.85,133.25,-0.34,0.00,-0.35,0.87
63.47,R_ThumbTip,1.03,100.36,139.75,-0.06,-0.07,0.53,0.84
63.47,R_IndexTip,3.22,100.05,141.61,0.45,-0.17,-0.31,0.82
63.47,R_MiddleTip,3.56,97.86,136.88,0.88,-0.34,-0.15,0.31
63.47,R_RingTip,4.67,97.20,135.48,0.87,-0.46,-0.09,0.12
63.47,R_LittleTip,5.56,96.76,135.12,0.81,-0.56,-0.16,0.08
63.47,R_ThumbDistal,1.54,100.16,137.37,-0.06,-0.07,0.53,0.84
63.47,R_IndexIntermediate,5.75,102.73,138.82,0.39,-0.18,-0.32,0.85
63.47,R_MiddleIntermediate,6.68,100.91,139.18,0.69,-0.33,-0.22,0.61
63.47,R_RingIntermediate,7.45,99.01,138.75,0.73,-0.40,-0.25,0.49
63.47,R_LittleIntermediate,8.15,97.34,137.95,0.72,-0.44,-0.33,0.43
63.47,R_IndexProximal,6.34,102.93,135.11,0.05,-0.06,-0.34,0.94
63.47,R_MiddleProximal,8.24,101.82,135.32,0.17,-0.13,-0.37,0.90
63.47,R_ThumbProximal,2.25,99.54,134.16,-0.13,-0.05,0.45,0.88
63.47,R_RingProximal,9.26,100.03,135.49,0.23,-0.16,-0.41,0.87
63.47,L_LittleProximal,-5.76,56.70,95.19,-0.74,-0.26,-0.17,-0.60
63.49,Main Camera,-0.71,118.53,84.43,0.01,0.02,0.00,-1.00
63.49,R_Palm,7.35,99.85,133.25,-0.34,0.00,-0.35,0.87
63.49,R_ThumbTip,1.03,100.37,139.74,-0.07,-0.07,0.53,0.84
63.49,R_IndexTip,3.22,100.05,141.60,0.45,-0.18,-0.31,0.82
63.49,R_MiddleTip,3.57,97.86,136.88,0.88,-0.34,-0.15,0.30
63.49,R_RingTip,4.67,97.20,135.47,0.87,-0.46,-0.09,0.12
63.49,R_LittleTip,5.57,96.76,135.11,0.81,-0.56,-0.16,0.08
63.49,R_ThumbDistal,1.54,100.17,137.36,-0.07,-0.07,0.53,0.84
63.49,R_IndexIntermediate,5.76,102.73,138.82,0.39,-0.18,-0.32,0.85
63.49,R_MiddleIntermediate,6.68,100.91,139.17,0.69,-0.33,-0.22,0.61
63.49,R_RingIntermediate,7.45,99.01,138.75,0.73,-0.40,-0.25,0.49
63.49,R_LittleIntermediate,8.15,97.34,137.95,0.72,-0.44,-0.33,0.42
63.49,R_IndexProximal,6.34,102.93,135.11,0.05,-0.06,-0.34,0.94
63.49,R_MiddleProximal,8.25,101.81,135.32,0.17,-0.13,-0.37,0.90
63.49,R_ThumbProximal,2.26,99.54,134.15,-0.13,-0.05,0.45,0.88
63.49,R_RingProximal,9.26,100.03,135.49,0.23,-0.16,-0.41,0.87
63.49,L_LittleProximal,-5.76,56.70,95.18,-0.74,-0.26,-0.17,-0.60
63.50,Main Camera,-0.70,118.53,84.42,0.01,0.02,0.00,-1.00
63.50,R_Palm,7.35,99.84,133.25,-0.34,0.00,-0.35,0.87
63.50,R_ThumbTip,1.02,100.38,139.73,-0.07,-0.07,0.53,0.84
63.50,R_IndexTip,3.21,100.05,141.60,0.45,-0.18,-0.31,0.82
63.50,R_MiddleTip,3.56,97.86,136.88,0.88,-0.34,-0.15,0.30
63.50,R_RingTip,4.67,97.20,135.47,0.87,-0.46,-0.09,0.12
63.50,R_LittleTip,5.56,96.76,135.11,0.81,-0.56,-0.16,0.08
63.50,R_ThumbDistal,1.53,100.18,137.36,-0.07,-0.07,0.53,0.84
63.50,R_IndexIntermediate,5.76,102.72,138.82,0.39,-0.18,-0.32,0.85
63.50,R_MiddleIntermediate,6.68,100.90,139.18,0.69,-0.33,-0.22,0.61
63.50,R_RingIntermediate,7.45,99.00,138.75,0.73,-0.40,-0.25,0.49
63.50,R_LittleIntermediate,8.15,97.33,137.96,0.72,-0.44,-0.33,0.42
63.50,R_IndexProximal,6.35,102.92,135.11,0.05,-0.06,-0.34,0.94
63.50,R_MiddleProximal,8.25,101.80,135.33,0.17,-0.13,-0.37,0.90
63.50,R_ThumbProximal,2.26,99.54,134.15,-0.13,-0.05,0.45,0.88
63.50,R_RingProximal,9.26,100.02,135.49,0.23,-0.16,-0.41,0.87
63.50,L_LittleProximal,-5.76,56.69,95.19,-0.74,-0.26,-0.17,-0.60
63.51,Main Camera,-0.71,118.53,84.43,0.01,0.02,0.00,-1.00
63.51,R_Palm,7.36,99.83,133.26,-0.34,0.00,-0.36,0.87
63.51,R_ThumbTip,1.02,100.38,139.73,-0.07,-0.07,0.53,0.85
63.51,R_IndexTip,3.22,100.05,141.59,0.45,-0.18,-0.31,0.82
63.51,R_MiddleTip,3.57,97.86,136.88,0.88,-0.34,-0.15,0.30
63.51,R_RingTip,4.68,97.20,135.47,0.87,-0.46,-0.09,0.12
63.51,R_LittleTip,5.57,96.75,135.11,0.81,-0.56,-0.16,0.08
63.51,R_ThumbDistal,1.54,100.18,137.35,-0.07,-0.07,0.53,0.85
63.51,R_IndexIntermediate,5.78,102.72,138.82,0.39,-0.19,-0.32,0.84
63.51,R_MiddleIntermediate,6.69,100.90,139.18,0.69,-0.33,-0.22,0.61
63.51,R_RingIntermediate,7.45,98.99,138.76,0.73,-0.40,-0.25,0.49
63.51,R_LittleIntermediate,8.15,97.32,137.96,0.72,-0.44,-0.33,0.42
63.51,R_IndexProximal,6.36,102.91,135.11,0.05,-0.06,-0.34,0.94
63.51,R_MiddleProximal,8.26,101.80,135.33,0.17,-0.13,-0.37,0.90
63.51,R_ThumbProximal,2.27,99.54,134.14,-0.14,-0.05,0.45,0.88
63.51,R_RingProximal,9.27,100.01,135.50,0.23,-0.16,-0.41,0.87
63.51,L_LittleProximal,-5.77,56.67,95.19,-0.74,-0.26,-0.17,-0.60
63.53,Main Camera,-0.71,118.54,84.43,0.01,0.02,0.00,-1.00
63.53,R_Palm,7.38,99.83,133.26,-0.34,0.00,-0.36,0.87
63.53,R_ThumbTip,1.03,100.39,139.73,-0.07,-0.07,0.53,0.85
63.53,R_IndexTip,3.23,100.05,141.59,0.45,-0.18,-0.31,0.82
63.53,R_MiddleTip,3.58,97.87,136.88,0.88,-0.35,-0.15,0.30
63.53,R_RingTip,4.69,97.20,135.47,0.87,-0.46,-0.09,0.12
63.53,R_LittleTip,5.58,96.75,135.12,0.81,-0.56,-0.16,0.08
63.53,R_ThumbDistal,1.55,100.19,137.35,-0.07,-0.07,0.53,0.85
63.53,R_IndexIntermediate,5.79,102.72,138.82,0.39,-0.19,-0.32,0.84
63.53,R_MiddleIntermediate,6.70,100.89,139.18,0.69,-0.33,-0.22,0.61
63.53,R_RingIntermediate,7.46,98.99,138.76,0.73,-0.40,-0.25,0.49
63.53,R_LittleIntermediate,8.16,97.31,137.97,0.72,-0.44,-0.33,0.42
63.53,R_IndexProximal,6.38,102.91,135.11,0.05,-0.06,-0.34,0.94
63.53,R_MiddleProximal,8.28,101.79,135.33,0.17,-0.13,-0.37,0.90
63.53,R_ThumbProximal,2.28,99.55,134.14,-0.14,-0.05,0.45,0.88
63.53,R_RingProximal,9.28,100.00,135.50,0.23,-0.16,-0.41,0.87
63.53,L_LittleProximal,-5.77,56.64,95.18,-0.74,-0.26,-0.17,-0.60
63.54,Main Camera,-0.71,118.54,84.44,0.01,0.02,0.00,-1.00
63.54,R_Palm,7.39,99.83,133.25,-0.34,0.00,-0.36,0.87
63.54,R_ThumbTip,1.03,100.41,139.71,-0.07,-0.07,0.52,0.85
63.54,R_IndexTip,3.23,100.06,141.57,0.45,-0.18,-0.31,0.82
63.54,R_MiddleTip,3.58,97.88,136.87,0.88,-0.35,-0.15,0.30
63.54,R_RingTip,4.69,97.21,135.46,0.87,-0.46,-0.09,0.12
63.54,R_LittleTip,5.59,96.76,135.10,0.81,-0.56,-0.16,0.08
63.54,R_ThumbDistal,1.55,100.20,137.33,-0.07,-0.07,0.52,0.85
63.54,R_IndexIntermediate,5.80,102.73,138.81,0.39,-0.19,-0.32,0.84
63.54,R_MiddleIntermediate,6.71,100.90,139.17,0.69,-0.33,-0.22,0.61
63.54,R_RingIntermediate,7.46,98.99,138.75,0.73,-0.40,-0.25,0.49
63.54,R_LittleIntermediate,8.16,97.32,137.96,0.72,-0.44,-0.33,0.42
63.54,R_IndexProximal,6.39,102.91,135.10,0.05,-0.07,-0.34,0.94
63.54,R_MiddleProximal,8.29,101.79,135.32,0.17,-0.14,-0.37,0.90
63.54,R_ThumbProximal,2.29,99.56,134.13,-0.14,-0.06,0.45,0.88
63.54,R_RingProximal,9.29,100.00,135.49,0.23,-0.16,-0.41,0.87
63.54,L_LittleProximal,-5.76,56.62,95.20,-0.74,-0.26,-0.17,-0.60
63.56,Main Camera,-0.72,118.55,84.44,0.01,0.02,0.00,-1.00
63.56,R_Palm,7.38,99.83,133.26,-0.34,0.00,-0.36,0.87
63.56,R_ThumbTip,1.03,100.41,139.72,-0.07,-0.07,0.52,0.85
63.56,R_IndexTip,3.23,100.05,141.58,0.45,-0.18,-0.31,0.82
63.56,R_MiddleTip,3.59,97.88,136.89,0.88,-0.35,-0.15,0.30
63.56,R_RingTip,4.69,97.20,135.48,0.87,-0.46,-0.09,0.12
63.56,R_LittleTip,5.59,96.76,135.12,0.81,-0.56,-0.16,0.08
63.56,R_ThumbDistal,1.55,100.20,137.34,-0.07,-0.07,0.52,0.85
63.56,R_IndexIntermediate,5.80,102.72,138.82,0.39,-0.19,-0.32,0.84
63.56,R_MiddleIntermediate,6.71,100.90,139.19,0.69,-0.33,-0.22,0.61
63.56,R_RingIntermediate,7.46,98.99,138.77,0.73,-0.40,-0.25,0.49
63.56,R_LittleIntermediate,8.16,97.32,137.97,0.72,-0.44,-0.33,0.42
63.56,R_IndexProximal,6.39,102.91,135.11,0.05,-0.06,-0.34,0.94
63.56,R_MiddleProximal,8.29,101.79,135.33,0.17,-0.14,-0.37,0.90
63.56,R_ThumbProximal,2.29,99.55,134.14,-0.14,-0.06,0.45,0.88
63.56,R_RingProximal,9.29,99.99,135.51,0.23,-0.16,-0.41,0.87
63.56,L_LittleProximal,-5.77,56.58,95.22,-0.74,-0.26,-0.17,-0.60
63.57,Main Camera,-0.72,118.55,84.44,0.01,0.02,0.00,-1.00
63.57,R_Palm,7.38,99.81,133.26,-0.34,0.00,-0.36,0.87
63.57,R_ThumbTip,1.03,100.40,139.72,-0.07,-0.07,0.52,0.85
63.57,R_IndexTip,3.23,100.04,141.58,0.45,-0.18,-0.31,0.82
63.57,R_MiddleTip,3.59,97.87,136.89,0.88,-0.35,-0.15,0.30
63.57,R_RingTip,4.69,97.19,135.48,0.87,-0.46,-0.09,0.12
63.57,R_LittleTip,5.59,96.74,135.12,0.81,-0.56,-0.16,0.08
63.57,R_ThumbDistal,1.55,100.19,137.35,-0.07,-0.07,0.52,0.85
63.57,R_IndexIntermediate,5.81,102.71,138.83,0.39,-0.19,-0.32,0.84
63.57,R_MiddleIntermediate,6.71,100.89,139.19,0.69,-0.33,-0.22,0.61
63.57,R_RingIntermediate,7.47,98.98,138.77,0.73,-0.40,-0.25,0.49
63.57,R_LittleIntermediate,8.16,97.30,137.97,0.72,-0.44,-0.33,0.42
63.57,R_IndexProximal,6.39,102.89,135.11,0.05,-0.06,-0.34,0.94
63.57,R_MiddleProximal,8.29,101.77,135.34,0.17,-0.13,-0.37,0.90
63.57,R_ThumbProximal,2.29,99.54,134.14,-0.14,-0.06,0.44,0.88
63.57,R_RingProximal,9.29,99.98,135.51,0.23,-0.16,-0.41,0.87
63.57,L_LittleProximal,-5.76,56.53,95.24,-0.74,-0.26,-0.17,-0.60
63.58,Main Camera,-0.71,118.55,84.43,0.01,0.02,0.00,-1.00
63.58,R_Palm,7.39,99.81,133.27,-0.34,0.00,-0.36,0.87
63.58,R_ThumbTip,1.03,100.40,139.73,-0.07,-0.07,0.52,0.85
63.58,R_IndexTip,3.24,100.03,141.59,0.45,-0.18,-0.31,0.82
63.58,R_MiddleTip,3.59,97.86,136.89,0.88,-0.35,-0.15,0.30
63.58,R_RingTip,4.70,97.19,135.48,0.87,-0.46,-0.09,0.12
63.58,R_LittleTip,5.60,96.74,135.12,0.81,-0.56,-0.16,0.08
63.58,R_ThumbDistal,1.55,100.19,137.35,-0.07,-0.07,0.52,0.85
63.58,R_IndexIntermediate,5.81,102.71,138.83,0.39,-0.19,-0.32,0.84
63.58,R_MiddleIntermediate,6.72,100.88,139.20,0.69,-0.33,-0.22,0.61
63.58,R_RingIntermediate,7.47,98.97,138.77,0.73,-0.40,-0.25,0.49
63.58,R_LittleIntermediate,8.16,97.30,137.98,0.72,-0.44,-0.33,0.42
63.58,R_IndexProximal,6.39,102.89,135.12,0.05,-0.06,-0.34,0.94
63.58,R_MiddleProximal,8.29,101.77,135.34,0.17,-0.13,-0.37,0.90
63.58,R_ThumbProximal,2.29,99.54,134.15,-0.14,-0.06,0.44,0.88
63.58,R_RingProximal,9.29,99.97,135.51,0.23,-0.16,-0.41,0.87
63.58,L_LittleProximal,-5.77,56.50,95.23,-0.74,-0.26,-0.17,-0.60
63.60,Main Camera,-0.71,118.54,84.42,0.01,0.02,0.00,-1.00
63.60,R_Palm,7.39,99.79,133.27,-0.34,0.00,-0.36,0.87
63.60,R_ThumbTip,1.03,100.38,139.73,-0.07,-0.07,0.52,0.85
63.60,R_IndexTip,3.25,100.02,141.59,0.45,-0.18,-0.31,0.82
63.60,R_MiddleTip,3.60,97.85,136.90,0.88,-0.35,-0.15,0.30
63.60,R_RingTip,4.70,97.17,135.49,0.87,-0.46,-0.09,0.12
63.60,R_LittleTip,5.60,96.73,135.13,0.81,-0.56,-0.16,0.08
63.60,R_ThumbDistal,1.55,100.17,137.36,-0.07,-0.07,0.52,0.85
63.60,R_IndexIntermediate,5.82,102.69,138.84,0.39,-0.19,-0.32,0.84
63.60,R_MiddleIntermediate,6.73,100.87,139.20,0.69,-0.33,-0.22,0.61
63.60,R_RingIntermediate,7.48,98.95,138.78,0.73,-0.40,-0.25,0.49
63.60,R_LittleIntermediate,8.17,97.28,137.98,0.72,-0.44,-0.33,0.42
63.60,R_IndexProximal,6.40,102.87,135.12,0.05,-0.06,-0.34,0.94
63.60,R_MiddleProximal,8.29,101.75,135.35,0.17,-0.13,-0.37,0.90
63.60,R_ThumbProximal,2.29,99.52,134.16,-0.14,-0.06,0.45,0.88
63.60,R_RingProximal,9.30,99.96,135.52,0.23,-0.16,-0.41,0.87
63.60,L_LittleProximal,-5.78,56.49,95.22,-0.74,-0.26,-0.17,-0.60
63.61,Main Camera,-0.71,118.55,84.43,0.01,0.02,0.00,-1.00
63.61,R_Palm,7.40,99.78,133.28,-0.34,0.00,-0.36,0.87
63.61,R_ThumbTip,1.03,100.36,139.74,-0.07,-0.07,0.52,0.85
63.61,R_IndexTip,3.26,100.00,141.60,0.45,-0.18,-0.31,0.82
63.61,R_MiddleTip,3.60,97.83,136.91,0.88,-0.35,-0.15,0.30
63.61,R_RingTip,4.71,97.16,135.50,0.87,-0.46,-0.09,0.12
63.61,R_LittleTip,5.61,96.71,135.14,0.81,-0.56,-0.16,0.08
63.61,R_ThumbDistal,1.56,100.15,137.37,-0.07,-0.07,0.52,0.85
63.61,R_IndexIntermediate,5.83,102.68,138.84,0.39,-0.19,-0.32,0.84
63.61,R_MiddleIntermediate,6.73,100.85,139.21,0.69,-0.33,-0.22,0.61
63.61,R_RingIntermediate,7.49,98.94,138.78,0.73,-0.40,-0.25,0.49
63.61,R_LittleIntermediate,8.18,97.27,137.99,0.72,-0.44,-0.33,0.42
63.61,R_IndexProximal,6.40,102.86,135.13,0.05,-0.06,-0.34,0.94
63.61,R_MiddleProximal,8.30,101.74,135.35,0.17,-0.13,-0.37,0.90
63.61,R_ThumbProximal,2.30,99.50,134.16,-0.14,-0.06,0.45,0.88
63.61,R_RingProximal,9.30,99.94,135.52,0.23,-0.16,-0.41,0.87
63.61,L_LittleProximal,-5.80,56.47,95.20,-0.74,-0.26,-0.17,-0.60
63.63,Main Camera,-0.71,118.56,84.44,0.01,0.02,0.00,-1.00
63.63,R_Palm,7.40,99.78,133.26,-0.34,0.00,-0.36,0.87
63.63,R_ThumbTip,1.03,100.37,139.72,-0.07,-0.07,0.52,0.85
63.63,R_IndexTip,3.26,100.01,141.59,0.45,-0.18,-0.31,0.82
63.63,R_MiddleTip,3.60,97.83,136.90,0.88,-0.35,-0.15,0.30
63.63,R_RingTip,4.71,97.16,135.48,0.87,-0.46,-0.09,0.12
63.63,R_LittleTip,5.61,96.71,135.12,0.81,-0.56,-0.16,0.08
63.63,R_ThumbDistal,1.55,100.16,137.35,-0.07,-0.07,0.52,0.85
63.63,R_IndexIntermediate,5.83,102.68,138.83,0.39,-0.19,-0.32,0.84
63.63,R_MiddleIntermediate,6.74,100.85,139.19,0.69,-0.33,-0.22,0.61
63.63,R_RingIntermediate,7.49,98.94,138.76,0.73,-0.40,-0.25,0.49
63.63,R_LittleIntermediate,8.18,97.27,137.97,0.72,-0.44,-0.33,0.42
63.63,R_IndexProximal,6.40,102.86,135.11,0.05,-0.06,-0.34,0.94
63.63,R_MiddleProximal,8.30,101.74,135.33,0.17,-0.13,-0.37,0.90
63.63,R_ThumbProximal,2.30,99.51,134.14,-0.14,-0.06,0.45,0.88
63.63,R_RingProximal,9.31,99.95,135.50,0.23,-0.16,-0.41,0.87
63.63,L_LittleProximal,-5.80,56.45,95.20,-0.74,-0.26,-0.17,-0.60
63.64,Main Camera,-0.71,118.57,84.45,0.01,0.02,0.00,-1.00
63.64,R_Palm,7.40,99.78,133.23,-0.34,0.00,-0.36,0.87
63.64,R_ThumbTip,1.03,100.38,139.69,-0.07,-0.07,0.52,0.85
63.64,R_IndexTip,3.27,100.01,141.56,0.45,-0.18,-0.31,0.82
63.64,R_MiddleTip,3.61,97.83,136.88,0.88,-0.35,-0.15,0.30
63.64,R_RingTip,4.71,97.16,135.45,0.87,-0.46,-0.09,0.12
63.64,R_LittleTip,5.62,96.71,135.10,0.81,-0.56,-0.16,0.08
63.64,R_ThumbDistal,1.56,100.16,137.32,-0.07,-0.07,0.52,0.85
63.64,R_IndexIntermediate,5.84,102.69,138.80,0.39,-0.19,-0.32,0.84
63.64,R_MiddleIntermediate,6.75,100.86,139.16,0.69,-0.33,-0.22,0.61
63.64,R_RingIntermediate,7.50,98.95,138.73,0.73,-0.40,-0.25,0.49
63.64,R_LittleIntermediate,8.19,97.27,137.94,0.72,-0.44,-0.33,0.42
63.64,R_IndexProximal,6.41,102.86,135.08,0.05,-0.06,-0.34,0.94
63.64,R_MiddleProximal,8.31,101.74,135.30,0.17,-0.13,-0.37,0.90
63.64,R_ThumbProximal,2.30,99.51,134.11,-0.14,-0.06,0.45,0.88
63.64,R_RingProximal,9.31,99.95,135.47,0.23,-0.16,-0.41,0.87
63.64,L_LittleProximal,-5.81,56.46,95.21,-0.74,-0.26,-0.17,-0.60
63.65,Main Camera,-0.71,118.57,84.46,0.01,0.02,0.00,-1.00
63.65,R_Palm,7.40,99.79,133.20,-0.34,0.00,-0.36,0.87
63.65,R_ThumbTip,1.03,100.39,139.66,-0.07,-0.07,0.52,0.85
63.65,R_IndexTip,3.28,100.03,141.54,0.45,-0.18,-0.31,0.82
63.65,R_MiddleTip,3.61,97.84,136.86,0.87,-0.35,-0.15,0.31
63.65,R_RingTip,4.72,97.17,135.43,0.87,-0.46,-0.09,0.12
63.65,R_LittleTip,5.62,96.72,135.07,0.81,-0.56,-0.16,0.08
63.65,R_ThumbDistal,1.56,100.18,137.29,-0.07,-0.07,0.52,0.85
63.65,R_IndexIntermediate,5.85,102.70,138.77,0.39,-0.18,-0.32,0.84
63.65,R_MiddleIntermediate,6.75,100.87,139.14,0.69,-0.33,-0.22,0.61
63.65,R_RingIntermediate,7.50,98.95,138.71,0.73,-0.40,-0.25,0.49
63.65,R_LittleIntermediate,8.20,97.28,137.92,0.72,-0.44,-0.33,0.42
63.65,R_IndexProximal,6.41,102.87,135.06,0.05,-0.06,-0.34,0.94
63.65,R_MiddleProximal,8.31,101.75,135.27,0.17,-0.13,-0.37,0.90
63.65,R_ThumbProximal,2.30,99.52,134.09,-0.14,-0.06,0.45,0.88
63.65,R_RingProximal,9.31,99.96,135.44,0.23,-0.16,-0.41,0.87
63.65,L_LittleProximal,-5.81,56.48,95.22,-0.74,-0.26,-0.17,-0.60
63.67,Main Camera,-0.71,118.57,84.47,0.01,0.02,0.00,-1.00
63.67,R_Palm,7.40,99.80,133.18,-0.34,0.00,-0.36,0.87
63.67,R_ThumbTip,1.03,100.40,139.64,-0.07,-0.07,0.52,0.85
63.67,R_IndexTip,3.29,100.04,141.52,0.45,-0.18,-0.31,0.82
63.67,R_MiddleTip,3.61,97.85,136.84,0.87,-0.35,-0.15,0.31
63.67,R_RingTip,4.71,97.17,135.42,0.87,-0.46,-0.09,0.12
63.67,R_LittleTip,5.61,96.73,135.06,0.81,-0.56,-0.16,0.08
63.67,R_ThumbDistal,1.56,100.19,137.27,-0.07,-0.07,0.52,0.85
63.67,R_IndexIntermediate,5.85,102.71,138.75,0.39,-0.18,-0.32,0.84
63.67,R_MiddleIntermediate,6.75,100.87,139.12,0.69,-0.33,-0.22,0.61
63.67,R_RingIntermediate,7.50,98.96,138.69,0.73,-0.40,-0.25,0.49
63.67,R_LittleIntermediate,8.20,97.29,137.90,0.72,-0.44,-0.33,0.42
63.67,R_IndexProximal,6.41,102.88,135.04,0.05,-0.06,-0.34,0.94
63.67,R_MiddleProximal,8.31,101.76,135.25,0.17,-0.13,-0.37,0.90
63.67,R_ThumbProximal,2.30,99.53,134.07,-0.14,-0.06,0.44,0.88
63.67,R_RingProximal,9.31,99.97,135.42,0.23,-0.16,-0.41,0.87
63.67,L_LittleProximal,-5.79,56.51,95.22,-0.74,-0.26,-0.17,-0.60
63.68,Main Camera,-0.71,118.57,84.46,0.01,0.02,0.00,-1.00
63.68,R_Palm,7.40,99.80,133.16,-0.34,0.00,-0.36,0.87
63.68,R_ThumbTip,1.03,100.41,139.62,-0.07,-0.07,0.52,0.85
63.68,R_IndexTip,3.29,100.04,141.50,0.45,-0.18,-0.31,0.82
63.68,R_MiddleTip,3.60,97.85,136.83,0.87,-0.35,-0.15,0.31
63.68,R_RingTip,4.71,97.18,135.40,0.87,-0.46,-0.09,0.12
63.68,R_LittleTip,5.61,96.73,135.04,0.81,-0.56,-0.16,0.08
63.68,R_ThumbDistal,1.56,100.19,137.25,-0.07,-0.07,0.52,0.85
63.68,R_IndexIntermediate,5.85,102.72,138.74,0.39,-0.18,-0.32,0.84
63.68,R_MiddleIntermediate,6.75,100.88,139.10,0.69,-0.33,-0.22,0.61
63.68,R_RingIntermediate,7.50,98.96,138.67,0.73,-0.40,-0.25,0.49
63.68,R_LittleIntermediate,8.19,97.29,137.88,0.72,-0.44,-0.33,0.42
63.68,R_IndexProximal,6.41,102.88,135.02,0.05,-0.06,-0.34,0.94
63.68,R_MiddleProximal,8.31,101.76,135.24,0.17,-0.13,-0.37,0.90
63.68,R_ThumbProximal,2.30,99.54,134.05,-0.14,-0.06,0.44,0.88
63.68,R_RingProximal,9.31,99.97,135.41,0.23,-0.16,-0.41,0.87
63.68,L_LittleProximal,-5.78,56.54,95.24,-0.74,-0.26,-0.17,-0.60
63.70,Main Camera,-0.71,118.57,84.44,0.01,0.02,0.00,-1.00
63.70,R_Palm,7.40,99.81,133.15,-0.34,0.00,-0.36,0.87
63.70,R_ThumbTip,1.02,100.42,139.60,-0.07,-0.07,0.52,0.85
63.70,R_IndexTip,3.28,100.05,141.48,0.45,-0.18,-0.31,0.82
63.70,R_MiddleTip,3.60,97.86,136.82,0.87,-0.35,-0.15,0.31
63.70,R_RingTip,4.70,97.18,135.39,0.87,-0.46,-0.10,0.12
63.70,R_LittleTip,5.60,96.74,135.03,0.81,-0.56,-0.16,0.08
63.70,R_ThumbDistal,1.55,100.20,137.23,-0.07,-0.07,0.52,0.85
63.70,R_IndexIntermediate,5.85,102.72,138.72,0.39,-0.18,-0.32,0.84
63.70,R_MiddleIntermediate,6.75,100.88,139.08,0.69,-0.33,-0.22,0.61
63.70,R_RingIntermediate,7.50,98.97,138.65,0.73,-0.40,-0.25,0.49
63.70,R_LittleIntermediate,8.19,97.30,137.86,0.72,-0.44,-0.33,0.42
63.70,R_IndexProximal,6.40,102.89,135.00,0.05,-0.06,-0.34,0.94
63.70,R_MiddleProximal,8.30,101.77,135.22,0.17,-0.13,-0.37,0.90
63.70,R_ThumbProximal,2.29,99.54,134.03,-0.14,-0.06,0.44,0.88
63.70,R_RingProximal,9.31,99.97,135.39,0.23,-0.16,-0.41,0.87
63.70,L_LittleProximal,-5.76,56.58,95.27,-0.74,-0.26,-0.17,-0.60
63.71,Main Camera,-0.71,118.57,84.44,0.01,0.02,0.00,-1.00
63.71,R_Palm,7.40,99.82,133.13,-0.34,0.00,-0.36,0.87
63.71,R_ThumbTip,1.03,100.43,139.59,-0.07,-0.07,0.52,0.85
63.71,R_IndexTip,3.29,100.06,141.47,0.45,-0.18,-0.31,0.81
63.71,R_MiddleTip,3.60,97.87,136.80,0.87,-0.35,-0.15,0.31
63.71,R_RingTip,4.70,97.19,135.37,0.87,-0.46,-0.10,0.12
63.71,R_LittleTip,5.60,96.75,135.02,0.81,-0.56,-0.16,0.08
63.71,R_ThumbDistal,1.56,100.21,137.22,-0.07,-0.07,0.52,0.85
63.71,R_IndexIntermediate,5.86,102.73,138.70,0.39,-0.18,-0.32,0.84
63.71,R_MiddleIntermediate,6.75,100.89,139.07,0.69,-0.33,-0.22,0.61
63.71,R_RingIntermediate,7.50,98.98,138.64,0.73,-0.40,-0.25,0.49
63.71,R_LittleIntermediate,8.20,97.31,137.85,0.72,-0.44,-0.33,0.43
63.71,R_IndexProximal,6.41,102.90,134.99,0.05,-0.06,-0.34,0.94
63.71,R_MiddleProximal,8.31,101.78,135.20,0.17,-0.13,-0.37,0.90
63.71,R_ThumbProximal,2.30,99.55,134.02,-0.14,-0.06,0.44,0.88
63.71,R_RingProximal,9.31,99.98,135.37,0.23,-0.16,-0.41,0.87
63.71,L_LittleProximal,-5.75,56.57,95.28,-0.74,-0.26,-0.16,-0.60
63.72,Main Camera,-0.71,118.58,84.45,0.01,0.02,0.00,-1.00
63.72,R_Palm,7.40,99.83,133.12,-0.34,0.00,-0.36,0.87
63.72,R_ThumbTip,1.04,100.44,139.58,-0.07,-0.07,0.52,0.85
63.72,R_IndexTip,3.30,100.07,141.45,0.46,-0.18,-0.31,0.81
63.72,R_MiddleTip,3.61,97.87,136.79,0.87,-0.35,-0.15,0.31
63.72,R_RingTip,4.71,97.20,135.36,0.87,-0.46,-0.10,0.12
63.72,R_LittleTip,5.61,96.76,135.00,0.81,-0.56,-0.16,0.08
63.72,R_ThumbDistal,1.56,100.22,137.20,-0.07,-0.07,0.52,0.85
63.72,R_IndexIntermediate,5.87,102.75,138.69,0.39,-0.18,-0.32,0.84
63.72,R_MiddleIntermediate,6.76,100.90,139.05,0.69,-0.33,-0.22,0.61
63.72,R_RingIntermediate,7.51,98.99,138.62,0.73,-0.40,-0.25,0.49
63.72,R_LittleIntermediate,8.20,97.32,137.83,0.72,-0.44,-0.33,0.43
63.72,R_IndexProximal,6.41,102.91,134.97,0.04,-0.06,-0.34,0.94
63.72,R_MiddleProximal,8.31,101.79,135.19,0.17,-0.13,-0.37,0.90
63.72,R_ThumbProximal,2.30,99.56,134.00,-0.14,-0.05,0.44,0.88
63.72,R_RingProximal,9.32,99.99,135.36,0.23,-0.16,-0.41,0.87
63.72,L_LittleProximal,-5.75,56.57,95.28,-0.74,-0.26,-0.16,-0.60
63.74,Main Camera,-0.72,118.58,84.46,0.01,0.02,0.00,-1.00
63.74,R_Palm,7.41,99.82,133.10,-0.34,0.00,-0.36,0.87
63.74,R_ThumbTip,1.04,100.45,139.56,-0.07,-0.07,0.52,0.85
63.74,R_IndexTip,3.31,100.07,141.44,0.46,-0.18,-0.31,0.81
63.74,R_MiddleTip,3.61,97.87,136.78,0.87,-0.35,-0.15,0.31
63.74,R_RingTip,4.71,97.19,135.35,0.87,-0.46,-0.10,0.12
63.74,R_LittleTip,5.61,96.75,134.99,0.81,-0.56,-0.16,0.08
63.74,R_ThumbDistal,1.57,100.22,137.19,-0.07,-0.07,0.52,0.85
63.74,R_IndexIntermediate,5.88,102.74,138.68,0.39,-0.18,-0.32,0.84
63.74,R_MiddleIntermediate,6.77,100.90,139.04,0.69,-0.33,-0.23,0.61
63.74,R_RingIntermediate,7.51,98.98,138.61,0.73,-0.40,-0.25,0.49
63.74,R_LittleIntermediate,8.21,97.31,137.82,0.72,-0.44,-0.33,0.43
63.74,R_IndexProximal,6.42,102.90,134.96,0.04,-0.06,-0.34,0.94
63.74,R_MiddleProximal,8.32,101.78,135.17,0.17,-0.13,-0.37,0.90
63.74,R_ThumbProximal,2.31,99.56,133.99,-0.14,-0.05,0.44,0.88
63.74,R_RingProximal,9.32,99.99,135.35,0.23,-0.16,-0.41,0.87
63.74,L_LittleProximal,-5.75,56.58,95.28,-0.74,-0.26,-0.17,-0.60
63.75,Main Camera,-0.73,118.57,84.45,0.01,0.02,0.00,-1.00
63.75,R_Palm,7.42,99.81,133.09,-0.34,0.00,-0.36,0.87
63.75,R_ThumbTip,1.05,100.45,139.55,-0.07,-0.07,0.52,0.85
63.75,R_IndexTip,3.32,100.06,141.42,0.46,-0.18,-0.31,0.81
63.75,R_MiddleTip,3.62,97.86,136.77,0.87,-0.35,-0.15,0.31
63.75,R_RingTip,4.72,97.19,135.34,0.87,-0.46,-0.10,0.12
63.75,R_LittleTip,5.62,96.74,134.98,0.81,-0.56,-0.16,0.08
63.75,R_ThumbDistal,1.57,100.22,137.18,-0.07,-0.07,0.52,0.85
63.75,R_IndexIntermediate,5.89,102.74,138.67,0.39,-0.18,-0.32,0.84
63.75,R_MiddleIntermediate,6.77,100.89,139.03,0.69,-0.33,-0.23,0.61
63.75,R_RingIntermediate,7.52,98.97,138.60,0.73,-0.40,-0.25,0.49
63.75,R_LittleIntermediate,8.22,97.30,137.81,0.72,-0.44,-0.33,0.43
63.75,R_IndexProximal,6.43,102.89,134.95,0.04,-0.06,-0.34,0.94
63.75,R_MiddleProximal,8.33,101.77,135.16,0.17,-0.13,-0.37,0.90
63.75,R_ThumbProximal,2.31,99.56,133.98,-0.14,-0.05,0.44,0.88
63.75,R_RingProximal,9.33,99.98,135.34,0.23,-0.16,-0.41,0.87
63.75,L_LittleProximal,-5.76,56.59,95.26,-0.74,-0.26,-0.17,-0.60
63.76,Main Camera,-0.73,118.57,84.44,0.01,0.02,0.00,-1.00
63.76,R_Palm,7.43,99.81,133.08,-0.34,0.00,-0.36,0.87
63.76,R_ThumbTip,1.05,100.44,139.54,-0.07,-0.07,0.52,0.85
63.76,R_IndexTip,3.32,100.05,141.41,0.46,-0.18,-0.31,0.81
63.76,R_MiddleTip,3.62,97.85,136.76,0.87,-0.35,-0.15,0.31
63.76,R_RingTip,4.72,97.18,135.33,0.87,-0.46,-0.10,0.12
63.76,R_LittleTip,5.62,96.74,134.97,0.81,-0.56,-0.16,0.08
63.76,R_ThumbDistal,1.58,100.22,137.16,-0.07,-0.07,0.52,0.85
63.76,R_IndexIntermediate,5.90,102.73,138.66,0.39,-0.19,-0.32,0.84
63.76,R_MiddleIntermediate,6.78,100.88,139.02,0.69,-0.33,-0.23,0.61
63.76,R_RingIntermediate,7.53,98.96,138.59,0.73,-0.40,-0.25,0.49
63.76,R_LittleIntermediate,8.22,97.29,137.80,0.72,-0.44,-0.33,0.43
63.76,R_IndexProximal,6.44,102.89,134.94,0.04,-0.06,-0.34,0.94
63.76,R_MiddleProximal,8.34,101.76,135.16,0.17,-0.13,-0.37,0.90
63.76,R_ThumbProximal,2.32,99.55,133.96,-0.14,-0.05,0.44,0.88
63.76,R_RingProximal,9.34,99.97,135.33,0.23,-0.16,-0.41,0.87
63.76,L_LittleProximal,-5.78,56.61,95.23,-0.74,-0.26,-0.17,-0.60
63.78,Main Camera,-0.75,118.57,84.43,0.01,0.02,0.00,-1.00
63.78,R_Palm,7.45,99.79,133.08,-0.34,0.00,-0.36,0.87
63.78,R_ThumbTip,1.06,100.43,139.53,-0.07,-0.07,0.52,0.85
63.78,R_IndexTip,3.35,100.04,141.41,0.46,-0.18,-0.31,0.81
63.78,R_MiddleTip,3.65,97.84,136.76,0.87,-0.35,-0.15,0.31
63.78,R_RingTip,4.75,97.16,135.32,0.87,-0.46,-0.10,0.12
63.78,R_LittleTip,5.65,96.72,134.97,0.81,-0.56,-0.16,0.08
63.78,R_ThumbDistal,1.60,100.20,137.16,-0.07,-0.07,0.52,0.85
63.78,R_IndexIntermediate,5.92,102.72,138.66,0.39,-0.18,-0.32,0.84
63.78,R_MiddleIntermediate,6.80,100.86,139.02,0.69,-0.33,-0.23,0.61
63.78,R_RingIntermediate,7.55,98.95,138.59,0.73,-0.40,-0.25,0.49
63.78,R_LittleIntermediate,8.24,97.28,137.80,0.72,-0.44,-0.33,0.43
63.78,R_IndexProximal,6.46,102.87,134.94,0.04,-0.06,-0.34,0.94
63.78,R_MiddleProximal,8.36,101.75,135.15,0.17,-0.13,-0.37,0.90
63.78,R_ThumbProximal,2.34,99.54,133.96,-0.14,-0.06,0.44,0.88
63.78,R_RingProximal,9.36,99.96,135.32,0.23,-0.16,-0.41,0.87
63.78,L_LittleProximal,-5.78,56.61,95.23,-0.74,-0.26,-0.17,-0.60
63.79,Main Camera,-0.76,118.57,84.44,0.01,0.02,0.00,-1.00
63.79,R_Palm,7.49,99.72,133.09,-0.34,0.00,-0.36,0.87
63.79,R_ThumbTip,1.10,100.36,139.54,-0.07,-0.07,0.52,0.85
63.79,R_IndexTip,3.42,100.00,141.45,0.45,-0.18,-0.31,0.82
63.79,R_MiddleTip,3.69,97.76,136.76,0.87,-0.35,-0.15,0.31
63.79,R_RingTip,4.79,97.09,135.33,0.87,-0.46,-0.10,0.12
63.79,R_LittleTip,5.70,96.65,134.98,0.81,-0.56,-0.16,0.08
63.79,R_ThumbDistal,1.64,100.13,137.17,-0.07,-0.07,0.52,0.85
63.79,R_IndexIntermediate,5.98,102.66,138.67,0.39,-0.18,-0.32,0.84
63.79,R_MiddleIntermediate,6.85,100.79,139.03,0.69,-0.33,-0.22,0.61
63.79,R_RingIntermediate,7.59,98.87,138.60,0.73,-0.40,-0.25,0.49
63.79,R_LittleIntermediate,8.29,97.21,137.81,0.72,-0.44,-0.33,0.43
63.79,R_IndexProximal,6.50,102.80,134.95,0.04,-0.06,-0.34,0.94
63.79,R_MiddleProximal,8.40,101.68,135.17,0.17,-0.13,-0.37,0.90
63.79,R_ThumbProximal,2.38,99.46,133.97,-0.14,-0.06,0.44,0.88
63.79,R_RingProximal,9.41,99.89,135.34,0.23,-0.16,-0.41,0.87
63.79,L_LittleProximal,-5.78,56.61,95.22,-0.74,-0.26,-0.17,-0.60
63.81,Main Camera,-0.77,118.57,84.44,0.01,0.02,0.00,-1.00
63.81,R_Palm,7.58,99.58,133.13,-0.34,0.00,-0.36,0.87
63.81,R_ThumbTip,1.14,100.24,139.56,-0.08,-0.07,0.52,0.84
63.81,R_IndexTip,3.58,99.96,141.56,0.45,-0.18,-0.31,0.82
63.81,R_MiddleTip,3.78,97.62,136.79,0.87,-0.35,-0.15,0.31
63.81,R_RingTip,4.89,96.94,135.35,0.87,-0.46,-0.09,0.12
63.81,R_LittleTip,5.79,96.51,135.00,0.81,-0.56,-0.16,0.08
63.81,R_ThumbDistal,1.72,99.99,137.20,-0.08,-0.07,0.52,0.84
63.81,R_IndexIntermediate,6.11,102.58,138.71,0.38,-0.18,-0.32,0.85
63.81,R_MiddleIntermediate,6.93,100.65,139.06,0.69,-0.33,-0.22,0.61
63.81,R_RingIntermediate,7.67,98.73,138.62,0.73,-0.40,-0.25,0.49
63.81,R_LittleIntermediate,8.37,97.07,137.84,0.72,-0.44,-0.33,0.42
63.81,R_IndexProximal,6.58,102.66,134.98,0.03,-0.06,-0.34,0.94
63.81,R_MiddleProximal,8.48,101.54,135.20,0.17,-0.13,-0.37,0.90
63.81,R_ThumbProximal,2.47,99.32,134.00,-0.14,-0.06,0.44,0.88
63.81,R_RingProximal,9.49,99.75,135.37,0.23,-0.16,-0.41,0.87
63.81,L_LittleProximal,-5.79,56.61,95.21,-0.74,-0.26,-0.17,-0.60
63.82,Main Camera,-0.79,118.56,84.43,0.01,0.02,0.00,-1.00
63.82,R_Palm,7.66,99.43,133.16,-0.34,0.00,-0.35,0.87
63.82,R_ThumbTip,1.18,100.11,139.57,-0.09,-0.08,0.52,0.84
63.82,R_IndexTip,3.72,99.90,141.66,0.44,-0.17,-0.32,0.82
63.82,R_MiddleTip,3.87,97.47,136.82,0.88,-0.34,-0.15,0.31
63.82,R_RingTip,4.98,96.79,135.36,0.87,-0.46,-0.09,0.12
63.82,R_LittleTip,5.88,96.36,135.03,0.81,-0.56,-0.16,0.08
63.82,R_ThumbDistal,1.79,99.84,137.22,-0.09,-0.08,0.52,0.84
63.82,R_IndexIntermediate,6.22,102.48,138.75,0.37,-0.18,-0.32,0.85
63.82,R_MiddleIntermediate,7.00,100.51,139.09,0.69,-0.33,-0.22,0.61
63.82,R_RingIntermediate,7.74,98.58,138.65,0.73,-0.40,-0.25,0.49
63.82,R_LittleIntermediate,8.45,96.92,137.88,0.72,-0.44,-0.33,0.42
63.82,R_IndexProximal,6.66,102.51,135.01,0.02,-0.05,-0.34,0.94
63.82,R_MiddleProximal,8.56,101.40,135.23,0.17,-0.13,-0.37,0.90
63.82,R_ThumbProximal,2.55,99.17,134.03,-0.14,-0.06,0.45,0.88
63.82,R_RingProximal,9.58,99.61,135.41,0.23,-0.16,-0.41,0.87
63.82,L_LittleProximal,-5.80,56.62,95.20,-0.74,-0.26,-0.17,-0.60
63.83,Main Camera,-0.82,118.55,84.41,0.01,0.02,0.00,-1.00
63.83,R_Palm,7.81,99.36,133.01,-0.34,0.00,-0.35,0.87
63.83,R_ThumbTip,1.22,100.06,139.36,-0.11,-0.09,0.53,0.84
63.83,R_IndexTip,3.98,100.01,141.68,0.42,-0.17,-0.32,0.84
63.83,R_MiddleTip,4.04,97.40,136.58,0.88,-0.34,-0.14,0.30
63.83,R_RingTip,5.17,96.72,135.03,0.88,-0.46,-0.08,0.10
63.83,R_LittleTip,6.09,96.30,134.71,0.82,-0.56,-0.14,0.06
63.83,R_ThumbDistal,1.92,99.75,137.05,-0.11,-0.09,0.53,0.84
63.83,R_IndexIntermediate,6.39,102.47,138.59,0.35,-0.17,-0.33,0.86
63.83,R_MiddleIntermediate,7.12,100.43,138.93,0.69,-0.33,-0.22,0.60
63.83,R_RingIntermediate,7.81,98.46,138.45,0.74,-0.40,-0.24,0.48
63.83,R_LittleIntermediate,8.53,96.83,137.67,0.73,-0.45,-0.32,0.41
63.83,R_IndexProximal,6.79,102.43,134.85,0.01,-0.05,-0.34,0.94
63.83,R_MiddleProximal,8.70,101.33,135.08,0.17,-0.14,-0.37,0.90
63.83,R_ThumbProximal,2.70,99.07,133.86,-0.14,-0.06,0.45,0.88
63.83,R_RingProximal,9.72,99.55,135.26,0.24,-0.17,-0.41,0.86
63.83,L_LittleProximal,-5.80,56.61,95.21,-0.74,-0.26,-0.17,-0.60
63.85,Main Camera,-0.84,118.55,84.42,0.01,0.02,0.00,-1.00
63.85,R_Palm,7.94,99.29,132.86,-0.34,-0.01,-0.35,0.87
63.85,R_ThumbTip,1.26,100.00,139.16,-0.12,-0.10,0.53,0.84
63.85,R_IndexTip,4.19,100.09,141.66,0.40,-0.16,-0.32,0.84
63.85,R_MiddleTip,4.20,97.33,136.34,0.88,-0.34,-0.13,0.29
63.85,R_RingTip,5.36,96.66,134.75,0.88,-0.46,-0.07,0.09
63.85,R_LittleTip,6.28,96.25,134.44,0.82,-0.55,-0.13,0.05
63.85,R_ThumbDistal,2.03,99.66,136.87,-0.12,-0.10,0.53,0.84
63.85,R_IndexIntermediate,6.52,102.45,138.43,0.33,-0.17,-0.33,0.87
63.85,R_MiddleIntermediate,7.21,100.35,138.77,0.70,-0.33,-0.21,0.60
63.85,R_RingIntermediate,7.88,98.36,138.26,0.75,-0.40,-0.23,0.47
63.85,R_LittleIntermediate,8.62,96.75,137.49,0.74,-0.45,-0.31,0.40
63.85,R_IndexProximal,6.90,102.36,134.69,0.01,-0.05,-0.34,0.94
63.85,R_MiddleProximal,8.81,101.27,134.93,0.17,-0.14,-0.36,0.91
63.85,R_ThumbProximal,2.82,98.98,133.69,-0.15,-0.06,0.45,0.88
63.85,R_RingProximal,9.84,99.49,135.12,0.25,-0.18,-0.40,0.86
63.85,L_LittleProximal,-5.81,56.61,95.23,-0.74,-0.26,-0.17,-0.60
63.86,Main Camera,-0.87,118.56,84.43,0.01,0.02,0.00,-1.00
63.86,R_Palm,8.05,99.16,132.70,-0.34,-0.01,-0.35,0.87
63.86,R_ThumbTip,1.29,99.83,138.95,-0.13,-0.10,0.53,0.83
63.86,R_IndexTip,4.31,100.03,141.57,0.38,-0.16,-0.32,0.85
63.86,R_MiddleTip,4.38,97.19,135.87,0.90,-0.34,-0.12,0.26
63.86,R_RingTip,5.59,96.56,134.32,0.89,-0.45,-0.05,0.06
63.86,R_LittleTip,6.56,96.17,134.03,0.83,-0.55,-0.11,0.01
63.86,R_ThumbDistal,2.11,99.48,136.67,-0.13,-0.10,0.53,0.83
63.86,R_IndexIntermediate,6.58,102.34,138.26,0.32,-0.17,-0.32,0.87
63.86,R_MiddleIntermediate,7.20,100.15,138.56,0.71,-0.34,-0.20,0.58
63.86,R_RingIntermediate,7.89,98.16,138.02,0.77,-0.40,-0.21,0.45
63.86,R_LittleIntermediate,8.65,96.59,137.26,0.76,-0.45,-0.29,0.37
63.86,R_IndexProximal,6.96,102.22,134.52,0.00,-0.05,-0.34,0.94
63.86,R_MiddleProximal,8.88,101.15,134.77,0.19,-0.14,-0.35,0.90
63.86,R_ThumbProximal,2.92,98.80,133.49,-0.15,-0.06,0.45,0.88
63.86,R_RingProximal,9.93,99.39,134.97,0.27,-0.18,-0.39,0.86
63.86,L_LittleProximal,-5.80,56.60,95.24,-0.74,-0.26,-0.17,-0.60
63.88,Main Camera,-0.90,118.56,84.44,0.01,0.02,0.00,-1.00
63.88,R_Palm,8.25,99.09,132.45,-0.34,-0.01,-0.34,0.87
63.88,R_ThumbTip,1.41,99.74,138.63,-0.13,-0.11,0.53,0.83
63.88,R_IndexTip,4.48,99.94,141.33,0.38,-0.15,-0.31,0.86
63.88,R_MiddleTip,4.70,97.14,135.22,0.91,-0.33,-0.09,0.22
63.88,R_RingTip,5.96,96.53,133.77,0.90,-0.44,-0.03,0.02
63.88,R_LittleTip,6.96,96.15,133.49,0.84,-0.54,-0.08,-0.03
63.88,R_ThumbDistal,2.26,99.38,136.37,-0.13,-0.11,0.53,0.83
63.88,R_IndexIntermediate,6.72,102.25,138.01,0.32,-0.17,-0.32,0.88
63.88,R_MiddleIntermediate,7.28,99.96,138.23,0.74,-0.34,-0.18,0.56
63.88,R_RingIntermediate,7.98,98.00,137.66,0.79,-0.41,-0.20,0.42
63.88,R_LittleIntermediate,8.75,96.47,136.90,0.78,-0.46,-0.26,0.34
63.88,R_IndexProximal,7.11,102.14,134.27,0.00,-0.05,-0.33,0.94
63.88,R_MiddleProximal,9.05,101.09,134.53,0.20,-0.15,-0.35,0.90
63.88,R_ThumbProximal,3.11,98.70,133.20,-0.15,-0.07,0.46,0.87
63.88,R_RingProximal,10.11,99.33,134.73,0.29,-0.19,-0.38,0.86
63.88,L_LittleProximal,-5.79,56.60,95.26,-0.74,-0.26,-0.17,-0.60
63.89,Main Camera,-0.94,118.55,84.42,0.01,0.02,0.00,-1.00
63.89,R_Palm,8.41,99.02,132.24,-0.34,-0.02,-0.34,0.88
63.89,R_ThumbTip,1.49,99.66,138.34,-0.14,-0.11,0.54,0.82
63.89,R_IndexTip,4.63,99.88,141.14,0.37,-0.15,-0.31,0.86
63.89,R_MiddleTip,4.97,97.09,134.74,0.92,-0.33,-0.08,0.19
63.89,R_RingTip,6.26,96.50,133.36,0.90,-0.44,-0.02,0.00
63.89,R_LittleTip,7.28,96.12,133.11,0.84,-0.53,-0.06,-0.06
63.89,R_ThumbDistal,2.38,99.29,136.10,-0.14,-0.11,0.54,0.82
63.89,R_IndexIntermediate,6.83,102.18,137.79,0.32,-0.16,-0.31,0.88
63.89,R_MiddleIntermediate,7.35,99.82,137.97,0.75,-0.34,-0.17,0.54
63.89,R_RingIntermediate,8.07,97.86,137.38,0.80,-0.41,-0.18,0.40
63.89,R_LittleIntermediate,8.86,96.37,136.62,0.79,-0.46,-0.24,0.32
63.89,R_IndexProximal,7.24,102.06,134.05,0.00,-0.06,-0.32,0.94
63.89,R_MiddleProximal,9.19,101.03,134.32,0.22,-0.16,-0.34,0.90
63.89,R_ThumbProximal,3.27,98.60,132.94,-0.16,-0.07,0.46,0.87
63.89,R_RingProximal,10.27,99.29,134.53,0.30,-0.20,-0.37,0.85
63.89,L_LittleProximal,-5.79,56.60,95.28,-0.74,-0.26,-0.17,-0.60
63.90,Main Camera,-0.99,118.53,84.42,0.01,0.02,0.00,-1.00
63.90,R_Palm,8.77,98.74,131.99,-0.34,-0.03,-0.33,0.88
63.90,R_ThumbTip,1.70,99.37,137.95,-0.15,-0.12,0.54,0.82
63.90,R_IndexTip,4.91,99.54,140.88,0.37,-0.15,-0.30,0.86
63.90,R_MiddleTip,5.46,96.81,134.19,0.93,-0.32,-0.06,0.15
63.90,R_RingTip,6.79,96.23,132.86,0.91,-0.42,0.00,-0.04
63.90,R_LittleTip,7.80,95.84,132.65,0.85,-0.52,-0.04,-0.08
63.90,R_ThumbDistal,2.64,98.99,135.73,-0.15,-0.12,0.54,0.82
63.90,R_IndexIntermediate,7.09,101.87,137.54,0.32,-0.17,-0.30,0.88
63.90,R_MiddleIntermediate,7.58,99.42,137.65,0.77,-0.34,-0.15,0.52
63.90,R_RingIntermediate,8.33,97.48,137.01,0.82,-0.40,-0.16,0.38
63.90,R_LittleIntermediate,9.16,96.04,136.26,0.81,-0.46,-0.22,0.30
63.90,R_IndexProximal,7.53,101.75,133.81,0.00,-0.06,-0.32,0.95
63.90,R_MiddleProximal,9.49,100.76,134.09,0.23,-0.16,-0.33,0.90
63.90,R_ThumbProximal,3.60,98.28,132.60,-0.16,-0.08,0.46,0.87
63.90,R_RingProximal,10.61,99.04,134.30,0.33,-0.21,-0.36,0.85
63.90,L_LittleProximal,-5.79,56.62,95.27,-0.74,-0.26,-0.17,-0.60
63.92,Main Camera,-1.02,118.53,84.44,0.01,0.02,0.00,-1.00
63.92,R_Palm,9.11,98.44,131.81,-0.34,-0.03,-0.33,0.88
63.92,R_ThumbTip,1.80,99.11,137.53,-0.17,-0.13,0.54,0.81
63.92,R_IndexTip,5.17,99.27,140.71,0.37,-0.15,-0.29,0.87
63.92,R_MiddleTip,5.87,96.49,133.92,0.94,-0.31,-0.04,0.13
63.92,R_RingTip,7.21,95.91,132.63,0.91,-0.41,0.01,-0.05
63.92,R_LittleTip,8.23,95.52,132.43,0.86,-0.51,-0.03,-0.09
63.92,R_ThumbDistal,2.82,98.71,135.34,-0.17,-0.13,0.54,0.81
63.92,R_IndexIntermediate,7.32,101.59,137.34,0.32,-0.17,-0.29,0.89
63.92,R_MiddleIntermediate,7.83,99.09,137.45,0.78,-0.34,-0.14,0.51
63.92,R_RingIntermediate,8.62,97.16,136.82,0.82,-0.40,-0.15,0.38
63.92,R_LittleIntermediate,9.48,95.74,136.07,0.82,-0.45,-0.20,0.29
63.92,R_IndexProximal,7.79,101.42,133.61,0.00,-0.07,-0.31,0.95
63.92,R_MiddleProximal,9.76,100.47,133.92,0.24,-0.17,-0.31,0.90
63.92,R_ThumbProximal,3.89,97.96,132.26,-0.18,-0.09,0.46,0.86
63.92,R_RingProximal,10.91,98.78,134.16,0.33,-0.21,-0.35,0.85
63.92,L_LittleProximal,-5.79,56.62,95.25,-0.74,-0.26,-0.17,-0.60
63.93,Main Camera,-1.06,118.53,84.46,0.01,0.02,0.00,-1.00
63.93,R_Palm,9.35,98.21,131.66,-0.34,-0.04,-0.32,0.88
63.93,R_ThumbTip,1.86,98.87,137.18,-0.18,-0.14,0.55,0.81
63.93,R_IndexTip,5.35,99.07,140.57,0.36,-0.15,-0.28,0.88
63.93,R_MiddleTip,6.19,96.25,133.67,0.95,-0.30,-0.03,0.12
63.93,R_RingTip,7.55,95.66,132.40,0.91,-0.40,0.02,-0.06
63.93,R_LittleTip,8.57,95.27,132.22,0.86,-0.50,-0.02,-0.10
63.93,R_ThumbDistal,2.95,98.46,135.03,-0.18,-0.14,0.55,0.81
63.93,R_IndexIntermediate,7.47,101.38,137.17,0.31,-0.17,-0.28,0.89
63.93,R_MiddleIntermediate,7.99,98.83,137.28,0.79,-0.33,-0.12,0.51
63.93,R_RingIntermediate,8.81,96.90,136.63,0.83,-0.39,-0.14,0.37
63.93,R_LittleIntermediate,9.71,95.50,135.90,0.83,-0.44,-0.19,0.29
63.93,R_IndexProximal,7.95,101.16,133.45,-0.01,-0.07,-0.30,0.95
63.93,R_MiddleProximal,9.95,100.25,133.78,0.24,-0.17,-0.30,0.91
63.93,R_ThumbProximal,4.10,97.69,131.98,-0.19,-0.10,0.47,0.86
63.93,R_RingProximal,11.13,98.58,134.03,0.34,-0.22,-0.34,0.85
63.93,L_LittleProximal,-5.79,56.62,95.23,-0.74,-0.26,-0.17,-0.60
63.95,Main Camera,-1.10,118.53,84.46,0.01,0.02,0.00,-1.00
63.95,R_Palm,9.73,98.01,131.31,-0.33,-0.05,-0.31,0.89
63.95,R_ThumbTip,2.05,98.68,136.60,-0.19,-0.15,0.55,0.80
63.95,R_IndexTip,5.72,99.02,140.28,0.35,-0.15,-0.27,0.88
63.95,R_MiddleTip,6.60,96.01,133.26,0.95,-0.29,-0.02,0.11
63.95,R_RingTip,7.97,95.44,132.03,0.92,-0.39,0.03,-0.06
63.95,R_LittleTip,9.00,95.05,131.86,0.87,-0.49,-0.02,-0.10
63.95,R_ThumbDistal,3.20,98.25,134.49,-0.19,-0.15,0.55,0.80
63.95,R_IndexIntermediate,7.80,101.25,136.80,0.30,-0.17,-0.27,0.90
63.95,R_MiddleIntermediate,8.28,98.60,136.92,0.79,-0.33,-0.11,0.50
63.95,R_RingIntermediate,9.15,96.68,136.28,0.84,-0.39,-0.13,0.37
63.95,R_LittleIntermediate,10.07,95.30,135.55,0.83,-0.44,-0.18,0.29
63.95,R_IndexProximal,8.26,100.94,133.08,-0.02,-0.07,-0.29,0.95
63.95,R_MiddleProximal,10.27,100.06,133.45,0.25,-0.18,-0.29,0.91
63.95,R_ThumbProximal,4.46,97.46,131.48,-0.20,-0.11,0.47,0.85
63.95,R_RingProximal,11.47,98.41,133.71,0.35,-0.22,-0.33,0.85
63.95,L_LittleProximal,-5.80,56.63,95.24,-0.73,-0.26,-0.17,-0.60
63.96,Main Camera,-1.14,118.51,84.46,0.01,0.02,0.00,-1.00
63.96,R_Palm,10.04,97.84,131.02,-0.33,-0.06,-0.31,0.89
63.96,R_ThumbTip,2.20,98.49,136.11,-0.20,-0.16,0.55,0.80
63.96,R_IndexTip,5.99,98.94,140.02,0.34,-0.15,-0.27,0.89
63.96,R_MiddleTip,6.95,95.80,132.92,0.95,-0.28,-0.01,0.11
63.96,R_RingTip,8.33,95.24,131.72,0.92,-0.38,0.03,-0.07
63.96,R_LittleTip,9.36,94.85,131.56,0.87,-0.48,-0.01,-0.11
63.96,R_ThumbDistal,3.41,98.06,134.04,-0.20,-0.16,0.55,0.80
63.96,R_IndexIntermediate,8.04,101.12,136.50,0.29,-0.17,-0.27,0.90
63.96,R_MiddleIntermediate,8.52,98.40,136.62,0.80,-0.33,-0.10,0.50
63.96,R_RingIntermediate,9.42,96.49,135.99,0.84,-0.38,-0.12,0.36
63.96,R_LittleIntermediate,10.37,95.13,135.27,0.84,-0.44,-0.17,0.29
63.96,R_IndexProximal,8.51,100.73,132.78,-0.03,-0.07,-0.28,0.96
63.96,R_MiddleProximal,10.52,99.88,133.17,0.25,-0.18,-0.29,0.91
63.96,R_ThumbProximal,4.75,97.26,131.07,-0.21,-0.12,0.47,0.85
63.96,R_RingProximal,11.75,98.25,133.45,0.35,-0.22,-0.32,0.85
63.96,L_LittleProximal,-5.82,56.65,95.26,-0.73,-0.26,-0.17,-0.61
63.97,Main Camera,-1.18,118.50,84.47,0.01,0.02,0.00,-1.00
63.97,R_Palm,10.61,97.50,130.27,-0.32,-0.08,-0.31,0.89
63.97,R_ThumbTip,2.60,97.99,135.12,-0.20,-0.18,0.55,0.79
63.97,R_IndexTip,6.38,98.76,139.26,0.33,-0.16,-0.26,0.89
63.97,R_MiddleTip,7.41,95.45,132.54,0.95,-0.28,-0.01,0.14
63.97,R_RingTip,8.77,94.82,131.34,0.92,-0.38,0.03,-0.03
63.97,R_LittleTip,9.79,94.43,131.19,0.87,-0.48,-0.02,-0.07
63.97,R_ThumbDistal,3.88,97.59,133.08,-0.20,-0.18,0.55,0.79
63.97,R_IndexIntermediate,8.45,100.86,135.70,0.28,-0.18,-0.26,0.91
63.97,R_MiddleIntermediate,9.06,98.28,136.03,0.78,-0.32,-0.10,0.53
63.97,R_RingIntermediate,10.00,96.33,135.48,0.83,-0.38,-0.12,0.40
63.97,R_LittleIntermediate,11.01,94.93,134.80,0.82,-0.43,-0.18,0.33
63.97,R_IndexProximal,8.97,100.36,132.01,-0.05,-0.09,-0.28,0.96
63.97,R_MiddleProximal,10.98,99.55,132.45,0.22,-0.18,-0.28,0.92
63.97,R_ThumbProximal,5.33,96.83,130.15,-0.21,-0.14,0.47,0.84
63.97,R_RingProximal,12.23,97.93,132.76,0.32,-0.22,-0.31,0.87
63.97,L_LittleProximal,-5.83,56.65,95.26,-0.73,-0.26,-0.17,-0.61
63.99,Main Camera,-1.22,118.50,84.49,0.01,0.02,0.00,-1.00
63.99,R_Palm,11.35,97.21,129.32,-0.31,-0.10,-0.31,0.90
63.99,R_ThumbTip,3.13,97.49,133.81,-0.21,-0.20,0.55,0.78
63.99,R_IndexTip,6.75,98.47,138.21,0.33,-0.18,-0.24,0.89
63.99,R_MiddleTip,7.63,94.87,132.56,0.92,-0.29,-0.04,0.26
63.99,R_RingTip,9.19,94.34,130.99,0.92,-0.39,0.01,0.03
63.99,R_LittleTip,10.12,93.87,130.80,0.87,-0.49,-0.05,0.01
63.99,R_ThumbDistal,4.51,97.14,131.83,-0.21,-0.20,0.55,0.78
63.99,R_IndexIntermediate,8.92,100.54,134.69,0.28,-0.19,-0.24,0.91
63.99,R_MiddleIntermediate,9.76,98.26,135.27,0.72,-0.32,-0.12,0.61
63.99,R_RingIntermediate,10.75,96.27,134.84,0.80,-0.37,-0.14,0.45
63.99,R_LittleIntermediate,11.80,94.76,134.14,0.79,-0.42,-0.21,0.40
63.99,R_IndexProximal,9.58,100.00,131.03,-0.05,-0.11,-0.27,0.96
63.99,R_MiddleProximal,11.59,99.22,131.55,0.18,-0.18,-0.28,0.93
63.99,R_ThumbProximal,6.09,96.45,128.95,-0.21,-0.16,0.47,0.84
63.99,R_RingProximal,12.85,97.62,131.88,0.27,-0.21,-0.32,0.88
63.99,L_LittleProximal,-5.84,56.68,95.26,-0.73,-0.26,-0.17,-0.60
64.00,Main Camera,-1.26,118.51,84.51,0.01,0.02,0.00,-1.00
64.00,R_Palm,11.97,96.96,127.92,-0.29,-0.12,-0.31,0.90
64.00,R_ThumbTip,3.59,97.14,132.02,-0.21,-0.22,0.55,0.78
64.00,R_IndexTip,6.95,98.05,136.64,0.35,-0.19,-0.23,0.89
64.00,R_MiddleTip,7.56,94.44,132.80,0.84,-0.30,-0.10,0.45
64.00,R_RingTip,9.15,93.72,130.60,0.90,-0.40,-0.03,0.17
64.00,R_LittleTip,10.21,93.31,130.19,0.86,-0.49,-0.10,0.12
64.00,R_ThumbDistal,5.06,96.83,130.10,-0.21,-0.22,0.55,0.78
64.00,R_IndexIntermediate,9.25,100.18,133.24,0.29,-0.21,-0.23,0.91
64.00,R_MiddleIntermediate,10.37,98.34,134.06,0.63,-0.31,-0.15,0.70
64.00,R_RingIntermediate,11.41,96.30,133.74,0.74,-0.37,-0.17,0.55
64.00,R_LittleIntermediate,12.49,94.64,133.00,0.73,-0.40,-0.26,0.49
64.00,R_IndexProximal,10.09,99.69,129.61,-0.03,-0.13,-0.26,0.96
64.00,R_MiddleProximal,12.08,98.92,130.20,0.13,-0.18,-0.29,0.93
64.00,R_ThumbProximal,6.77,96.19,127.29,-0.22,-0.18,0.47,0.84
64.00,R_RingProximal,13.35,97.33,130.56,0.22,-0.20,-0.32,0.90
64.00,L_LittleProximal,-5.85,56.68,95.27,-0.73,-0.26,-0.17,-0.60
64.01,Main Camera,-1.29,118.52,84.52,0.01,0.02,0.00,-1.00
64.01,R_Palm,12.52,96.73,126.77,-0.27,-0.13,-0.31,0.90
64.01,R_ThumbTip,4.00,96.83,130.54,-0.22,-0.24,0.54,0.78
64.01,R_IndexTip,7.16,97.70,135.35,0.36,-0.21,-0.21,0.89
64.01,R_MiddleTip,7.82,94.17,132.15,0.80,-0.30,-0.11,0.50
64.01,R_RingTip,9.39,93.30,129.81,0.89,-0.40,-0.04,0.22
64.01,R_LittleTip,10.52,92.92,129.30,0.85,-0.49,-0.12,0.16
64.01,R_ThumbDistal,5.56,96.54,128.68,-0.22,-0.24,0.54,0.78
64.01,R_IndexIntermediate,9.55,99.87,132.04,0.29,-0.22,-0.22,0.90
64.01,R_MiddleIntermediate,10.77,98.15,132.95,0.60,-0.31,-0.15,0.73
64.01,R_RingIntermediate,11.84,96.10,132.66,0.72,-0.36,-0.17,0.57
64.01,R_LittleIntermediate,12.96,94.39,131.93,0.72,-0.39,-0.26,0.51
64.01,R_IndexProximal,10.54,99.39,128.44,-0.03,-0.15,-0.26,0.95
64.01,R_MiddleProximal,12.52,98.64,129.10,0.12,-0.18,-0.28,0.93
64.01,R_ThumbProximal,7.36,95.95,125.92,-0.22,-0.20,0.46,0.83
64.01,R_RingProximal,13.79,97.06,129.47,0.21,-0.20,-0.32,0.90
64.01,L_LittleProximal,-5.85,56.69,95.28,-0.73,-0.26,-0.17,-0.60
64.03,Main Camera,-1.31,118.51,84.52,0.01,0.02,0.00,-1.00
64.03,R_Palm,13.06,96.15,125.85,-0.25,-0.15,-0.31,0.91
64.03,R_ThumbTip,4.43,96.29,129.25,-0.23,-0.26,0.53,0.78
64.03,R_IndexTip,7.38,96.89,134.31,0.37,-0.22,-0.21,0.88
64.03,R_MiddleTip,8.00,93.74,132.35,0.72,-0.30,-0.15,0.60
64.03,R_RingTip,9.39,92.51,129.92,0.84,-0.40,-0.09,0.34
64.03,R_LittleTip,10.61,92.07,129.18,0.82,-0.47,-0.17,0.28
64.03,R_ThumbDistal,6.06,96.01,127.45,-0.23,-0.26,0.53,0.78
64.03,R_IndexIntermediate,9.85,99.12,131.10,0.29,-0.23,-0.22,0.90
64.03,R_MiddleIntermediate,11.21,97.66,132.12,0.53,-0.30,-0.17,0.77
64.03,R_RingIntermediate,12.37,95.65,131.93,0.66,-0.35,-0.20,0.63
64.03,R_LittleIntermediate,13.53,93.85,131.17,0.67,-0.37,-0.29,0.57
64.03,R_IndexProximal,10.97,98.73,127.53,-0.01,-0.16,-0.25,0.95
64.03,R_MiddleProximal,12.93,97.98,128.24,0.10,-0.19,-0.28,0.94
64.03,R_ThumbProximal,7.97,95.43,124.76,-0.22,-0.22,0.45,0.84
64.03,R_RingProximal,14.22,96.41,128.61,0.18,-0.20,-0.32,0.91
64.03,L_LittleProximal,-5.86,56.68,95.27,-0.73,-0.26,-0.17,-0.60
64.04,Main Camera,-1.34,118.51,84.53,0.01,0.02,0.00,-1.00
64.04,R_Palm,13.83,95.43,125.23,-0.23,-0.15,-0.31,0.91
64.04,R_ThumbTip,5.22,95.65,128.44,-0.23,-0.27,0.52,0.78
64.04,R_IndexTip,7.96,95.94,133.62,0.38,-0.23,-0.20,0.87
64.04,R_MiddleTip,8.56,93.07,132.37,0.67,-0.30,-0.17,0.66
64.04,R_RingTip,9.75,91.64,130.22,0.79,-0.40,-0.13,0.44
64.04,R_LittleTip,11.09,91.13,129.26,0.78,-0.46,-0.22,0.37
64.04,R_ThumbDistal,6.87,95.37,126.66,-0.23,-0.27,0.52,0.78
64.04,R_IndexIntermediate,10.47,98.22,130.49,0.30,-0.24,-0.21,0.90
64.04,R_MiddleIntermediate,11.89,96.87,131.55,0.50,-0.29,-0.19,0.79
64.04,R_RingIntermediate,13.12,94.93,131.38,0.61,-0.34,-0.22,0.68
64.04,R_LittleIntermediate,14.33,93.09,130.61,0.63,-0.35,-0.32,0.62
64.04,R_IndexProximal,11.67,97.93,126.93,0.00,-0.17,-0.25,0.95
64.04,R_MiddleProximal,13.62,97.18,127.67,0.10,-0.19,-0.28,0.94
64.04,R_ThumbProximal,8.81,94.80,123.99,-0.22,-0.23,0.44,0.84
64.04,R_RingProximal,14.91,95.61,128.02,0.17,-0.20,-0.33,0.91
64.04,L_LittleProximal,-5.86,56.69,95.28,-0.73,-0.26,-0.17,-0.60
64.06,Main Camera,-1.35,118.49,84.55,0.01,0.02,0.00,-1.00
64.06,R_Palm,14.63,94.84,124.57,-0.22,-0.15,-0.31,0.91
64.06,R_ThumbTip,6.09,95.04,127.81,-0.22,-0.27,0.51,0.79
64.06,R_IndexTip,8.81,95.19,133.12,0.37,-0.22,-0.21,0.88
64.06,R_MiddleTip,9.40,92.56,132.45,0.61,-0.29,-0.20,0.71
64.06,R_RingTip,10.44,90.99,130.54,0.73,-0.38,-0.18,0.53
64.06,R_LittleTip,11.84,90.38,129.41,0.72,-0.43,-0.27,0.47
64.06,R_ThumbDistal,7.73,94.78,126.01,-0.22,-0.27,0.51,0.79
64.06,R_IndexIntermediate,11.24,97.45,129.91,0.30,-0.23,-0.22,0.90
64.06,R_MiddleIntermediate,12.74,96.19,130.98,0.46,-0.28,-0.20,0.82
64.06,R_RingIntermediate,14.04,94.31,130.80,0.56,-0.31,-0.25,0.73
64.06,R_LittleIntermediate,15.28,92.47,129.98,0.59,-0.32,-0.34,0.66
64.06,R_IndexProximal,12.43,97.25,126.35,0.01,-0.16,-0.25,0.95
64.06,R_MiddleProximal,14.39,96.50,127.07,0.09,-0.18,-0.28,0.94
64.06,R_ThumbProximal,9.65,94.26,123.32,-0.21,-0.23,0.43,0.84
64.06,R_RingProximal,15.71,94.95,127.37,0.15,-0.18,-0.33,0.91
64.06,L_LittleProximal,-5.87,56.71,95.26,-0.73,-0.26,-0.17,-0.60
64.07,Main Camera,-1.37,118.48,84.57,0.01,0.02,0.00,-1.00
64.07,R_Palm,15.30,94.17,123.93,-0.20,-0.15,-0.30,0.92
64.07,R_ThumbTip,6.80,94.17,127.20,-0.21,-0.28,0.52,0.78
64.07,R_IndexTip,9.54,94.36,132.64,0.37,-0.20,-0.20,0.88
64.07,R_MiddleTip,10.14,91.73,132.11,0.59,-0.27,-0.21,0.73
64.07,R_RingTip,11.17,90.21,130.38,0.70,-0.36,-0.20,0.58
64.07,R_LittleTip,12.62,89.58,129.21,0.69,-0.40,-0.29,0.52
64.07,R_ThumbDistal,8.43,93.97,125.40,-0.21,-0.28,0.52,0.78
64.07,R_IndexIntermediate,11.87,96.59,129.34,0.29,-0.22,-0.21,0.91
64.07,R_MiddleIntermediate,13.39,95.34,130.37,0.45,-0.26,-0.20,0.83
64.07,R_RingIntermediate,14.78,93.56,130.19,0.54,-0.30,-0.25,0.75
64.07,R_LittleIntermediate,16.06,91.78,129.34,0.56,-0.29,-0.35,0.69
64.07,R_IndexProximal,13.05,96.48,125.77,0.02,-0.16,-0.24,0.96
64.07,R_MiddleProximal,15.03,95.77,126.47,0.10,-0.17,-0.27,0.94
64.07,R_ThumbProximal,10.35,93.52,122.68,-0.20,-0.23,0.44,0.84
64.07,R_RingProximal,16.38,94.24,126.74,0.15,-0.17,-0.32,0.92
64.07,L_LittleProximal,-5.86,56.78,95.27,-0.73,-0.26,-0.18,-0.60
64.08,Main Camera,-1.39,118.47,84.59,0.01,0.02,0.00,-1.00
64.08,R_Palm,15.92,93.76,123.10,-0.20,-0.15,-0.27,0.93
64.08,R_ThumbTip,7.46,93.46,126.42,-0.20,-0.28,0.53,0.77
64.08,R_IndexTip,10.22,93.89,131.96,0.35,-0.19,-0.19,0.90
64.08,R_MiddleTip,10.90,91.23,131.51,0.57,-0.25,-0.20,0.75
64.08,R_RingTip,11.97,89.73,129.92,0.69,-0.34,-0.20,0.61
64.08,R_LittleTip,13.48,89.13,128.73,0.68,-0.38,-0.29,0.56
64.08,R_ThumbDistal,9.09,93.31,124.60,-0.20,-0.28,0.53,0.77
64.08,R_IndexIntermediate,12.40,96.07,128.51,0.27,-0.20,-0.20,0.92
64.08,R_MiddleIntermediate,13.98,94.89,129.54,0.44,-0.25,-0.19,0.84
64.08,R_RingIntermediate,15.45,93.19,129.38,0.52,-0.28,-0.24,0.77
64.08,R_LittleIntermediate,16.83,91.48,128.54,0.55,-0.27,-0.34,0.71
64.08,R_IndexProximal,13.57,95.99,124.94,0.02,-0.16,-0.22,0.96
64.08,R_MiddleProximal,15.58,95.37,125.63,0.10,-0.17,-0.25,0.95
64.08,R_ThumbProximal,11.00,92.91,121.88,-0.20,-0.23,0.46,0.83
64.08,R_RingProximal,17.00,93.90,125.90,0.15,-0.17,-0.30,0.93
64.08,L_LittleProximal,-5.85,56.87,95.24,-0.73,-0.26,-0.18,-0.60
64.10,Main Camera,-1.41,118.49,84.60,0.01,0.02,0.00,-1.00
64.10,R_Palm,16.50,93.35,122.32,-0.20,-0.16,-0.25,0.93
64.10,R_ThumbTip,8.10,92.78,125.65,-0.20,-0.28,0.55,0.76
64.10,R_IndexTip,10.84,93.39,131.27,0.34,-0.18,-0.17,0.91
64.10,R_MiddleTip,11.60,90.73,130.94,0.56,-0.24,-0.19,0.77
64.10,R_RingTip,12.74,89.29,129.50,0.66,-0.32,-0.20,0.65
64.10,R_LittleTip,14.30,88.71,128.30,0.65,-0.36,-0.29,0.60
64.10,R_ThumbDistal,9.72,92.67,123.83,-0.20,-0.28,0.55,0.76
64.10,R_IndexIntermediate,12.89,95.53,127.72,0.26,-0.20,-0.18,0.93
64.10,R_MiddleIntermediate,14.51,94.41,128.76,0.43,-0.24,-0.17,0.85
64.10,R_RingIntermediate,16.09,92.83,128.62,0.50,-0.26,-0.23,0.79
64.10,R_LittleIntermediate,17.56,91.18,127.79,0.53,-0.26,-0.33,0.74
64.10,R_IndexProximal,14.06,95.48,124.15,0.02,-0.16,-0.20,0.97
64.10,R_MiddleProximal,16.10,94.95,124.84,0.11,-0.17,-0.23,0.95
64.10,R_ThumbProximal,11.64,92.32,121.10,-0.20,-0.23,0.47,0.83
64.10,R_RingProximal,17.58,93.54,125.12,0.15,-0.16,-0.28,0.93
64.10,L_LittleProximal,-5.85,56.96,95.21,-0.73,-0.26,-0.18,-0.60
64.11,Main Camera,-1.41,118.49,84.62,0.01,0.02,0.00,-1.00
64.11,R_Palm,17.29,92.83,120.71,-0.20,-0.17,-0.23,0.94
64.11,R_ThumbTip,8.98,92.00,124.01,-0.20,-0.27,0.56,0.75
64.11,R_IndexTip,11.56,92.73,129.67,0.33,-0.18,-0.15,0.92
64.11,R_MiddleTip,12.45,90.08,129.43,0.55,-0.23,-0.17,0.79
64.11,R_RingTip,13.75,88.94,128.42,0.63,-0.30,-0.19,0.69
64.11,R_LittleTip,15.41,88.33,127.23,0.62,-0.33,-0.29,0.65
64.11,R_ThumbDistal,10.58,91.93,122.17,-0.20,-0.27,0.56,0.75
64.11,R_IndexIntermediate,13.51,94.85,126.06,0.25,-0.19,-0.15,0.94
64.11,R_MiddleIntermediate,15.18,93.83,127.12,0.42,-0.23,-0.15,0.86
64.11,R_RingIntermediate,16.94,92.50,127.08,0.47,-0.25,-0.22,0.82
64.11,R_LittleIntermediate,18.51,90.89,126.29,0.50,-0.24,-0.32,0.77
64.11,R_IndexProximal,14.72,94.82,122.50,0.02,-0.16,-0.17,0.97
64.11,R_MiddleProximal,16.77,94.41,123.22,0.11,-0.17,-0.20,0.96
64.11,R_ThumbProximal,12.53,91.60,119.46,-0.20,-0.23,0.49,0.82
64.11,R_RingProximal,18.33,93.09,123.52,0.12,-0.16,-0.26,0.95
64.11,L_LittleProximal,-5.85,56.96,95.21,-0.73,-0.26,-0.18,-0.60
64.13,Main Camera,-1.42,118.49,84.64,0.01,0.02,0.00,-1.00
64.13,R_Palm,18.04,92.27,119.73,-0.19,-0.17,-0.22,0.94
64.13,R_ThumbTip,9.84,91.33,123.05,-0.18,-0.26,0.57,0.76
64.13,R_IndexTip,12.35,92.10,128.80,0.31,-0.17,-0.14,0.92
64.13,R_MiddleTip,13.37,89.80,128.92,0.52,-0.22,-0.17,0.81
64.13,R_RingTip,14.78,88.79,128.25,0.57,-0.28,-0.20,0.74
64.13,R_LittleTip,16.57,88.07,126.95,0.56,-0.30,-0.30,0.71
64.13,R_ThumbDistal,11.38,91.30,121.16,-0.18,-0.26,0.57,0.76
64.13,R_IndexIntermediate,14.21,94.16,125.11,0.24,-0.19,-0.15,0.94
64.13,R_MiddleIntermediate,15.99,93.36,126.22,0.39,-0.21,-0.15,0.88
64.13,R_RingIntermediate,17.84,92.15,126.19,0.42,-0.22,-0.22,0.85
64.13,R_LittleIntermediate,19.50,90.54,125.39,0.44,-0.21,-0.32,0.81
64.13,R_IndexProximal,15.40,94.16,121.54,0.03,-0.16,-0.16,0.97
64.13,R_MiddleProximal,17.47,93.80,122.26,0.09,-0.16,-0.20,0.96
64.13,R_ThumbProximal,13.32,91.00,118.45,-0.20,-0.24,0.49,0.81
64.13,R_RingProximal,19.06,92.53,122.54,0.09,-0.14,-0.25,0.95
64.13,L_LittleProximal,-5.85,56.98,95.21,-0.73,-0.26,-0.18,-0.60
64.14,Main Camera,-1.44,118.49,84.66,0.01,0.02,0.00,-1.00
64.14,R_Palm,19.20,91.44,119.18,-0.17,-0.16,-0.20,0.95
64.14,R_ThumbTip,11.09,90.41,122.58,-0.16,-0.26,0.57,0.76
64.14,R_IndexTip,13.77,90.84,128.51,0.32,-0.15,-0.13,0.93
64.14,R_MiddleTip,14.99,88.91,128.91,0.48,-0.19,-0.18,0.84
64.14,R_RingTip,16.58,88.18,128.50,0.51,-0.24,-0.22,0.80
64.14,R_LittleTip,18.50,87.41,127.04,0.50,-0.25,-0.32,0.76
64.14,R_ThumbDistal,12.57,90.45,120.64,-0.16,-0.26,0.57,0.76
64.14,R_IndexIntermediate,15.44,92.96,124.75,0.24,-0.17,-0.14,0.95
64.14,R_MiddleIntermediate,17.36,92.34,125.84,0.36,-0.19,-0.15,0.90
64.14,R_RingIntermediate,19.34,91.30,125.73,0.37,-0.19,-0.23,0.88
64.14,R_LittleIntermediate,21.09,89.77,124.82,0.39,-0.16,-0.33,0.84
64.14,R_IndexProximal,16.55,93.13,121.16,0.04,-0.14,-0.14,0.98
64.14,R_MiddleProximal,18.64,92.82,121.81,0.08,-0.14,-0.19,0.97
64.14,R_ThumbProximal,14.47,90.22,117.89,-0.18,-0.24,0.49,0.82
64.14,R_RingProximal,20.29,91.59,121.99,0.07,-0.11,-0.24,0.96
64.14,L_LittleProximal,-5.83,56.99,95.22,-0.73,-0.26,-0.18,-0.60
64.15,Main Camera,-1.43,118.48,84.65,0.01,0.02,-0.01,-1.00
64.15,R_Palm,20.36,90.58,118.98,-0.15,-0.15,-0.18,0.96
64.15,R_ThumbTip,12.26,89.45,122.34,-0.14,-0.27,0.57,0.77
64.15,R_IndexTip,15.05,89.68,128.44,0.31,-0.14,-0.12,0.93
64.15,R_MiddleTip,16.48,88.02,129.12,0.45,-0.16,-0.18,0.86
64.15,R_RingTip,18.26,87.59,128.85,0.45,-0.21,-0.23,0.83
64.15,R_LittleTip,20.33,86.83,127.32,0.44,-0.21,-0.33,0.81
64.15,R_ThumbDistal,13.72,89.54,120.39,-0.14,-0.27,0.57,0.77
64.15,R_IndexIntermediate,16.60,91.82,124.65,0.24,-0.16,-0.12,0.95
64.15,R_MiddleIntermediate,18.63,91.30,125.72,0.34,-0.16,-0.15,0.91
64.15,R_RingIntermediate,20.72,90.47,125.57,0.33,-0.16,-0.23,0.90
64.15,R_LittleIntermediate,22.57,89.03,124.59,0.34,-0.13,-0.33,0.87
64.15,R_IndexProximal,17.69,92.11,121.06,0.06,-0.14,-0.13,0.98
64.15,R_MiddleProximal,19.80,91.86,121.66,0.09,-0.13,-0.17,0.97
64.15,R_ThumbProximal,15.62,89.39,117.63,-0.17,-0.24,0.49,0.82
64.15,R_RingProximal,21.50,90.69,121.78,0.05,-0.09,-0.23,0.97
64.15,L_LittleProximal,-5.84,57.00,95.22,-0.73,-0.26,-0.18,-0.60
64.17,Main Camera,-1.41,118.48,84.66,0.01,0.02,-0.01,-1.00
64.17,R_Palm,21.39,89.83,118.42,-0.14,-0.16,-0.17,0.96
64.17,R_ThumbTip,13.28,88.56,121.65,-0.14,-0.27,0.57,0.76
64.17,R_IndexTip,15.94,88.81,127.84,0.31,-0.14,-0.11,0.93
64.17,R_MiddleTip,17.52,87.30,128.71,0.42,-0.16,-0.17,0.87
64.17,R_RingTip,19.42,87.10,128.55,0.42,-0.21,-0.22,0.85
64.17,R_LittleTip,21.60,86.34,127.01,0.40,-0.20,-0.32,0.83
64.17,R_ThumbDistal,14.75,88.70,119.70,-0.14,-0.27,0.57,0.76
64.17,R_IndexIntermediate,17.51,90.94,124.05,0.23,-0.16,-0.11,0.95
64.17,R_MiddleIntermediate,19.58,90.47,125.15,0.33,-0.16,-0.14,0.92
64.17,R_RingIntermediate,21.75,89.81,125.03,0.30,-0.15,-0.23,0.91
64.17,R_LittleIntermediate,23.68,88.43,124.06,0.32,-0.12,-0.32,0.88
64.17,R_IndexProximal,18.66,91.27,120.49,0.06,-0.15,-0.11,0.98
64.17,R_MiddleProximal,20.78,91.06,121.11,0.09,-0.13,-0.16,0.97
64.17,R_ThumbProximal,16.68,88.60,116.97,-0.17,-0.25,0.49,0.82
64.17,R_RingProximal,22.50,89.94,121.24,0.04,-0.09,-0.22,0.97
64.17,L_LittleProximal,-5.84,57.04,95.23,-0.73,-0.26,-0.18,-0.60
64.18,Main Camera,-1.40,118.49,84.68,0.01,0.02,-0.01,-1.00
64.18,R_Palm,22.35,89.14,117.82,-0.14,-0.16,-0.16,0.96
64.18,R_ThumbTip,14.25,87.75,120.94,-0.14,-0.28,0.57,0.76
64.18,R_IndexTip,16.80,87.99,127.22,0.31,-0.15,-0.10,0.94
64.18,R_MiddleTip,18.51,86.66,128.28,0.40,-0.16,-0.16,0.89
64.18,R_RingTip,20.52,86.65,128.20,0.39,-0.20,-0.21,0.87
64.18,R_LittleTip,22.78,85.85,126.61,0.37,-0.18,-0.32,0.85
64.18,R_ThumbDistal,15.72,87.92,119.00,-0.14,-0.28,0.57,0.76
64.18,R_IndexIntermediate,18.37,90.10,123.42,0.23,-0.17,-0.10,0.95
64.18,R_MiddleIntermediate,20.49,89.71,124.56,0.31,-0.16,-0.13,0.93
64.18,R_RingIntermediate,22.72,89.18,124.45,0.27,-0.14,-0.22,0.93
64.18,R_LittleIntermediate,24.70,87.83,123.48,0.30,-0.11,-0.32,0.90
64.18,R_IndexProximal,19.58,90.48,119.88,0.07,-0.16,-0.10,0.98
64.18,R_MiddleProximal,21.69,90.32,120.52,0.09,-0.13,-0.15,0.98
64.18,R_ThumbProximal,17.68,87.87,116.28,-0.17,-0.26,0.49,0.81
64.18,R_RingProximal,23.44,89.24,120.65,0.03,-0.09,-0.21,0.97
64.18,L_LittleProximal,-5.85,57.09,95.24,-0.74,-0.26,-0.18,-0.60
64.20,Main Camera,-1.39,118.50,84.71,0.01,0.02,-0.01,-1.00
64.20,R_Palm,23.74,88.49,117.21,-0.13,-0.16,-0.16,0.97
64.20,R_ThumbTip,15.69,87.07,120.35,-0.13,-0.27,0.58,0.76
64.20,R_IndexTip,18.22,87.25,126.63,0.31,-0.14,-0.09,0.94
64.20,R_MiddleTip,19.97,86.05,127.77,0.39,-0.15,-0.16,0.89
64.20,R_RingTip,21.98,86.02,127.65,0.38,-0.19,-0.21,0.88
64.20,R_LittleTip,24.30,85.30,126.06,0.36,-0.18,-0.31,0.86
64.20,R_ThumbDistal,17.12,87.27,118.38,-0.13,-0.27,0.58,0.76
64.20,R_IndexIntermediate,19.75,89.39,122.83,0.23,-0.16,-0.09,0.95
64.20,R_MiddleIntermediate,21.89,89.02,123.96,0.30,-0.15,-0.13,0.93
64.20,R_RingIntermediate,24.12,88.53,123.85,0.27,-0.14,-0.21,0.93
64.20,R_LittleIntermediate,26.15,87.25,122.87,0.29,-0.10,-0.31,0.90
64.20,R_IndexProximal,20.95,89.79,119.29,0.07,-0.16,-0.09,0.98
64.20,R_MiddleProximal,23.07,89.66,119.92,0.10,-0.13,-0.14,0.98
64.20,R_ThumbProximal,19.06,87.23,115.65,-0.16,-0.26,0.49,0.81
64.20,R_RingProximal,24.83,88.60,120.05,0.03,-0.09,-0.20,0.97
64.20,L_LittleProximal,-5.84,57.13,95.24,-0.74,-0.26,-0.18,-0.60
64.21,Main Camera,-1.38,118.51,84.74,0.02,0.02,-0.01,-1.00
64.21,R_Palm,24.82,87.65,116.35,-0.13,-0.15,-0.15,0.97
64.21,R_ThumbTip,16.86,86.18,119.60,-0.11,-0.26,0.58,0.76
64.21,R_IndexTip,19.44,86.31,125.83,0.31,-0.14,-0.09,0.94
64.21,R_MiddleTip,21.22,85.11,126.96,0.39,-0.14,-0.16,0.90
64.21,R_RingTip,23.22,85.09,126.79,0.39,-0.18,-0.21,0.88
64.21,R_LittleTip,25.52,84.39,125.17,0.36,-0.17,-0.31,0.86
64.21,R_ThumbDistal,18.23,86.41,117.59,-0.11,-0.26,0.58,0.76
64.21,R_IndexIntermediate,20.91,88.48,122.03,0.23,-0.16,-0.09,0.96
64.21,R_MiddleIntermediate,23.06,88.12,123.13,0.31,-0.15,-0.13,0.93
64.21,R_RingIntermediate,25.30,87.63,122.98,0.27,-0.13,-0.21,0.93
64.21,R_LittleIntermediate,27.32,86.37,121.97,0.29,-0.09,-0.31,0.90
64.21,R_IndexProximal,22.06,88.92,118.48,0.07,-0.15,-0.09,0.98
64.21,R_MiddleProximal,24.19,88.79,119.08,0.10,-0.12,-0.14,0.98
64.21,R_ThumbProximal,20.12,86.41,114.82,-0.15,-0.25,0.49,0.82
64.21,R_RingProximal,25.96,87.73,119.18,0.03,-0.08,-0.20,0.98
64.21,L_LittleProximal,-5.83,57.18,95.20,-0.74,-0.26,-0.17,-0.60
64.22,Main Camera,-1.36,118.52,84.75,0.02,0.02,-0.01,-1.00
64.22,R_Palm,25.89,86.87,115.54,-0.13,-0.15,-0.15,0.97
64.22,R_ThumbTip,18.02,85.34,118.90,-0.10,-0.26,0.58,0.77
64.22,R_IndexTip,20.65,85.36,125.08,0.32,-0.13,-0.09,0.94
64.22,R_MiddleTip,22.47,84.25,126.23,0.38,-0.13,-0.16,0.90
64.22,R_RingTip,24.48,84.22,126.02,0.39,-0.17,-0.21,0.88
64.22,R_LittleTip,26.76,83.54,124.33,0.36,-0.16,-0.32,0.86
64.22,R_ThumbDistal,19.32,85.61,116.85,-0.10,-0.26,0.58,0.77
64.22,R_IndexIntermediate,22.05,87.60,121.29,0.24,-0.15,-0.09,0.95
64.22,R_MiddleIntermediate,24.23,87.25,122.36,0.30,-0.14,-0.13,0.93
64.22,R_RingIntermediate,26.46,86.79,122.17,0.27,-0.12,-0.21,0.93
64.22,R_LittleIntermediate,28.48,85.56,121.11,0.29,-0.08,-0.31,0.90
64.22,R_IndexProximal,23.15,88.10,117.73,0.08,-0.14,-0.09,0.98
64.22,R_MiddleProximal,25.29,87.98,118.30,0.10,-0.11,-0.14,0.98
64.22,R_ThumbProximal,21.16,85.64,114.05,-0.14,-0.25,0.50,0.82
64.22,R_RingProximal,27.07,86.93,118.36,0.03,-0.07,-0.20,0.98
64.22,L_LittleProximal,-5.82,57.24,95.15,-0.74,-0.25,-0.17,-0.60
64.24,Main Camera,-1.34,118.52,84.78,0.02,0.02,-0.01,-1.00
64.24,R_Palm,26.52,86.36,114.64,-0.13,-0.14,-0.15,0.97
64.24,R_ThumbTip,18.73,84.85,118.15,-0.09,-0.25,0.58,0.77
64.24,R_IndexTip,21.41,84.81,124.24,0.32,-0.12,-0.09,0.94
64.24,R_MiddleTip,23.25,83.70,125.36,0.38,-0.13,-0.17,0.90
64.24,R_RingTip,25.19,83.55,125.07,0.39,-0.17,-0.22,0.88
64.24,R_LittleTip,27.52,83.04,123.43,0.36,-0.15,-0.32,0.86
64.24,R_ThumbDistal,19.99,85.12,116.07,-0.09,-0.25,0.58,0.77
64.24,R_IndexIntermediate,22.77,87.07,120.44,0.24,-0.14,-0.09,0.95
64.24,R_MiddleIntermediate,24.96,86.71,121.47,0.31,-0.13,-0.13,0.93
64.24,R_RingIntermediate,27.15,86.18,121.25,0.28,-0.12,-0.22,0.93
64.24,R_LittleIntermediate,29.19,85.04,120.17,0.29,-0.08,-0.32,0.90
64.24,R_IndexProximal,23.82,87.60,116.87,0.08,-0.13,-0.09,0.98
64.24,R_MiddleProximal,25.97,87.47,117.41,0.11,-0.11,-0.14,0.98
64.24,R_ThumbProximal,21.76,85.15,113.23,-0.14,-0.24,0.50,0.82
64.24,R_RingProximal,27.74,86.42,117.44,0.05,-0.07,-0.20,0.98
64.24,L_LittleProximal,-5.79,57.24,95.16,-0.74,-0.25,-0.17,-0.60
64.25,Main Camera,-1.33,118.52,84.81,0.02,0.02,-0.01,-1.00
64.25,R_Palm,27.18,85.80,113.89,-0.13,-0.13,-0.15,0.97
64.25,R_ThumbTip,19.50,84.29,117.61,-0.08,-0.24,0.58,0.78
64.25,R_IndexTip,22.31,84.14,123.57,0.33,-0.11,-0.10,0.93
64.25,R_MiddleTip,24.19,83.09,124.68,0.38,-0.11,-0.18,0.90
64.25,R_RingTip,26.11,82.89,124.32,0.39,-0.16,-0.22,0.88
64.25,R_LittleTip,28.42,82.45,122.65,0.35,-0.14,-0.33,0.87
64.25,R_ThumbDistal,20.70,84.57,115.50,-0.08,-0.24,0.58,0.78
64.25,R_IndexIntermediate,23.58,86.46,119.78,0.25,-0.13,-0.10,0.95
64.25,R_MiddleIntermediate,25.80,86.10,120.76,0.31,-0.12,-0.14,0.93
64.25,R_RingIntermediate,27.97,85.53,120.47,0.28,-0.10,-0.22,0.93
64.25,R_LittleIntermediate,29.99,84.43,119.33,0.28,-0.06,-0.32,0.90
64.25,R_IndexProximal,24.55,87.04,116.19,0.09,-0.12,-0.09,0.98
64.25,R_MiddleProximal,26.71,86.90,116.67,0.11,-0.09,-0.15,0.98
64.25,R_ThumbProximal,22.38,84.62,112.60,-0.13,-0.23,0.50,0.83
64.25,R_RingProximal,28.48,85.84,116.65,0.05,-0.06,-0.20,0.98
64.25,L_LittleProximal,-5.80,57.24,95.17,-0.74,-0.25,-0.17,-0.60
64.27,Main Camera,-1.31,118.53,84.84,0.02,0.02,-0.01,-1.00
64.27,R_Palm,27.94,85.22,113.14,-0.13,-0.11,-0.15,0.97
64.27,R_ThumbTip,20.38,83.69,117.07,-0.07,-0.23,0.58,0.78
64.27,R_IndexTip,23.31,83.44,122.91,0.33,-0.10,-0.10,0.93
64.27,R_MiddleTip,25.24,82.48,124.04,0.37,-0.10,-0.18,0.91
64.27,R_RingTip,27.14,82.27,123.63,0.38,-0.14,-0.23,0.88
64.27,R_LittleTip,29.42,81.87,121.89,0.34,-0.12,-0.33,0.87
64.27,R_ThumbDistal,21.51,83.99,114.92,-0.07,-0.23,0.58,0.78
64.27,R_IndexIntermediate,24.49,85.82,119.13,0.26,-0.12,-0.10,0.95
64.27,R_MiddleIntermediate,26.73,85.47,120.04,0.31,-0.10,-0.14,0.94
64.27,R_RingIntermediate,28.88,84.89,119.70,0.27,-0.09,-0.23,0.93
64.27,R_LittleIntermediate,30.88,83.82,118.50,0.27,-0.05,-0.33,0.90
64.27,R_IndexProximal,25.37,86.45,115.53,0.10,-0.11,-0.09,0.98
64.27,R_MiddleProximal,27.54,86.31,115.95,0.11,-0.08,-0.15,0.98
64.27,R_ThumbProximal,23.11,84.05,111.98,-0.12,-0.22,0.50,0.83
64.27,R_RingProximal,29.31,85.25,115.87,0.06,-0.04,-0.20,0.98
64.27,L_LittleProximal,-5.82,57.25,95.18,-0.74,-0.26,-0.17,-0.60
64.28,Main Camera,-1.29,118.54,84.85,0.02,0.02,-0.01,-1.00
64.28,R_Palm,29.00,84.58,112.57,-0.12,-0.09,-0.14,0.98
64.28,R_ThumbTip,21.62,82.87,116.75,-0.05,-0.22,0.58,0.78
64.28,R_IndexTip,24.75,82.48,122.43,0.34,-0.08,-0.10,0.93
64.28,R_MiddleTip,26.74,81.60,123.52,0.37,-0.08,-0.19,0.91
64.28,R_RingTip,28.63,81.39,123.02,0.38,-0.12,-0.24,0.88
64.28,R_LittleTip,30.84,81.07,121.20,0.34,-0.10,-0.33,0.87
64.28,R_ThumbDistal,22.67,83.23,114.57,-0.05,-0.22,0.58,0.78
64.28,R_IndexIntermediate,25.77,84.98,118.68,0.27,-0.10,-0.10,0.95
64.28,R_MiddleIntermediate,28.05,84.64,119.51,0.31,-0.08,-0.14,0.94
64.28,R_RingIntermediate,30.18,84.09,119.07,0.28,-0.07,-0.23,0.93
64.28,R_LittleIntermediate,32.14,83.09,117.78,0.27,-0.03,-0.33,0.90
64.28,R_IndexProximal,26.51,85.73,115.07,0.11,-0.09,-0.09,0.99
64.28,R_MiddleProximal,28.70,85.60,115.41,0.12,-0.06,-0.15,0.98
64.28,R_ThumbProximal,24.15,83.38,111.57,-0.10,-0.21,0.50,0.84
64.28,R_RingProximal,30.47,84.55,115.24,0.07,-0.02,-0.20,0.98
64.28,L_LittleProximal,-5.81,57.21,95.20,-0.74,-0.26,-0.17,-0.60
64.29,Main Camera,-1.28,118.53,84.86,0.02,0.02,-0.02,-1.00
64.29,R_Palm,29.97,83.70,112.44,-0.11,-0.08,-0.14,0.98
64.29,R_ThumbTip,22.66,81.80,116.71,-0.04,-0.23,0.58,0.78
64.29,R_IndexTip,25.92,81.36,122.35,0.35,-0.07,-0.10,0.93
64.29,R_MiddleTip,27.97,80.51,123.41,0.37,-0.06,-0.18,0.91
64.29,R_RingTip,29.84,80.33,122.85,0.39,-0.11,-0.23,0.89
64.29,R_LittleTip,32.01,80.08,120.97,0.35,-0.09,-0.33,0.87
64.29,R_ThumbDistal,23.71,82.20,114.54,-0.04,-0.23,0.58,0.78
64.29,R_IndexIntermediate,26.83,83.92,118.62,0.28,-0.09,-0.10,0.95
64.29,R_MiddleIntermediate,29.14,83.61,119.39,0.31,-0.07,-0.14,0.94
64.29,R_RingIntermediate,31.28,83.11,118.91,0.28,-0.06,-0.22,0.93
64.29,R_LittleIntermediate,33.22,82.17,117.57,0.28,-0.02,-0.32,0.91
64.29,R_IndexProximal,27.51,84.76,115.01,0.12,-0.08,-0.09,0.99
64.29,R_MiddleProximal,29.70,84.66,115.31,0.13,-0.05,-0.14,0.98
64.29,R_ThumbProximal,25.12,82.43,111.51,-0.08,-0.20,0.51,0.83
64.29,R_RingProximal,31.49,83.65,115.08,0.07,-0.01,-0.19,0.98
64.29,L_LittleProximal,-5.84,57.13,95.23,-0.74,-0.26,-0.17,-0.60
64.31,Main Camera,-1.27,118.53,84.88,0.02,0.02,-0.02,-1.00
64.31,R_Palm,30.86,82.83,112.32,-0.10,-0.08,-0.12,0.98
64.31,R_ThumbTip,23.62,80.67,116.61,-0.04,-0.23,0.59,0.77
64.31,R_IndexTip,26.95,80.29,122.28,0.34,-0.06,-0.08,0.93
64.31,R_MiddleTip,29.09,79.45,123.29,0.37,-0.05,-0.17,0.91
64.31,R_RingTip,30.95,79.32,122.68,0.39,-0.10,-0.22,0.89
64.31,R_LittleTip,33.11,79.18,120.78,0.35,-0.08,-0.32,0.88
64.31,R_ThumbDistal,24.68,81.11,114.46,-0.04,-0.23,0.59,0.77
64.31,R_IndexIntermediate,27.76,82.87,118.52,0.28,-0.08,-0.08,0.95
64.31,R_MiddleIntermediate,30.10,82.62,119.28,0.32,-0.06,-0.13,0.94
64.31,R_RingIntermediate,32.25,82.20,118.76,0.29,-0.05,-0.21,0.93
64.31,R_LittleIntermediate,34.21,81.35,117.39,0.28,0.00,-0.31,0.91
64.31,R_IndexProximal,28.39,83.77,114.93,0.13,-0.08,-0.07,0.99
64.31,R_MiddleProximal,30.59,83.74,115.20,0.14,-0.04,-0.12,0.98
64.31,R_ThumbProximal,26.05,81.43,111.42,-0.07,-0.20,0.52,0.83
64.31,R_RingProximal,32.41,82.80,114.95,0.08,-0.01,-0.18,0.98
64.31,L_LittleProximal,-5.81,57.05,95.30,-0.74,-0.26,-0.17,-0.60
64.32,Main Camera,-1.26,118.52,84.91,0.02,0.02,-0.02,-1.00
64.32,R_Palm,32.03,81.81,112.01,-0.09,-0.08,-0.10,0.99
64.32,R_ThumbTip,24.87,79.47,116.35,-0.04,-0.24,0.60,0.76
64.32,R_IndexTip,28.23,79.07,121.99,0.35,-0.05,-0.07,0.93
64.32,R_MiddleTip,30.46,78.26,122.96,0.38,-0.04,-0.16,0.91
64.32,R_RingTip,32.30,78.20,122.34,0.40,-0.09,-0.21,0.89
64.32,R_LittleTip,34.48,78.17,120.43,0.35,-0.07,-0.31,0.88
64.32,R_ThumbDistal,25.93,79.94,114.20,-0.04,-0.24,0.60,0.76
64.32,R_IndexIntermediate,28.95,81.68,118.24,0.28,-0.08,-0.07,0.95
64.32,R_MiddleIntermediate,31.34,81.49,118.98,0.32,-0.05,-0.11,0.94
64.32,R_RingIntermediate,33.48,81.15,118.44,0.29,-0.04,-0.20,0.93
64.32,R_LittleIntermediate,35.48,80.40,117.04,0.28,0.01,-0.29,0.91
64.32,R_IndexProximal,29.56,82.64,114.66,0.13,-0.07,-0.05,0.99
64.32,R_MiddleProximal,31.76,82.68,114.91,0.15,-0.03,-0.11,0.98
64.32,R_ThumbProximal,27.26,80.31,111.15,-0.06,-0.20,0.53,0.82
64.32,R_RingProximal,33.60,81.79,114.63,0.08,0.00,-0.16,0.98
64.32,L_LittleProximal,-5.82,57.00,95.29,-0.74,-0.26,-0.17,-0.60
64.33,Main Camera,-1.25,118.52,84.95,0.02,0.03,-0.02,-1.00
64.33,R_Palm,33.13,80.88,111.64,-0.09,-0.07,-0.09,0.99
64.33,R_ThumbTip,26.07,78.36,116.02,-0.03,-0.24,0.61,0.76
64.33,R_IndexTip,29.46,77.95,121.64,0.35,-0.04,-0.06,0.94
64.33,R_MiddleTip,31.76,77.16,122.56,0.38,-0.03,-0.15,0.91
64.33,R_RingTip,33.59,77.16,121.92,0.40,-0.08,-0.20,0.89
64.33,R_LittleTip,35.80,77.27,120.01,0.35,-0.05,-0.30,0.89
64.33,R_ThumbDistal,27.12,78.86,113.88,-0.03,-0.24,0.61,0.76
64.33,R_IndexIntermediate,30.09,80.59,117.89,0.28,-0.07,-0.05,0.95
64.33,R_MiddleIntermediate,32.52,80.45,118.60,0.33,-0.04,-0.10,0.94
64.33,R_RingIntermediate,34.66,80.18,118.04,0.30,-0.03,-0.18,0.94
64.33,R_LittleIntermediate,36.68,79.53,116.61,0.28,0.02,-0.28,0.92
64.33,R_IndexProximal,30.66,81.61,114.32,0.14,-0.07,-0.04,0.99
64.33,R_MiddleProximal,32.87,81.70,114.55,0.15,-0.03,-0.10,0.98
64.33,R_ThumbProximal,28.40,79.28,110.81,-0.05,-0.20,0.54,0.82
64.33,R_RingProximal,34.73,80.87,114.23,0.09,0.00,-0.15,0.98
64.33,L_LittleProximal,-5.83,56.95,95.29,-0.74,-0.26,-0.17,-0.60
64.35,Main Camera,-1.25,118.52,84.98,0.02,0.03,-0.02,-1.00
64.35,R_Palm,34.23,80.38,110.87,-0.08,-0.07,-0.07,0.99
64.35,R_ThumbTip,27.30,77.57,115.24,-0.02,-0.24,0.62,0.75
64.35,R_IndexTip,30.67,77.13,120.82,0.35,-0.04,-0.04,0.93
64.35,R_MiddleTip,33.04,76.42,121.73,0.39,-0.02,-0.13,0.91
64.35,R_RingTip,34.86,76.52,121.08,0.41,-0.06,-0.18,0.89
64.35,R_LittleTip,37.09,76.79,119.18,0.36,-0.04,-0.28,0.89
64.35,R_ThumbDistal,28.32,78.13,113.09,-0.02,-0.24,0.62,0.75
64.35,R_IndexIntermediate,31.20,79.85,117.12,0.29,-0.06,-0.03,0.95
64.35,R_MiddleIntermediate,33.65,79.81,117.82,0.34,-0.03,-0.08,0.94
64.35,R_RingIntermediate,35.80,79.64,117.25,0.31,-0.02,-0.16,0.94
64.35,R_LittleIntermediate,37.86,79.12,115.80,0.28,0.03,-0.26,0.92
64.35,R_IndexProximal,31.74,80.96,113.57,0.15,-0.07,-0.02,0.99
64.35,R_MiddleProximal,33.94,81.14,113.79,0.16,-0.02,-0.08,0.98
64.35,R_ThumbProximal,29.57,78.63,110.02,-0.04,-0.20,0.55,0.81
64.35,R_RingProximal,35.84,80.39,113.46,0.10,0.01,-0.13,0.99
64.35,L_LittleProximal,-5.81,56.96,95.29,-0.74,-0.26,-0.17,-0.60
64.36,Main Camera,-1.23,118.51,84.99,0.02,0.03,-0.02,-1.00
64.36,R_Palm,34.79,79.91,110.15,-0.07,-0.07,-0.06,0.99
64.36,R_ThumbTip,27.91,77.05,114.53,-0.02,-0.24,0.62,0.75
64.36,R_IndexTip,31.29,76.56,120.11,0.35,-0.04,-0.03,0.93
64.36,R_MiddleTip,33.68,75.90,121.01,0.39,-0.02,-0.12,0.91
64.36,R_RingTip,35.51,76.05,120.36,0.41,-0.06,-0.17,0.89
64.36,R_LittleTip,37.75,76.38,118.45,0.36,-0.04,-0.27,0.89
64.36,R_ThumbDistal,28.92,77.61,112.38,-0.02,-0.24,0.62,0.75
64.36,R_IndexIntermediate,31.78,79.29,116.41,0.29,-0.06,-0.02,0.95
64.36,R_MiddleIntermediate,34.22,79.30,117.11,0.34,-0.03,-0.07,0.94
64.36,R_RingIntermediate,36.38,79.19,116.53,0.31,-0.02,-0.15,0.94
64.36,R_LittleIntermediate,38.46,78.73,115.07,0.28,0.03,-0.25,0.92
64.36,R_IndexProximal,32.31,80.42,112.86,0.15,-0.07,-0.01,0.99
64.36,R_MiddleProximal,34.50,80.64,113.08,0.16,-0.02,-0.06,0.98
64.36,R_ThumbProximal,30.15,78.11,109.30,-0.04,-0.20,0.55,0.81
64.36,R_RingProximal,36.41,79.95,112.74,0.10,0.01,-0.12,0.99
64.36,L_LittleProximal,-5.79,56.94,95.30,-0.74,-0.26,-0.17,-0.60
64.38,Main Camera,-1.22,118.50,85.01,0.02,0.03,-0.02,-1.00
64.38,R_Palm,35.11,79.44,108.97,-0.08,-0.07,-0.05,0.99
64.38,R_ThumbTip,28.21,76.69,113.38,-0.03,-0.23,0.62,0.75
64.38,R_IndexTip,31.74,76.09,118.98,0.35,-0.03,-0.02,0.94
64.38,R_MiddleTip,34.13,75.50,119.89,0.38,-0.01,-0.11,0.92
64.38,R_RingTip,35.95,75.65,119.20,0.41,-0.06,-0.16,0.90
64.38,R_LittleTip,38.17,76.00,117.26,0.35,-0.04,-0.26,0.90
64.38,R_ThumbDistal,29.22,77.21,111.23,-0.03,-0.23,0.62,0.75
64.38,R_IndexIntermediate,32.16,78.80,115.26,0.29,-0.06,-0.02,0.95
64.38,R_MiddleIntermediate,34.60,78.85,115.94,0.33,-0.03,-0.07,0.94
64.38,R_RingIntermediate,36.75,78.78,115.34,0.30,-0.01,-0.15,0.94
64.38,R_LittleIntermediate,38.83,78.34,113.87,0.28,0.03,-0.25,0.93
64.38,R_IndexProximal,32.65,79.92,111.71,0.15,-0.07,0.00,0.99
64.38,R_MiddleProximal,34.84,80.18,111.90,0.16,-0.02,-0.06,0.99
64.38,R_ThumbProximal,30.45,77.67,108.14,-0.05,-0.19,0.55,0.81
64.38,R_RingProximal,36.76,79.51,111.55,0.09,0.01,-0.11,0.99
64.38,L_LittleProximal,-5.76,56.88,95.31,-0.74,-0.26,-0.17,-0.60
64.39,Main Camera,-1.20,118.49,85.04,0.02,0.03,-0.02,-1.00
64.39,R_Palm,35.31,79.22,108.02,-0.08,-0.06,-0.05,0.99
64.39,R_ThumbTip,28.33,76.70,112.46,-0.03,-0.23,0.61,0.76
64.39,R_IndexTip,32.05,75.94,118.11,0.35,-0.03,-0.02,0.94
64.39,R_MiddleTip,34.45,75.38,119.02,0.37,-0.01,-0.11,0.92
64.39,R_RingTip,36.26,75.49,118.27,0.40,-0.05,-0.16,0.90
64.39,R_LittleTip,38.46,75.83,116.30,0.35,-0.03,-0.26,0.90
64.39,R_ThumbDistal,29.36,77.18,110.30,-0.03,-0.23,0.61,0.76
64.39,R_IndexIntermediate,32.44,78.62,114.37,0.29,-0.05,-0.02,0.96
64.39,R_MiddleIntermediate,34.88,78.66,115.01,0.33,-0.02,-0.07,0.94
64.39,R_RingIntermediate,37.03,78.59,114.38,0.30,-0.01,-0.15,0.94
64.39,R_LittleIntermediate,39.09,78.14,112.88,0.28,0.04,-0.25,0.93
64.39,R_IndexProximal,32.90,79.71,110.79,0.15,-0.06,0.00,0.99
64.39,R_MiddleProximal,35.09,79.97,110.96,0.16,-0.02,-0.06,0.99
64.39,R_ThumbProximal,30.59,77.57,107.21,-0.05,-0.19,0.54,0.82
64.39,R_RingProximal,37.00,79.30,110.58,0.09,0.01,-0.11,0.99
64.39,L_LittleProximal,-5.74,56.94,95.35,-0.74,-0.26,-0.17,-0.60
64.40,Main Camera,-1.20,118.48,85.05,0.02,0.03,-0.02,-1.00
64.40,R_Palm,35.10,79.42,107.08,-0.08,-0.05,-0.05,0.99
64.40,R_ThumbTip,27.96,77.20,111.50,-0.04,-0.23,0.60,0.77
64.40,R_IndexTip,31.91,76.27,117.28,0.34,-0.02,-0.03,0.94
64.40,R_MiddleTip,34.32,75.67,118.18,0.36,-0.01,-0.12,0.93
64.40,R_RingTip,36.12,75.77,117.39,0.39,-0.05,-0.17,0.90
64.40,R_LittleTip,38.29,76.05,115.36,0.35,-0.03,-0.27,0.90
64.40,R_ThumbDistal,29.02,77.62,109.34,-0.04,-0.23,0.60,0.77
64.40,R_IndexIntermediate,32.29,78.89,113.48,0.28,-0.05,-0.02,0.96
64.40,R_MiddleIntermediate,34.73,78.87,114.08,0.32,-0.02,-0.07,0.95
64.40,R_RingIntermediate,36.88,78.80,113.44,0.29,-0.01,-0.15,0.94
64.40,R_LittleIntermediate,38.92,78.33,111.92,0.27,0.04,-0.25,0.93
64.40,R_IndexProximal,32.72,79.92,109.89,0.14,-0.06,-0.01,0.99
64.40,R_MiddleProximal,34.92,80.16,110.03,0.16,-0.01,-0.06,0.99
64.40,R_ThumbProximal,30.29,77.94,106.25,-0.06,-0.19,0.53,0.83
64.40,R_RingProximal,36.82,79.47,109.64,0.09,0.02,-0.11,0.99
64.40,L_LittleProximal,-5.73,56.97,95.36,-0.74,-0.26,-0.17,-0.60
64.42,Main Camera,-1.17,118.47,85.07,0.02,0.03,-0.02,-1.00
64.42,R_Palm,35.15,79.43,106.21,-0.08,-0.05,-0.06,0.99
64.42,R_ThumbTip,27.93,77.47,110.65,-0.05,-0.23,0.58,0.78
64.42,R_IndexTip,32.07,76.41,116.50,0.33,-0.02,-0.04,0.94
64.42,R_MiddleTip,34.49,75.77,117.38,0.35,0.00,-0.12,0.93
64.42,R_RingTip,36.29,75.87,116.57,0.38,-0.05,-0.17,0.91
64.42,R_LittleTip,38.42,76.10,114.47,0.34,-0.03,-0.27,0.90
64.42,R_ThumbDistal,29.00,77.84,108.49,-0.05,-0.23,0.58,0.78
64.42,R_IndexIntermediate,32.42,78.97,112.66,0.27,-0.05,-0.03,0.96
64.42,R_MiddleIntermediate,34.87,78.89,113.22,0.31,-0.01,-0.08,0.95
64.42,R_RingIntermediate,37.01,78.82,112.56,0.28,0.00,-0.16,0.95
64.42,R_LittleIntermediate,39.02,78.34,111.00,0.27,0.04,-0.26,0.93
64.42,R_IndexProximal,32.82,79.95,109.06,0.13,-0.05,-0.01,0.99
64.42,R_MiddleProximal,35.03,80.17,109.17,0.15,-0.01,-0.07,0.99
64.42,R_ThumbProximal,30.27,78.10,105.40,-0.07,-0.19,0.51,0.84
64.42,R_RingProximal,36.92,79.46,108.74,0.08,0.02,-0.12,0.99
64.42,L_LittleProximal,-5.73,57.01,95.36,-0.73,-0.26,-0.17,-0.60
64.43,Main Camera,-1.14,118.45,85.06,0.02,0.03,-0.02,-1.00
64.43,R_Palm,34.87,79.83,105.38,-0.08,-0.03,-0.07,0.99
64.43,R_ThumbTip,27.63,78.13,109.93,-0.05,-0.22,0.57,0.79
64.43,R_IndexTip,31.98,76.92,115.80,0.32,-0.01,-0.05,0.95
64.43,R_MiddleTip,34.42,76.19,116.62,0.34,0.00,-0.14,0.93
64.43,R_RingTip,36.22,76.26,115.76,0.37,-0.04,-0.19,0.91
64.43,R_LittleTip,38.26,76.39,113.55,0.33,-0.02,-0.29,0.90
64.43,R_ThumbDistal,28.68,78.47,107.75,-0.05,-0.22,0.57,0.79
64.43,R_IndexIntermediate,32.30,79.41,111.91,0.27,-0.04,-0.05,0.96
64.43,R_MiddleIntermediate,34.75,79.24,112.40,0.30,-0.01,-0.09,0.95
64.43,R_RingIntermediate,36.88,79.15,111.68,0.28,0.01,-0.17,0.95
64.43,R_LittleIntermediate,38.83,78.61,110.06,0.26,0.05,-0.27,0.92
64.43,R_IndexProximal,32.64,80.38,108.29,0.13,-0.04,-0.03,0.99
64.43,R_MiddleProximal,34.84,80.54,108.35,0.16,0.00,-0.08,0.98
64.43,R_ThumbProximal,29.91,78.70,104.64,-0.06,-0.18,0.50,0.85
64.43,R_RingProximal,36.70,79.79,107.87,0.08,0.03,-0.13,0.99
64.43,L_LittleProximal,-5.73,57.01,95.36,-0.73,-0.26,-0.17,-0.60
64.45,Main Camera,-1.13,118.43,85.07,0.02,0.03,-0.02,-1.00
64.45,R_Palm,34.97,79.95,105.22,-0.07,-0.02,-0.08,0.99
64.45,R_ThumbTip,27.80,78.30,109.91,-0.03,-0.22,0.56,0.80
64.45,R_IndexTip,32.30,76.97,115.71,0.32,0.00,-0.07,0.95
64.45,R_MiddleTip,34.76,76.20,116.47,0.33,0.02,-0.15,0.93
64.45,R_RingTip,36.57,76.27,115.57,0.37,-0.03,-0.20,0.91
64.45,R_LittleTip,38.48,76.33,113.25,0.34,-0.01,-0.30,0.89
64.45,R_ThumbDistal,28.81,78.66,107.72,-0.03,-0.22,0.56,0.80
64.45,R_IndexIntermediate,32.56,79.44,111.81,0.26,-0.03,-0.06,0.96
64.45,R_MiddleIntermediate,35.02,79.22,112.23,0.30,0.01,-0.11,0.95
64.45,R_RingIntermediate,37.13,79.13,111.46,0.27,0.02,-0.18,0.94
64.45,R_LittleIntermediate,39.01,78.59,109.78,0.27,0.06,-0.28,0.92
64.45,R_IndexProximal,32.82,80.47,108.20,0.14,-0.03,-0.04,0.99
64.45,R_MiddleProximal,35.03,80.59,108.21,0.16,0.01,-0.09,0.98
64.45,R_ThumbProximal,29.97,78.92,104.59,-0.05,-0.17,0.49,0.85
64.45,R_RingProximal,36.86,79.82,107.66,0.08,0.05,-0.14,0.99
64.45,L_LittleProximal,-5.71,57.02,95.37,-0.73,-0.26,-0.17,-0.60
64.46,Main Camera,-1.11,118.42,85.09,0.02,0.03,-0.02,-1.00
64.46,R_Palm,35.12,79.78,105.12,-0.06,-0.02,-0.08,0.99
64.46,R_ThumbTip,27.93,78.10,109.80,-0.03,-0.23,0.55,0.80
64.46,R_IndexTip,32.49,76.66,115.60,0.32,0.00,-0.07,0.95
64.46,R_MiddleTip,34.96,75.88,116.35,0.33,0.02,-0.15,0.93
64.46,R_RingTip,36.77,75.98,115.45,0.36,-0.02,-0.20,0.91
64.46,R_LittleTip,38.63,76.07,113.11,0.34,-0.01,-0.30,0.89
64.46,R_ThumbDistal,28.97,78.48,107.63,-0.03,-0.23,0.55,0.80
64.46,R_IndexIntermediate,32.73,79.16,111.72,0.27,-0.02,-0.06,0.96
64.46,R_MiddleIntermediate,35.19,78.92,112.13,0.30,0.01,-0.11,0.95
64.46,R_RingIntermediate,37.30,78.84,111.34,0.27,0.02,-0.19,0.94
64.46,R_LittleIntermediate,39.15,78.34,109.65,0.27,0.06,-0.28,0.92
64.46,R_IndexProximal,32.98,80.26,108.13,0.15,-0.03,-0.04,0.99
64.46,R_MiddleProximal,35.19,80.37,108.12,0.17,0.02,-0.09,0.98
64.46,R_ThumbProximal,30.12,78.80,104.49,-0.04,-0.18,0.48,0.86
64.46,R_RingProximal,37.02,79.60,107.56,0.09,0.05,-0.14,0.98
64.46,L_LittleProximal,-5.71,57.02,95.37,-0.73,-0.26,-0.17,-0.60
64.47,Main Camera,-1.10,118.41,85.10,0.02,0.03,-0.02,-1.00
64.47,R_Palm,35.23,79.59,105.10,-0.05,-0.02,-0.08,1.00
64.47,R_ThumbTip,27.98,77.91,109.71,-0.04,-0.24,0.55,0.80
64.47,R_IndexTip,32.59,76.39,115.55,0.32,0.00,-0.07,0.95
64.47,R_MiddleTip,35.06,75.66,116.33,0.33,0.02,-0.15,0.93
64.47,R_RingTip,36.89,75.80,115.46,0.36,-0.02,-0.20,0.91
64.47,R_LittleTip,38.73,75.91,113.11,0.33,-0.01,-0.29,0.90
64.47,R_ThumbDistal,29.08,78.27,107.56,-0.04,-0.24,0.55,0.80
64.47,R_IndexIntermediate,32.82,78.90,111.67,0.27,-0.02,-0.06,0.96
64.47,R_MiddleIntermediate,35.28,78.67,112.09,0.30,0.01,-0.10,0.95
64.47,R_RingIntermediate,37.39,78.62,111.32,0.27,0.02,-0.18,0.95
64.47,R_LittleIntermediate,39.24,78.15,109.63,0.26,0.06,-0.27,0.92
64.47,R_IndexProximal,33.08,80.02,108.09,0.15,-0.03,-0.04,0.99
64.47,R_MiddleProximal,35.29,80.16,108.10,0.18,0.02,-0.09,0.98
64.47,R_ThumbProximal,30.25,78.60,104.44,-0.04,-0.18,0.48,0.86
64.47,R_RingProximal,37.13,79.40,107.54,0.10,0.05,-0.14,0.98
64.47,L_LittleProximal,-5.71,57.01,95.38,-0.73,-0.26,-0.17,-0.60
64.49,Main Camera,-1.07,118.40,85.09,0.02,0.03,-0.03,-1.00
64.49,R_Palm,35.69,79.05,104.95,-0.05,-0.02,-0.07,1.00
64.49,R_ThumbTip,28.44,77.36,109.57,-0.05,-0.24,0.55,0.80
64.49,R_IndexTip,33.09,75.71,115.38,0.32,0.00,-0.06,0.94
64.49,R_MiddleTip,35.57,75.05,116.18,0.32,0.02,-0.14,0.94
64.49,R_RingTip,37.42,75.26,115.34,0.35,-0.02,-0.19,0.92
64.49,R_LittleTip,39.22,75.41,112.99,0.33,-0.01,-0.28,0.90
64.49,R_ThumbDistal,29.57,77.71,107.43,-0.05,-0.24,0.55,0.80
64.49,R_IndexIntermediate,33.29,78.26,111.52,0.28,-0.02,-0.05,0.96
64.49,R_MiddleIntermediate,35.75,78.06,111.94,0.30,0.01,-0.10,0.95
64.49,R_RingIntermediate,37.86,78.05,111.16,0.27,0.03,-0.18,0.95
64.49,R_LittleIntermediate,39.69,77.62,109.47,0.26,0.06,-0.27,0.93
64.49,R_IndexProximal,33.53,79.43,107.95,0.16,-0.03,-0.03,0.99
64.49,R_MiddleProximal,35.74,79.58,107.96,0.18,0.02,-0.09,0.98
64.49,R_ThumbProximal,30.72,78.05,104.30,-0.04,-0.18,0.48,0.86
64.49,R_RingProximal,37.58,78.86,107.39,0.10,0.05,-0.13,0.98
64.49,L_LittleProximal,-5.71,57.03,95.39,-0.74,-0.26,-0.17,-0.60
64.50,Main Camera,-1.04,118.38,85.09,0.02,0.04,-0.03,-1.00
64.50,R_Palm,36.18,78.48,104.68,-0.04,-0.02,-0.07,1.00
64.50,R_ThumbTip,28.95,76.76,109.30,-0.05,-0.24,0.55,0.80
64.50,R_IndexTip,33.68,74.99,115.08,0.33,0.01,-0.06,0.94
64.50,R_MiddleTip,36.15,74.39,115.90,0.32,0.03,-0.14,0.94
64.50,R_RingTip,38.01,74.68,115.09,0.34,-0.01,-0.19,0.92
64.50,R_LittleTip,39.77,74.88,112.72,0.32,-0.01,-0.28,0.91
64.50,R_ThumbDistal,30.10,77.11,107.17,-0.05,-0.24,0.55,0.80
64.50,R_IndexIntermediate,33.83,77.58,111.24,0.28,-0.02,-0.05,0.96
64.50,R_MiddleIntermediate,36.27,77.41,111.66,0.31,0.01,-0.09,0.95
64.50,R_RingIntermediate,38.37,77.44,110.88,0.26,0.03,-0.17,0.95
64.50,R_LittleIntermediate,40.19,77.06,109.18,0.26,0.06,-0.26,0.93
64.50,R_IndexProximal,34.03,78.80,107.69,0.16,-0.02,-0.03,0.99
64.50,R_MiddleProximal,36.23,78.98,107.70,0.19,0.02,-0.08,0.98
64.50,R_ThumbProximal,31.24,77.46,104.04,-0.04,-0.18,0.49,0.86
64.50,R_RingProximal,38.08,78.28,107.12,0.10,0.05,-0.13,0.99
64.50,L_LittleProximal,-5.72,57.05,95.40,-0.74,-0.26,-0.17,-0.60
64.52,Main Camera,-1.02,118.37,85.10,0.02,0.04,-0.03,-1.00
64.52,R_Palm,36.29,78.14,104.66,-0.04,-0.02,-0.06,1.00
64.52,R_ThumbTip,29.09,76.45,109.29,-0.06,-0.24,0.55,0.80
64.52,R_IndexTip,33.83,74.58,115.04,0.33,0.01,-0.05,0.94
64.52,R_MiddleTip,36.31,74.05,115.90,0.31,0.03,-0.13,0.94
64.52,R_RingTip,38.20,74.41,115.11,0.33,-0.01,-0.18,0.93
64.52,R_LittleTip,39.94,74.61,112.72,0.31,0.00,-0.27,0.91
64.52,R_ThumbDistal,30.25,76.78,107.16,-0.06,-0.24,0.55,0.80
64.52,R_IndexIntermediate,33.95,77.18,111.22,0.28,-0.01,-0.05,0.96
64.52,R_MiddleIntermediate,36.39,77.02,111.62,0.30,0.02,-0.09,0.95
64.52,R_RingIntermediate,38.50,77.09,110.85,0.26,0.03,-0.17,0.95
64.52,R_LittleIntermediate,40.30,76.74,109.14,0.25,0.06,-0.25,0.93
64.52,R_IndexProximal,34.13,78.42,107.67,0.17,-0.02,-0.02,0.99
64.52,R_MiddleProximal,36.34,78.61,107.68,0.19,0.02,-0.08,0.98
64.52,R_ThumbProximal,31.37,77.12,104.02,-0.04,-0.17,0.48,0.86
64.52,R_RingProximal,38.20,77.93,107.09,0.10,0.05,-0.12,0.99
64.52,L_LittleProximal,-5.73,57.09,95.39,-0.74,-0.26,-0.16,-0.60
64.53,Main Camera,-1.00,118.36,85.11,0.02,0.04,-0.03,-1.00
64.53,R_Palm,36.26,77.85,104.49,-0.03,-0.01,-0.06,1.00
64.53,R_ThumbTip,29.12,76.26,109.17,-0.06,-0.24,0.54,0.80
64.53,R_IndexTip,33.85,74.26,114.89,0.32,0.01,-0.05,0.94
64.53,R_MiddleTip,36.34,73.75,115.76,0.31,0.03,-0.13,0.94
64.53,R_RingTip,38.23,74.14,114.97,0.32,0.00,-0.18,0.93
64.53,R_LittleTip,39.96,74.35,112.58,0.30,0.00,-0.27,0.92
64.53,R_ThumbDistal,30.27,76.57,107.04,-0.06,-0.24,0.54,0.80
64.53,R_IndexIntermediate,33.95,76.86,111.06,0.28,-0.01,-0.05,0.96
64.53,R_MiddleIntermediate,36.38,76.69,111.46,0.30,0.02,-0.09,0.95
64.53,R_RingIntermediate,38.48,76.76,110.67,0.25,0.04,-0.17,0.95
64.53,R_LittleIntermediate,40.28,76.43,108.96,0.24,0.06,-0.25,0.93
64.53,R_IndexProximal,34.12,78.10,107.52,0.17,-0.02,-0.02,0.99
64.53,R_MiddleProximal,36.32,78.30,107.52,0.19,0.02,-0.08,0.98
64.53,R_ThumbProximal,31.36,76.89,103.89,-0.04,-0.17,0.48,0.86
64.53,R_RingProximal,38.18,77.62,106.92,0.11,0.05,-0.12,0.99
64.53,L_LittleProximal,-5.74,57.10,95.35,-0.74,-0.26,-0.16,-0.60
64.54,Main Camera,-0.97,118.35,85.11,0.02,0.04,-0.03,-1.00
64.54,R_Palm,36.27,77.61,104.51,-0.03,-0.01,-0.06,1.00
64.54,R_ThumbTip,29.19,76.16,109.25,-0.06,-0.23,0.54,0.81
64.54,R_IndexTip,33.91,74.10,114.97,0.31,0.02,-0.06,0.95
64.54,R_MiddleTip,36.40,73.55,115.81,0.30,0.03,-0.13,0.94
64.54,R_RingTip,38.29,73.91,115.00,0.31,0.00,-0.18,0.93
64.54,R_LittleTip,40.04,74.14,112.60,0.29,0.01,-0.27,0.92
64.54,R_ThumbDistal,30.32,76.44,107.10,-0.06,-0.23,0.54,0.81
64.54,R_IndexIntermediate,33.99,76.63,111.09,0.28,-0.01,-0.05,0.96
64.54,R_MiddleIntermediate,36.42,76.43,111.47,0.30,0.02,-0.09,0.95
64.54,R_RingIntermediate,38.51,76.49,110.67,0.25,0.04,-0.17,0.95
64.54,R_LittleIntermediate,40.30,76.16,108.94,0.24,0.07,-0.25,0.93
64.54,R_IndexProximal,34.14,77.85,107.54,0.17,-0.02,-0.03,0.99
64.54,R_MiddleProximal,36.34,78.04,107.53,0.19,0.02,-0.08,0.98
64.54,R_ThumbProximal,31.38,76.72,103.94,-0.04,-0.16,0.47,0.86
64.54,R_RingProximal,38.19,77.37,106.92,0.11,0.06,-0.12,0.98
64.54,L_LittleProximal,-5.70,57.09,95.36,-0.74,-0.26,-0.16,-0.60
64.56,Main Camera,-0.93,118.33,85.09,0.02,0.04,-0.03,-1.00
64.56,R_Palm,36.23,77.33,104.65,-0.03,-0.01,-0.07,1.00
64.56,R_ThumbTip,29.21,76.02,109.46,-0.06,-0.23,0.53,0.81
64.56,R_IndexTip,33.95,73.89,115.19,0.30,0.02,-0.06,0.95
64.56,R_MiddleTip,36.45,73.30,116.00,0.29,0.04,-0.13,0.95
64.56,R_RingTip,38.34,73.65,115.17,0.30,0.01,-0.18,0.93
64.56,R_LittleTip,40.10,73.88,112.74,0.27,0.01,-0.27,0.92
64.56,R_ThumbDistal,30.34,76.26,107.31,-0.06,-0.23,0.53,0.81
64.56,R_IndexIntermediate,33.99,76.33,111.26,0.27,-0.01,-0.05,0.96
64.56,R_MiddleIntermediate,36.42,76.11,111.62,0.29,0.02,-0.09,0.95
64.56,R_RingIntermediate,38.51,76.17,110.80,0.24,0.04,-0.17,0.95
64.56,R_LittleIntermediate,40.29,75.85,109.06,0.23,0.07,-0.25,0.94
64.56,R_IndexProximal,34.12,77.55,107.70,0.16,-0.01,-0.03,0.99
64.56,R_MiddleProximal,36.32,77.74,107.68,0.19,0.03,-0.08,0.98
64.56,R_ThumbProximal,31.36,76.51,104.12,-0.04,-0.15,0.47,0.87
64.56,R_RingProximal,38.17,77.06,107.05,0.11,0.06,-0.12,0.98
64.56,L_LittleProximal,-5.72,57.04,95.34,-0.74,-0.26,-0.16,-0.60
64.57,Main Camera,-0.89,118.32,85.08,0.02,0.04,-0.03,-1.00
64.57,R_Palm,36.15,77.12,104.85,-0.03,-0.01,-0.07,1.00
64.57,R_ThumbTip,29.13,76.02,109.68,-0.08,-0.23,0.53,0.82
64.57,R_IndexTip,33.90,73.84,115.49,0.28,0.02,-0.06,0.96
64.57,R_MiddleTip,36.42,73.25,116.30,0.27,0.04,-0.13,0.95
64.57,R_RingTip,38.33,73.59,115.44,0.29,0.01,-0.18,0.94
64.57,R_LittleTip,40.11,73.79,112.99,0.26,0.02,-0.27,0.93
64.57,R_ThumbDistal,30.29,76.18,107.54,-0.08,-0.23,0.53,0.82
64.57,R_IndexIntermediate,33.93,76.14,111.47,0.25,0.00,-0.05,0.97
64.57,R_MiddleIntermediate,36.36,75.93,111.83,0.28,0.03,-0.09,0.96
64.57,R_RingIntermediate,38.45,75.99,111.00,0.23,0.04,-0.17,0.96
64.57,R_LittleIntermediate,40.22,75.65,109.24,0.22,0.08,-0.25,0.94
64.57,R_IndexProximal,34.04,77.33,107.91,0.16,-0.01,-0.03,0.99
64.57,R_MiddleProximal,36.25,77.52,107.88,0.19,0.03,-0.08,0.98
64.57,R_ThumbProximal,31.30,76.37,104.35,-0.05,-0.15,0.46,0.87
64.57,R_RingProximal,38.09,76.84,107.25,0.10,0.06,-0.13,0.98
64.57,L_LittleProximal,-5.73,57.00,95.34,-0.74,-0.26,-0.17,-0.60
64.58,Main Camera,-0.85,118.32,85.07,0.02,0.04,-0.03,-1.00
64.58,R_Palm,36.11,76.90,104.98,-0.02,-0.01,-0.07,1.00
64.58,R_ThumbTip,29.09,75.98,109.83,-0.09,-0.23,0.52,0.82
64.58,R_IndexTip,33.90,73.76,115.69,0.26,0.02,-0.06,0.96
64.58,R_MiddleTip,36.43,73.17,116.51,0.25,0.04,-0.13,0.96
64.58,R_RingTip,38.35,73.50,115.64,0.27,0.01,-0.18,0.94
64.58,R_LittleTip,40.15,73.67,113.15,0.24,0.02,-0.27,0.93
64.58,R_ThumbDistal,30.28,76.08,107.70,-0.09,-0.23,0.52,0.82
64.58,R_IndexIntermediate,33.90,75.94,111.62,0.24,0.00,-0.05,0.97
64.58,R_MiddleIntermediate,36.34,75.72,111.97,0.27,0.03,-0.09,0.96
64.58,R_RingIntermediate,38.42,75.78,111.13,0.22,0.05,-0.17,0.96
64.58,R_LittleIntermediate,40.20,75.45,109.36,0.21,0.08,-0.25,0.94
64.58,R_IndexProximal,34.01,77.11,108.04,0.16,-0.01,-0.03,0.99
64.58,R_MiddleProximal,36.22,77.29,108.01,0.18,0.03,-0.08,0.98
64.58,R_ThumbProximal,31.28,76.22,104.50,-0.05,-0.14,0.46,0.88
64.58,R_RingProximal,38.06,76.61,107.37,0.10,0.06,-0.13,0.99
64.58,L_LittleProximal,-5.73,56.97,95.34,-0.74,-0.26,-0.17,-0.60
64.60,Main Camera,-0.82,118.32,85.06,0.01,0.04,-0.03,-1.00
64.60,R_Palm,36.10,76.75,105.10,-0.02,0.00,-0.07,1.00
64.60,R_ThumbTip,29.07,76.02,109.94,-0.10,-0.22,0.51,0.82
64.60,R_IndexTip,33.91,73.81,115.91,0.24,0.03,-0.07,0.97
64.60,R_MiddleTip,36.46,73.23,116.73,0.23,0.04,-0.13,0.96
64.60,R_RingTip,38.39,73.60,115.85,0.25,0.01,-0.18,0.95
64.60,R_LittleTip,40.22,73.70,113.32,0.22,0.03,-0.26,0.94
64.60,R_ThumbDistal,30.29,76.06,107.83,-0.10,-0.22,0.51,0.82
64.60,R_IndexIntermediate,33.90,75.84,111.75,0.23,0.00,-0.06,0.97
64.60,R_MiddleIntermediate,36.33,75.63,112.11,0.25,0.03,-0.09,0.96
64.60,R_RingIntermediate,38.42,75.70,111.26,0.20,0.05,-0.17,0.96
64.60,R_LittleIntermediate,40.21,75.35,109.48,0.19,0.08,-0.25,0.94
64.60,R_IndexProximal,34.00,76.96,108.16,0.15,-0.01,-0.03,0.99
64.60,R_MiddleProximal,36.21,77.14,108.13,0.18,0.03,-0.08,0.98
64.60,R_ThumbProximal,31.29,76.13,104.63,-0.06,-0.14,0.45,0.88
64.60,R_RingProximal,38.05,76.46,107.49,0.09,0.06,-0.13,0.99
64.60,L_LittleProximal,-5.72,56.97,95.35,-0.74,-0.26,-0.17,-0.60
64.61,Main Camera,-0.79,118.31,85.06,0.01,0.04,-0.03,-1.00
64.61,R_Palm,36.05,76.69,105.16,-0.03,0.00,-0.07,1.00
64.61,R_ThumbTip,29.02,76.13,110.00,-0.12,-0.22,0.51,0.82
64.61,R_IndexTip,33.86,73.90,116.03,0.23,0.03,-0.07,0.97
64.61,R_MiddleTip,36.42,73.33,116.86,0.22,0.04,-0.13,0.97
64.61,R_RingTip,38.34,73.73,115.99,0.23,0.01,-0.18,0.96
64.61,R_LittleTip,40.21,73.79,113.42,0.21,0.03,-0.26,0.94
64.61,R_ThumbDistal,30.25,76.11,107.90,-0.12,-0.22,0.51,0.82
64.61,R_IndexIntermediate,33.84,75.81,111.82,0.22,0.00,-0.06,0.97
64.61,R_MiddleIntermediate,36.27,75.60,112.18,0.24,0.03,-0.09,0.97
64.61,R_RingIntermediate,38.35,75.68,111.33,0.19,0.05,-0.17,0.97
64.61,R_LittleIntermediate,40.16,75.34,109.54,0.18,0.08,-0.25,0.95
64.61,R_IndexProximal,33.95,76.90,108.22,0.15,-0.01,-0.03,0.99
64.61,R_MiddleProximal,36.16,77.08,108.19,0.18,0.03,-0.08,0.98
64.61,R_ThumbProximal,31.25,76.11,104.70,-0.07,-0.14,0.45,0.88
64.61,R_RingProximal,37.99,76.40,107.55,0.09,0.06,-0.13,0.99
64.61,L_LittleProximal,-5.71,56.97,95.35,-0.74,-0.26,-0.17,-0.60
64.63,Main Camera,-0.76,118.30,85.05,0.01,0.04,-0.03,-1.00
64.63,R_Palm,36.08,76.58,105.17,-0.03,0.00,-0.07,1.00
64.63,R_ThumbTip,29.05,76.14,110.02,-0.12,-0.22,0.51,0.82
64.63,R_IndexTip,33.91,73.93,116.09,0.21,0.03,-0.07,0.97
64.63,R_MiddleTip,36.45,73.37,116.93,0.20,0.04,-0.13,0.97
64.63,R_RingTip,38.37,73.78,116.05,0.22,0.01,-0.18,0.96
64.63,R_LittleTip,40.26,73.78,113.47,0.19,0.03,-0.26,0.94
64.63,R_ThumbDistal,30.29,76.08,107.92,-0.12,-0.22,0.51,0.82
64.63,R_IndexIntermediate,33.88,75.74,111.83,0.21,0.00,-0.06,0.98
64.63,R_MiddleIntermediate,36.30,75.52,112.20,0.23,0.03,-0.10,0.97
64.63,R_RingIntermediate,38.37,75.61,111.35,0.18,0.04,-0.17,0.97
64.63,R_LittleIntermediate,40.19,75.24,109.55,0.17,0.08,-0.25,0.95
64.63,R_IndexProximal,33.99,76.81,108.23,0.14,-0.01,-0.03,0.99
64.63,R_MiddleProximal,36.20,76.98,108.20,0.17,0.03,-0.08,0.98
64.63,R_ThumbProximal,31.29,76.04,104.72,-0.07,-0.13,0.44,0.88
64.63,R_RingProximal,38.03,76.28,107.55,0.08,0.05,-0.13,0.99
64.63,L_LittleProximal,-5.70,56.96,95.33,-0.74,-0.26,-0.17,-0.60
64.64,Main Camera,-0.72,118.30,85.04,0.01,0.04,-0.03,-1.00
64.64,R_Palm,36.10,76.53,105.26,-0.03,0.00,-0.07,1.00
64.64,R_ThumbTip,29.06,76.22,110.11,-0.13,-0.22,0.50,0.83
64.64,R_IndexTip,33.93,74.00,116.22,0.20,0.03,-0.07,0.98
64.64,R_MiddleTip,36.45,73.44,117.06,0.20,0.04,-0.14,0.97
64.64,R_RingTip,38.38,73.82,116.17,0.21,0.01,-0.18,0.96
64.64,R_LittleTip,40.27,73.79,113.58,0.19,0.03,-0.27,0.95
64.64,R_ThumbDistal,30.32,76.12,108.02,-0.13,-0.22,0.50,0.83
64.64,R_IndexIntermediate,33.91,75.75,111.93,0.20,0.00,-0.06,0.98
64.64,R_MiddleIntermediate,36.31,75.51,112.29,0.22,0.03,-0.10,0.97
64.64,R_RingIntermediate,38.38,75.58,111.44,0.17,0.04,-0.17,0.97
64.64,R_LittleIntermediate,40.20,75.19,109.64,0.16,0.08,-0.26,0.95
64.64,R_IndexProximal,34.02,76.79,108.32,0.14,-0.01,-0.04,0.99
64.64,R_MiddleProximal,36.23,76.94,108.28,0.17,0.03,-0.09,0.98
64.64,R_ThumbProximal,31.31,76.04,104.82,-0.08,-0.13,0.44,0.89
64.64,R_RingProximal,38.05,76.23,107.64,0.08,0.05,-0.13,0.99
64.64,L_LittleProximal,-5.69,56.99,95.34,-0.74,-0.26,-0.17,-0.60
64.65,Main Camera,-0.69,118.31,85.04,0.01,0.04,-0.03,-1.00
64.65,R_Palm,36.05,76.52,105.33,-0.03,0.00,-0.08,1.00
64.65,R_ThumbTip,28.99,76.34,110.17,-0.14,-0.22,0.50,0.83
64.65,R_IndexTip,33.85,74.11,116.32,0.20,0.03,-0.08,0.98
64.65,R_MiddleTip,36.34,73.52,117.16,0.19,0.04,-0.14,0.97
64.65,R_RingTip,38.28,73.88,116.27,0.20,0.01,-0.19,0.96
64.65,R_LittleTip,40.19,73.81,113.67,0.18,0.02,-0.27,0.95
64.65,R_ThumbDistal,30.26,76.19,108.09,-0.14,-0.22,0.50,0.83
64.65,R_IndexIntermediate,33.85,75.79,112.01,0.19,0.00,-0.07,0.98
64.65,R_MiddleIntermediate,36.24,75.54,112.37,0.22,0.02,-0.10,0.97
64.65,R_RingIntermediate,38.31,75.59,111.52,0.17,0.04,-0.17,0.97
64.65,R_LittleIntermediate,40.13,75.17,109.72,0.16,0.08,-0.26,0.95
64.65,R_IndexProximal,33.97,76.82,108.39,0.14,-0.01,-0.04,0.99
64.65,R_MiddleProximal,36.18,76.95,108.35,0.17,0.02,-0.09,0.98
64.65,R_ThumbProximal,31.26,76.08,104.90,-0.08,-0.13,0.43,0.89
64.65,R_RingProximal,38.00,76.22,107.71,0.08,0.05,-0.14,0.99
64.65,L_LittleProximal,-5.69,57.00,95.32,-0.74,-0.26,-0.17,-0.60
64.67,Main Camera,-0.66,118.33,85.04,0.01,0.04,-0.03,-1.00
64.67,R_Palm,36.01,76.50,105.39,-0.03,0.00,-0.08,1.00
64.67,R_ThumbTip,28.93,76.46,110.22,-0.15,-0.22,0.49,0.83
64.67,R_IndexTip,33.79,74.20,116.40,0.19,0.02,-0.08,0.98
64.67,R_MiddleTip,36.24,73.59,117.26,0.18,0.03,-0.15,0.97
64.67,R_RingTip,38.20,73.93,116.36,0.20,0.00,-0.19,0.96
64.67,R_LittleTip,40.13,73.82,113.76,0.18,0.02,-0.27,0.95
64.67,R_ThumbDistal,30.21,76.27,108.15,-0.15,-0.22,0.49,0.83
64.67,R_IndexIntermediate,33.79,75.82,112.07,0.19,0.00,-0.07,0.98
64.67,R_MiddleIntermediate,36.16,75.55,112.44,0.21,0.02,-0.11,0.97
64.67,R_RingIntermediate,38.24,75.58,111.58,0.16,0.04,-0.18,0.97
64.67,R_LittleIntermediate,40.06,75.14,109.78,0.15,0.08,-0.26,0.95
64.67,R_IndexProximal,33.92,76.83,108.45,0.14,-0.01,-0.05,0.99
64.67,R_MiddleProximal,36.14,76.94,108.41,0.16,0.02,-0.10,0.98
64.67,R_ThumbProximal,31.22,76.11,104.96,-0.09,-0.13,0.43,0.89
64.67,R_RingProximal,37.95,76.19,107.78,0.07,0.05,-0.14,0.99
64.67,L_LittleProximal,-5.69,57.02,95.30,-0.74,-0.26,-0.17,-0.60
64.68,Main Camera,-0.63,118.33,85.03,0.01,0.04,-0.03,-1.00
64.68,R_Palm,35.99,76.49,105.43,-0.03,0.00,-0.08,1.00
64.68,R_ThumbTip,28.90,76.51,110.25,-0.15,-0.22,0.49,0.83
64.68,R_IndexTip,33.77,74.23,116.46,0.18,0.02,-0.08,0.98
64.68,R_MiddleTip,36.19,73.60,117.31,0.18,0.03,-0.15,0.97
64.68,R_RingTip,38.17,73.93,116.41,0.19,0.00,-0.19,0.96
64.68,R_LittleTip,40.11,73.80,113.80,0.17,0.02,-0.27,0.95
64.68,R_ThumbDistal,30.20,76.30,108.19,-0.15,-0.22,0.49,0.83
64.68,R_IndexIntermediate,33.77,75.81,112.11,0.19,-0.01,-0.07,0.98
64.68,R_MiddleIntermediate,36.13,75.53,112.48,0.21,0.02,-0.11,0.97
64.68,R_RingIntermediate,38.22,75.56,111.62,0.16,0.04,-0.18,0.97
64.68,R_LittleIntermediate,40.04,75.10,109.82,0.15,0.08,-0.27,0.95
64.68,R_IndexProximal,33.91,76.82,108.49,0.14,-0.01,-0.05,0.99
64.68,R_MiddleProximal,36.13,76.92,108.45,0.16,0.02,-0.10,0.98
64.68,R_ThumbProximal,31.21,76.13,105.00,-0.09,-0.13,0.43,0.89
64.68,R_RingProximal,37.94,76.16,107.81,0.07,0.05,-0.14,0.99
64.68,L_LittleProximal,-5.69,57.03,95.29,-0.74,-0.25,-0.17,-0.60
64.70,Main Camera,-0.59,118.33,85.02,0.02,0.04,-0.03,-1.00
64.70,R_Palm,35.96,76.50,105.51,-0.03,0.00,-0.09,1.00
64.70,R_ThumbTip,28.87,76.57,110.34,-0.16,-0.22,0.49,0.83
64.70,R_IndexTip,33.73,74.26,116.55,0.18,0.02,-0.09,0.98
64.70,R_MiddleTip,36.14,73.61,117.40,0.18,0.03,-0.15,0.97
64.70,R_RingTip,38.13,73.95,116.50,0.19,0.00,-0.20,0.96
64.70,R_LittleTip,40.07,73.80,113.88,0.17,0.02,-0.28,0.95
64.70,R_ThumbDistal,30.17,76.35,108.29,-0.16,-0.22,0.49,0.83
64.70,R_IndexIntermediate,33.74,75.82,112.20,0.18,0.00,-0.08,0.98
64.70,R_MiddleIntermediate,36.09,75.53,112.56,0.21,0.02,-0.11,0.97
64.70,R_RingIntermediate,38.18,75.55,111.70,0.16,0.04,-0.18,0.97
64.70,R_LittleIntermediate,40.00,75.08,109.89,0.15,0.08,-0.27,0.95
64.70,R_IndexProximal,33.88,76.83,108.58,0.14,-0.01,-0.05,0.99
64.70,R_MiddleProximal,36.10,76.92,108.54,0.16,0.02,-0.10,0.98
64.70,R_ThumbProximal,31.17,76.17,105.09,-0.09,-0.13,0.42,0.89
64.70,R_RingProximal,37.90,76.15,107.89,0.07,0.05,-0.14,0.99
64.70,L_LittleProximal,-5.70,57.05,95.31,-0.74,-0.25,-0.17,-0.60
64.71,Main Camera,-0.56,118.34,85.01,0.02,0.04,-0.03,-1.00
64.71,R_Palm,35.87,76.55,105.55,-0.03,0.00,-0.09,1.00
64.71,R_ThumbTip,28.79,76.66,110.39,-0.16,-0.22,0.48,0.83
64.71,R_IndexTip,33.66,74.35,116.61,0.18,0.02,-0.09,0.98
64.71,R_MiddleTip,36.06,73.66,117.44,0.18,0.03,-0.15,0.97
64.71,R_RingTip,38.05,74.00,116.54,0.19,0.00,-0.20,0.96
64.71,R_LittleTip,39.99,73.84,113.91,0.17,0.02,-0.28,0.95
64.71,R_ThumbDistal,30.09,76.43,108.34,-0.16,-0.22,0.48,0.83
64.71,R_IndexIntermediate,33.66,75.89,112.24,0.18,0.00,-0.08,0.98
64.71,R_MiddleIntermediate,36.01,75.57,112.60,0.21,0.02,-0.11,0.97
64.71,R_RingIntermediate,38.09,75.58,111.74,0.16,0.04,-0.19,0.97
64.71,R_LittleIntermediate,39.91,75.10,109.92,0.15,0.08,-0.27,0.95
64.71,R_IndexProximal,33.80,76.89,108.62,0.14,-0.01,-0.05,0.99
64.71,R_MiddleProximal,36.02,76.96,108.58,0.17,0.02,-0.10,0.98
64.71,R_ThumbProximal,31.08,76.26,105.14,-0.09,-0.12,0.42,0.89
64.71,R_RingProximal,37.82,76.19,107.93,0.07,0.05,-0.15,0.99
64.71,L_LittleProximal,-5.70,57.04,95.30,-0.74,-0.25,-0.17,-0.60
64.72,Main Camera,-0.53,118.35,85.00,0.02,0.04,-0.02,-1.00
64.72,R_Palm,35.80,76.60,105.53,-0.03,0.00,-0.09,1.00
64.72,R_ThumbTip,28.76,76.76,110.42,-0.16,-0.22,0.48,0.84
64.72,R_IndexTip,33.65,74.42,116.60,0.17,0.03,-0.10,0.98
64.72,R_MiddleTip,36.03,73.71,117.42,0.17,0.03,-0.16,0.97
64.72,R_RingTip,38.03,74.02,116.50,0.18,0.01,-0.20,0.96
64.72,R_LittleTip,39.97,73.86,113.86,0.16,0.03,-0.28,0.95
64.72,R_ThumbDistal,30.05,76.52,108.36,-0.16,-0.22,0.48,0.84
64.72,R_IndexIntermediate,33.64,75.94,112.24,0.18,0.00,-0.08,0.98
64.72,R_MiddleIntermediate,35.97,75.60,112.57,0.21,0.02,-0.12,0.97
64.72,R_RingIntermediate,38.05,75.58,111.69,0.15,0.04,-0.19,0.97
64.72,R_LittleIntermediate,39.85,75.10,109.86,0.15,0.08,-0.27,0.95
64.72,R_IndexProximal,33.76,76.94,108.61,0.13,-0.01,-0.06,0.99
64.72,R_MiddleProximal,35.97,76.99,108.55,0.17,0.02,-0.11,0.98
64.72,R_ThumbProximal,31.01,76.35,105.15,-0.09,-0.12,0.42,0.90
64.72,R_RingProximal,37.76,76.21,107.89,0.07,0.05,-0.15,0.98
64.72,L_LittleProximal,-5.69,57.03,95.29,-0.74,-0.25,-0.17,-0.60
64.74,Main Camera,-0.50,118.34,84.99,0.02,0.04,-0.02,-1.00
64.74,R_Palm,35.66,76.68,105.54,-0.03,0.01,-0.10,0.99
64.74,R_ThumbTip,28.66,76.89,110.49,-0.15,-0.21,0.48,0.84
64.74,R_IndexTip,33.57,74.54,116.65,0.17,0.03,-0.10,0.98
64.74,R_MiddleTip,35.93,73.84,117.45,0.17,0.03,-0.16,0.97
64.74,R_RingTip,37.95,74.11,116.50,0.18,0.01,-0.21,0.96
64.74,R_LittleTip,39.88,73.93,113.85,0.16,0.03,-0.29,0.94
64.74,R_ThumbDistal,29.93,76.65,108.42,-0.15,-0.21,0.48,0.84
64.74,R_IndexIntermediate,33.54,76.05,112.27,0.18,0.00,-0.09,0.98
64.74,R_MiddleIntermediate,35.86,75.69,112.59,0.20,0.02,-0.12,0.97
64.74,R_RingIntermediate,37.94,75.64,111.69,0.15,0.04,-0.19,0.97
64.74,R_LittleIntermediate,39.72,75.14,109.84,0.14,0.09,-0.28,0.95
64.74,R_IndexProximal,33.64,77.03,108.64,0.13,-0.01,-0.06,0.99
64.74,R_MiddleProximal,35.86,77.07,108.57,0.16,0.02,-0.11,0.98
64.74,R_ThumbProximal,30.87,76.47,105.20,-0.08,-0.12,0.41,0.90
64.74,R_RingProximal,37.63,76.27,107.89,0.07,0.05,-0.16,0.98
64.74,L_LittleProximal,-5.68,57.02,95.30,-0.74,-0.25,-0.17,-0.60
64.75,Main Camera,-0.46,118.34,84.98,0.02,0.04,-0.02,-1.00
64.75,R_Palm,35.52,76.74,105.55,-0.03,0.01,-0.10,0.99
64.75,R_ThumbTip,28.57,77.01,110.55,-0.15,-0.21,0.47,0.84
64.75,R_IndexTip,33.51,74.66,116.68,0.17,0.03,-0.11,0.98
64.75,R_MiddleTip,35.86,73.95,117.48,0.17,0.04,-0.16,0.97
64.75,R_RingTip,37.87,74.18,116.50,0.18,0.01,-0.21,0.96
64.75,R_LittleTip,39.81,73.99,113.83,0.15,0.04,-0.29,0.94
64.75,R_ThumbDistal,29.82,76.75,108.47,-0.15,-0.21,0.47,0.84
64.75,R_IndexIntermediate,33.45,76.14,112.30,0.17,0.00,-0.09,0.98
64.75,R_MiddleIntermediate,35.77,75.77,112.61,0.20,0.02,-0.13,0.97
64.75,R_RingIntermediate,37.84,75.68,111.68,0.15,0.05,-0.20,0.97
64.75,R_LittleIntermediate,39.61,75.16,109.82,0.14,0.09,-0.28,0.95
64.75,R_IndexProximal,33.54,77.10,108.67,0.13,0.00,-0.07,0.99
64.75,R_MiddleProximal,35.75,77.12,108.57,0.16,0.02,-0.12,0.98
64.75,R_ThumbProximal,30.73,76.57,105.25,-0.08,-0.11,0.41,0.90
64.75,R_RingProximal,37.51,76.31,107.88,0.07,0.05,-0.16,0.98
64.75,L_LittleProximal,-5.66,57.01,95.31,-0.74,-0.25,-0.17,-0.60
64.77,Main Camera,-0.43,118.34,84.98,0.02,0.04,-0.02,-1.00
64.77,R_Palm,35.44,76.80,105.46,-0.03,0.02,-0.11,0.99
64.77,R_ThumbTip,28.55,77.12,110.55,-0.15,-0.20,0.47,0.84
64.77,R_IndexTip,33.51,74.76,116.63,0.16,0.04,-0.11,0.98
64.77,R_MiddleTip,35.86,74.07,117.42,0.16,0.04,-0.17,0.97
64.77,R_RingTip,37.89,74.27,116.40,0.17,0.01,-0.21,0.96
64.77,R_LittleTip,39.80,74.03,113.70,0.14,0.04,-0.29,0.94
64.77,R_ThumbDistal,29.78,76.85,108.46,-0.15,-0.20,0.47,0.84
64.77,R_IndexIntermediate,33.43,76.22,112.24,0.17,0.01,-0.10,0.98
64.77,R_MiddleIntermediate,35.74,75.85,112.53,0.20,0.02,-0.13,0.97
64.77,R_RingIntermediate,37.81,75.73,111.57,0.14,0.05,-0.20,0.97
64.77,R_LittleIntermediate,39.56,75.19,109.69,0.13,0.10,-0.29,0.94
64.77,R_IndexProximal,33.49,77.17,108.61,0.13,0.00,-0.07,0.99
64.77,R_MiddleProximal,35.70,77.18,108.49,0.16,0.02,-0.12,0.98
64.77,R_ThumbProximal,30.65,76.66,105.22,-0.08,-0.11,0.41,0.90
64.77,R_RingProximal,37.45,76.35,107.77,0.07,0.06,-0.16,0.98
64.77,L_LittleProximal,-5.68,57.02,95.30,-0.74,-0.25,-0.17,-0.60
64.78,Main Camera,-0.40,118.34,84.97,0.02,0.04,-0.02,-1.00
64.78,R_Palm,35.38,76.78,105.47,-0.03,0.02,-0.11,0.99
64.78,R_ThumbTip,28.54,77.11,110.60,-0.15,-0.20,0.47,0.85
64.78,R_IndexTip,33.50,74.75,116.65,0.16,0.04,-0.11,0.98
64.78,R_MiddleTip,35.84,74.07,117.43,0.16,0.04,-0.17,0.97
64.78,R_RingTip,37.88,74.25,116.40,0.17,0.02,-0.21,0.96
64.78,R_LittleTip,39.79,74.00,113.68,0.14,0.04,-0.29,0.94
64.78,R_ThumbDistal,29.76,76.84,108.50,-0.15,-0.20,0.47,0.85
64.78,R_IndexIntermediate,33.40,76.20,112.26,0.17,0.01,-0.10,0.98
64.78,R_MiddleIntermediate,35.72,75.83,112.54,0.19,0.03,-0.13,0.97
64.78,R_RingIntermediate,37.78,75.71,111.56,0.14,0.05,-0.20,0.97
64.78,R_LittleIntermediate,39.52,75.16,109.66,0.13,0.10,-0.29,0.94
64.78,R_IndexProximal,33.45,77.15,108.63,0.13,0.00,-0.07,0.99
64.78,R_MiddleProximal,35.67,77.15,108.49,0.16,0.03,-0.12,0.98
64.78,R_ThumbProximal,30.60,76.66,105.26,-0.08,-0.10,0.40,0.91
64.78,R_RingProximal,37.41,76.33,107.76,0.07,0.06,-0.16,0.98
64.78,L_LittleProximal,-5.69,57.06,95.31,-0.74,-0.25,-0.17,-0.60
64.79,Main Camera,-0.37,118.35,84.97,0.02,0.04,-0.02,-1.00
64.79,R_Palm,35.37,76.79,105.47,-0.03,0.02,-0.11,0.99
64.79,R_ThumbTip,28.59,77.14,110.65,-0.15,-0.20,0.47,0.85
64.79,R_IndexTip,33.54,74.75,116.66,0.16,0.04,-0.11,0.98
64.79,R_MiddleTip,35.87,74.08,117.43,0.16,0.04,-0.17,0.97
64.79,R_RingTip,37.91,74.26,116.38,0.17,0.02,-0.21,0.96
64.79,R_LittleTip,39.82,74.00,113.64,0.14,0.05,-0.29,0.94
64.79,R_ThumbDistal,29.78,76.87,108.54,-0.15,-0.20,0.47,0.85
64.79,R_IndexIntermediate,33.42,76.20,112.27,0.17,0.01,-0.10,0.98
64.79,R_MiddleIntermediate,35.73,75.83,112.53,0.19,0.03,-0.13,0.97
64.79,R_RingIntermediate,37.79,75.71,111.55,0.14,0.05,-0.20,0.97
64.79,R_LittleIntermediate,39.53,75.17,109.63,0.13,0.10,-0.29,0.94
64.79,R_IndexProximal,33.46,77.15,108.63,0.13,0.00,-0.07,0.99
64.79,R_MiddleProximal,35.67,77.15,108.49,0.16,0.03,-0.12,0.98
64.79,R_ThumbProximal,30.59,76.68,105.29,-0.08,-0.10,0.40,0.91
64.79,R_RingProximal,37.41,76.33,107.75,0.07,0.06,-0.16,0.98
64.79,L_LittleProximal,-5.70,57.07,95.30,-0.74,-0.25,-0.17,-0.60
64.81,Main Camera,-0.33,118.35,84.96,0.02,0.04,-0.02,-1.00
64.81,R_Palm,35.38,76.78,105.49,-0.02,0.02,-0.11,0.99
64.81,R_ThumbTip,28.63,77.14,110.69,-0.15,-0.19,0.47,0.85
64.81,R_IndexTip,33.56,74.73,116.68,0.16,0.04,-0.11,0.98
64.81,R_MiddleTip,35.88,74.08,117.45,0.16,0.04,-0.17,0.97
64.81,R_RingTip,37.93,74.26,116.40,0.17,0.02,-0.21,0.96
64.81,R_LittleTip,39.84,73.99,113.65,0.14,0.05,-0.29,0.94
64.81,R_ThumbDistal,29.82,76.86,108.57,-0.15,-0.19,0.47,0.85
64.81,R_IndexIntermediate,33.44,76.18,112.29,0.17,0.01,-0.10,0.98
64.81,R_MiddleIntermediate,35.75,75.82,112.55,0.19,0.03,-0.13,0.97
64.81,R_RingIntermediate,37.81,75.70,111.56,0.14,0.05,-0.20,0.97
64.81,R_LittleIntermediate,39.55,75.15,109.64,0.13,0.10,-0.29,0.94
64.81,R_IndexProximal,33.48,77.13,108.66,0.13,0.00,-0.07,0.99
64.81,R_MiddleProximal,35.69,77.14,108.51,0.15,0.03,-0.12,0.98
64.81,R_ThumbProximal,30.61,76.67,105.32,-0.08,-0.10,0.40,0.91
64.81,R_RingProximal,37.43,76.32,107.76,0.07,0.06,-0.16,0.98
64.81,L_LittleProximal,-5.71,57.08,95.29,-0.74,-0.25,-0.17,-0.60
64.82,Main Camera,-0.29,118.34,84.95,0.02,0.04,-0.02,-1.00
64.82,R_Palm,35.39,76.76,105.50,-0.02,0.02,-0.11,0.99
64.82,R_ThumbTip,28.66,77.12,110.71,-0.15,-0.19,0.47,0.85
64.82,R_IndexTip,33.59,74.72,116.70,0.16,0.04,-0.11,0.98
64.82,R_MiddleTip,35.90,74.09,117.47,0.15,0.04,-0.17,0.97
64.82,R_RingTip,37.95,74.26,116.41,0.16,0.02,-0.21,0.96
64.82,R_LittleTip,39.86,73.99,113.65,0.14,0.05,-0.29,0.94
64.82,R_ThumbDistal,29.84,76.84,108.60,-0.15,-0.19,0.47,0.85
64.82,R_IndexIntermediate,33.46,76.15,112.31,0.17,0.01,-0.10,0.98
64.82,R_MiddleIntermediate,35.76,75.81,112.57,0.19,0.03,-0.13,0.97
64.82,R_RingIntermediate,37.82,75.69,111.56,0.14,0.05,-0.20,0.97
64.82,R_LittleIntermediate,39.56,75.13,109.64,0.13,0.10,-0.28,0.94
64.82,R_IndexProximal,33.49,77.11,108.67,0.13,0.01,-0.07,0.99
64.82,R_MiddleProximal,35.70,77.11,108.52,0.15,0.03,-0.12,0.98
64.82,R_ThumbProximal,30.63,76.65,105.34,-0.07,-0.10,0.40,0.91
64.82,R_RingProximal,37.44,76.30,107.76,0.07,0.06,-0.16,0.98
64.82,L_LittleProximal,-5.72,57.07,95.28,-0.74,-0.25,-0.17,-0.60
64.83,Main Camera,-0.26,118.34,84.93,0.02,0.04,-0.02,-1.00
64.83,R_Palm,35.40,76.74,105.51,-0.02,0.03,-0.10,0.99
64.83,R_ThumbTip,28.68,77.10,110.74,-0.15,-0.19,0.47,0.85
64.83,R_IndexTip,33.61,74.70,116.72,0.16,0.04,-0.11,0.98
64.83,R_MiddleTip,35.92,74.10,117.49,0.15,0.04,-0.17,0.97
64.83,R_RingTip,37.98,74.27,116.42,0.16,0.02,-0.21,0.96
64.83,R_LittleTip,39.88,73.98,113.65,0.14,0.05,-0.29,0.95
64.83,R_ThumbDistal,29.86,76.82,108.62,-0.15,-0.19,0.47,0.85
64.83,R_IndexIntermediate,33.48,76.13,112.32,0.17,0.01,-0.10,0.98
64.83,R_MiddleIntermediate,35.77,75.79,112.58,0.19,0.03,-0.13,0.97
64.83,R_RingIntermediate,37.84,75.67,111.57,0.14,0.05,-0.20,0.97
64.83,R_LittleIntermediate,39.57,75.12,109.64,0.13,0.10,-0.28,0.94
64.83,R_IndexProximal,33.51,77.08,108.68,0.13,0.01,-0.07,0.99
64.83,R_MiddleProximal,35.72,77.09,108.53,0.15,0.03,-0.12,0.98
64.83,R_ThumbProximal,30.64,76.63,105.36,-0.07,-0.10,0.40,0.91
64.83,R_RingProximal,37.46,76.28,107.77,0.07,0.06,-0.16,0.98
64.83,L_LittleProximal,-5.74,57.05,95.26,-0.74,-0.25,-0.17,-0.60
64.85,Main Camera,-0.22,118.33,84.92,0.02,0.04,-0.02,-1.00
64.85,R_Palm,35.40,76.74,105.51,-0.02,0.03,-0.10,0.99
64.85,R_ThumbTip,28.69,77.09,110.75,-0.15,-0.19,0.47,0.85
64.85,R_IndexTip,33.61,74.73,116.74,0.16,0.04,-0.11,0.98
64.85,R_MiddleTip,35.93,74.16,117.52,0.15,0.04,-0.17,0.97
64.85,R_RingTip,38.00,74.33,116.44,0.16,0.02,-0.21,0.96
64.85,R_LittleTip,39.89,74.00,113.66,0.13,0.05,-0.29,0.95
64.85,R_ThumbDistal,29.87,76.81,108.63,-0.15,-0.19,0.47,0.85
64.85,R_IndexIntermediate,33.48,76.13,112.34,0.17,0.01,-0.10,0.98
64.85,R_MiddleIntermediate,35.78,75.81,112.60,0.19,0.03,-0.13,0.97
64.85,R_RingIntermediate,37.84,75.68,111.58,0.13,0.05,-0.20,0.97
64.85,R_LittleIntermediate,39.56,75.11,109.64,0.13,0.10,-0.28,0.95
64.85,R_IndexProximal,33.51,77.07,108.69,0.13,0.01,-0.07,0.99
64.85,R_MiddleProximal,35.72,77.08,108.53,0.15,0.02,-0.12,0.98
64.85,R_ThumbProximal,30.64,76.62,105.38,-0.07,-0.09,0.40,0.91
64.85,R_RingProximal,37.46,76.27,107.77,0.07,0.06,-0.16,0.98
64.85,L_LittleProximal,-5.76,57.04,95.29,-0.74,-0.25,-0.17,-0.60
64.86,Main Camera,-0.20,118.35,84.92,0.02,0.04,-0.02,-1.00
64.86,R_Palm,35.41,76.73,105.51,-0.02,0.03,-0.10,0.99
64.86,R_ThumbTip,28.70,77.07,110.76,-0.15,-0.19,0.47,0.85
64.86,R_IndexTip,33.62,74.74,116.75,0.15,0.04,-0.11,0.98
64.86,R_MiddleTip,35.94,74.18,117.54,0.14,0.04,-0.17,0.97
64.86,R_RingTip,38.01,74.35,116.45,0.15,0.02,-0.21,0.97
64.86,R_LittleTip,39.89,74.01,113.66,0.13,0.05,-0.29,0.95
64.86,R_ThumbDistal,29.88,76.79,108.64,-0.15,-0.19,0.47,0.85
64.86,R_IndexIntermediate,33.49,76.12,112.34,0.17,0.01,-0.10,0.98
64.86,R_MiddleIntermediate,35.78,75.81,112.60,0.18,0.03,-0.13,0.97
64.86,R_RingIntermediate,37.85,75.68,111.58,0.13,0.05,-0.20,0.97
64.86,R_LittleIntermediate,39.56,75.11,109.64,0.13,0.10,-0.28,0.95
64.86,R_IndexProximal,33.52,77.05,108.70,0.12,0.01,-0.07,0.99
64.86,R_MiddleProximal,35.73,77.07,108.53,0.15,0.02,-0.12,0.98
64.86,R_ThumbProximal,30.65,76.61,105.39,-0.07,-0.09,0.41,0.91
64.86,R_RingProximal,37.46,76.26,107.77,0.07,0.06,-0.16,0.98
64.86,L_LittleProximal,-5.77,57.01,95.28,-0.74,-0.25,-0.17,-0.60
64.88,Main Camera,-0.17,118.35,84.91,0.02,0.04,-0.02,-1.00
64.88,R_Palm,35.36,76.76,105.52,-0.02,0.03,-0.10,0.99
64.88,R_ThumbTip,28.67,77.11,110.77,-0.15,-0.19,0.47,0.85
64.88,R_IndexTip,33.58,74.78,116.76,0.15,0.04,-0.11,0.98
64.88,R_MiddleTip,35.89,74.23,117.55,0.14,0.04,-0.17,0.97
64.88,R_RingTip,37.97,74.41,116.46,0.15,0.02,-0.21,0.97
64.88,R_LittleTip,39.84,74.05,113.67,0.13,0.05,-0.29,0.95
64.88,R_ThumbDistal,29.85,76.83,108.66,-0.15,-0.19,0.47,0.85
64.88,R_IndexIntermediate,33.44,76.16,112.35,0.16,0.01,-0.10,0.98
64.88,R_MiddleIntermediate,35.74,75.85,112.61,0.18,0.03,-0.13,0.97
64.88,R_RingIntermediate,37.80,75.71,111.58,0.13,0.05,-0.20,0.97
64.88,R_LittleIntermediate,39.51,75.14,109.64,0.13,0.10,-0.28,0.95
64.88,R_IndexProximal,33.47,77.08,108.71,0.12,0.00,-0.07,0.99
64.88,R_MiddleProximal,35.68,77.10,108.54,0.15,0.02,-0.12,0.98
64.88,R_ThumbProximal,30.61,76.65,105.40,-0.07,-0.09,0.40,0.91
64.88,R_RingProximal,37.42,76.29,107.78,0.07,0.06,-0.16,0.98
64.88,L_LittleProximal,-5.77,57.00,95.28,-0.74,-0.24,-0.17,-0.60
64.89,Main Camera,-0.15,118.36,84.90,0.02,0.04,-0.02,-1.00
64.89,R_Palm,35.33,76.83,105.52,-0.02,0.03,-0.10,0.99
64.89,R_ThumbTip,28.66,77.18,110.79,-0.15,-0.19,0.47,0.85
64.89,R_IndexTip,33.57,74.85,116.76,0.15,0.04,-0.11,0.98
64.89,R_MiddleTip,35.88,74.30,117.55,0.14,0.04,-0.17,0.97
64.89,R_RingTip,37.96,74.48,116.45,0.15,0.02,-0.21,0.97
64.89,R_LittleTip,39.82,74.11,113.66,0.13,0.05,-0.29,0.95
64.89,R_ThumbDistal,29.83,76.90,108.67,-0.15,-0.19,0.47,0.85
64.89,R_IndexIntermediate,33.43,76.22,112.35,0.16,0.01,-0.10,0.98
64.89,R_MiddleIntermediate,35.72,75.91,112.61,0.18,0.03,-0.13,0.97
64.89,R_RingIntermediate,37.79,75.77,111.57,0.13,0.05,-0.20,0.97
64.89,R_LittleIntermediate,39.49,75.19,109.63,0.13,0.10,-0.28,0.95
64.89,R_IndexProximal,33.46,77.15,108.71,0.12,0.01,-0.07,0.99
64.89,R_MiddleProximal,35.67,77.16,108.54,0.15,0.02,-0.12,0.98
64.89,R_ThumbProximal,30.58,76.72,105.41,-0.07,-0.09,0.40,0.91
64.89,R_RingProximal,37.40,76.35,107.77,0.07,0.06,-0.16,0.98
64.89,L_LittleProximal,-5.75,57.03,95.28,-0.74,-0.24,-0.17,-0.61
64.90,Main Camera,-0.11,118.35,84.89,0.02,0.04,-0.02,-1.00
64.90,R_Palm,35.33,76.83,105.51,-0.02,0.03,-0.11,0.99
64.90,R_ThumbTip,28.68,77.18,110.81,-0.15,-0.19,0.47,0.85
64.90,R_IndexTip,33.58,74.85,116.77,0.15,0.04,-0.11,0.98
64.90,R_MiddleTip,35.90,74.30,117.54,0.14,0.04,-0.17,0.97
64.90,R_RingTip,37.98,74.48,116.44,0.15,0.02,-0.21,0.97
64.90,R_LittleTip,39.83,74.11,113.63,0.13,0.05,-0.29,0.95
64.90,R_ThumbDistal,29.85,76.90,108.68,-0.15,-0.19,0.47,0.85
64.90,R_IndexIntermediate,33.44,76.22,112.35,0.16,0.01,-0.10,0.98
64.90,R_MiddleIntermediate,35.74,75.91,112.60,0.18,0.03,-0.13,0.97
64.90,R_RingIntermediate,37.80,75.77,111.56,0.13,0.05,-0.20,0.97
64.90,R_LittleIntermediate,39.49,75.19,109.60,0.13,0.10,-0.28,0.95
64.90,R_IndexProximal,33.46,77.15,108.71,0.12,0.01,-0.07,0.99
64.90,R_MiddleProximal,35.67,77.16,108.53,0.15,0.03,-0.12,0.98
64.90,R_ThumbProximal,30.58,76.73,105.42,-0.07,-0.09,0.40,0.91
64.90,R_RingProximal,37.40,76.35,107.75,0.07,0.06,-0.16,0.98
64.90,L_LittleProximal,-5.74,57.04,95.29,-0.74,-0.24,-0.17,-0.61
64.92,Main Camera,-0.09,118.36,84.88,0.02,0.04,-0.02,-1.00
64.92,R_Palm,35.34,76.84,105.51,-0.02,0.03,-0.11,0.99
64.92,R_ThumbTip,28.71,77.18,110.83,-0.15,-0.19,0.47,0.85
64.92,R_IndexTip,33.61,74.84,116.77,0.15,0.04,-0.11,0.98
64.92,R_MiddleTip,35.92,74.29,117.53,0.14,0.04,-0.17,0.97
64.92,R_RingTip,38.01,74.47,116.42,0.15,0.02,-0.21,0.97
64.92,R_LittleTip,39.86,74.09,113.61,0.13,0.05,-0.29,0.95
64.92,R_ThumbDistal,29.87,76.90,108.70,-0.15,-0.19,0.47,0.85
64.92,R_IndexIntermediate,33.46,76.22,112.35,0.16,0.01,-0.10,0.98
64.92,R_MiddleIntermediate,35.75,75.90,112.59,0.18,0.03,-0.13,0.97
64.92,R_RingIntermediate,37.81,75.76,111.54,0.13,0.06,-0.20,0.97
64.92,R_LittleIntermediate,39.51,75.18,109.58,0.13,0.10,-0.28,0.94
64.92,R_IndexProximal,33.48,77.15,108.71,0.12,0.01,-0.07,0.99
64.92,R_MiddleProximal,35.69,77.15,108.52,0.15,0.03,-0.12,0.98
64.92,R_ThumbProximal,30.59,76.74,105.43,-0.07,-0.09,0.40,0.91
64.92,R_RingProximal,37.42,76.34,107.74,0.07,0.06,-0.16,0.98
64.92,L_LittleProximal,-5.72,57.05,95.30,-0.74,-0.24,-0.17,-0.61
64.93,Main Camera,-0.08,118.36,84.87,0.02,0.04,-0.02,-1.00
64.93,R_Palm,35.35,76.82,105.51,-0.02,0.03,-0.11,0.99
64.93,R_ThumbTip,28.75,77.16,110.85,-0.14,-0.19,0.47,0.85
64.93,R_IndexTip,33.65,74.82,116.77,0.15,0.04,-0.11,0.98
64.93,R_MiddleTip,35.96,74.27,117.53,0.14,0.04,-0.17,0.97
64.93,R_RingTip,38.04,74.46,116.41,0.15,0.02,-0.21,0.97
64.93,R_LittleTip,39.89,74.07,113.59,0.13,0.05,-0.29,0.95
64.93,R_ThumbDistal,29.90,76.88,108.72,-0.14,-0.19,0.47,0.85
64.93,R_IndexIntermediate,33.49,76.19,112.36,0.16,0.01,-0.10,0.98
64.93,R_MiddleIntermediate,35.78,75.88,112.59,0.18,0.03,-0.13,0.97
64.93,R_RingIntermediate,37.84,75.74,111.53,0.13,0.06,-0.20,0.97
64.93,R_LittleIntermediate,39.53,75.16,109.57,0.13,0.10,-0.28,0.94
64.93,R_IndexProximal,33.51,77.13,108.72,0.13,0.01,-0.07,0.99
64.93,R_MiddleProximal,35.72,77.13,108.52,0.15,0.03,-0.12,0.98
64.93,R_ThumbProximal,30.61,76.72,105.45,-0.07,-0.09,0.40,0.91
64.93,R_RingProximal,37.44,76.32,107.73,0.07,0.06,-0.16,0.98
64.93,L_LittleProximal,-5.72,57.03,95.28,-0.74,-0.24,-0.16,-0.61
64.95,Main Camera,-0.06,118.36,84.86,0.02,0.04,-0.02,-1.00
64.95,R_Palm,35.36,76.81,105.52,-0.02,0.03,-0.11,0.99
64.95,R_ThumbTip,28.75,77.14,110.87,-0.14,-0.19,0.47,0.85
64.95,R_IndexTip,33.65,74.82,116.79,0.15,0.04,-0.11,0.98
64.95,R_MiddleTip,35.96,74.27,117.55,0.14,0.04,-0.17,0.98
64.95,R_RingTip,38.03,74.47,116.43,0.14,0.02,-0.21,0.97
64.95,R_LittleTip,39.87,74.08,113.61,0.13,0.05,-0.29,0.95
64.95,R_ThumbDistal,29.90,76.87,108.74,-0.14,-0.19,0.47,0.85
64.95,R_IndexIntermediate,33.50,76.18,112.38,0.16,0.01,-0.10,0.98
64.95,R_MiddleIntermediate,35.79,75.87,112.61,0.18,0.03,-0.13,0.97
64.95,R_RingIntermediate,37.84,75.74,111.55,0.13,0.06,-0.20,0.97
64.95,R_LittleIntermediate,39.52,75.16,109.58,0.13,0.10,-0.28,0.95
64.95,R_IndexProximal,33.51,77.11,108.73,0.12,0.01,-0.07,0.99
64.95,R_MiddleProximal,35.72,77.12,108.54,0.15,0.03,-0.12,0.98
64.95,R_ThumbProximal,30.61,76.71,105.47,-0.06,-0.09,0.40,0.91
64.95,R_RingProximal,37.44,76.32,107.75,0.07,0.06,-0.16,0.98
64.95,L_LittleProximal,-5.70,57.03,95.31,-0.74,-0.24,-0.16,-0.61
64.96,Main Camera,-0.04,118.35,84.84,0.02,0.03,-0.02,-1.00
64.96,R_Palm,35.34,76.82,105.51,-0.02,0.03,-0.10,0.99
64.96,R_ThumbTip,28.73,77.15,110.86,-0.15,-0.19,0.47,0.85
64.96,R_IndexTip,33.63,74.85,116.79,0.15,0.04,-0.11,0.98
64.96,R_MiddleTip,35.93,74.29,117.55,0.14,0.04,-0.17,0.98
64.96,R_RingTip,38.00,74.51,116.43,0.14,0.02,-0.21,0.97
64.96,R_LittleTip,39.83,74.11,113.61,0.13,0.05,-0.29,0.95
64.96,R_ThumbDistal,29.89,76.87,108.73,-0.15,-0.19,0.47,0.85
64.96,R_IndexIntermediate,33.48,76.19,112.37,0.16,0.01,-0.10,0.98
64.96,R_MiddleIntermediate,35.76,75.88,112.60,0.18,0.03,-0.13,0.97
64.96,R_RingIntermediate,37.81,75.76,111.54,0.12,0.05,-0.20,0.97
64.96,R_LittleIntermediate,39.49,75.17,109.57,0.12,0.10,-0.28,0.95
64.96,R_IndexProximal,33.49,77.12,108.72,0.12,0.01,-0.07,0.99
64.96,R_MiddleProximal,35.70,77.12,108.53,0.15,0.03,-0.12,0.98
64.96,R_ThumbProximal,30.60,76.71,105.45,-0.06,-0.09,0.40,0.91
64.96,R_RingProximal,37.43,76.32,107.73,0.06,0.06,-0.16,0.98
64.96,L_LittleProximal,-5.71,57.04,95.29,-0.73,-0.24,-0.17,-0.61
64.97,Main Camera,-0.02,118.35,84.82,0.02,0.03,-0.02,-1.00
64.97,R_Palm,35.32,76.83,105.52,-0.02,0.03,-0.10,0.99
64.97,R_ThumbTip,28.72,77.16,110.87,-0.15,-0.19,0.47,0.85
64.97,R_IndexTip,33.62,74.90,116.81,0.14,0.04,-0.11,0.98
64.97,R_MiddleTip,35.91,74.33,117.56,0.14,0.04,-0.17,0.98
64.97,R_RingTip,37.98,74.56,116.45,0.14,0.02,-0.21,0.97
64.97,R_LittleTip,39.79,74.15,113.62,0.12,0.05,-0.29,0.95
64.97,R_ThumbDistal,29.88,76.88,108.74,-0.15,-0.19,0.47,0.85
64.97,R_IndexIntermediate,33.46,76.22,112.38,0.16,0.01,-0.10,0.98
64.97,R_MiddleIntermediate,35.74,75.89,112.61,0.18,0.03,-0.13,0.98
64.97,R_RingIntermediate,37.79,75.78,111.55,0.12,0.05,-0.20,0.97
64.97,R_LittleIntermediate,39.46,75.19,109.59,0.12,0.10,-0.28,0.95
64.97,R_IndexProximal,33.48,77.13,108.73,0.12,0.01,-0.07,0.99
64.97,R_MiddleProximal,35.68,77.14,108.54,0.15,0.02,-0.12,0.98
64.97,R_ThumbProximal,30.58,76.72,105.47,-0.06,-0.09,0.40,0.91
64.97,R_RingProximal,37.41,76.33,107.75,0.06,0.06,-0.16,0.98
64.97,L_LittleProximal,-5.73,57.01,95.28,-0.73,-0.24,-0.17,-0.62
64.99,Main Camera,-0.01,118.35,84.81,0.02,0.03,-0.02,-1.00
64.99,R_Palm,35.30,76.84,105.54,-0.02,0.03,-0.10,0.99
64.99,R_ThumbTip,28.70,77.18,110.88,-0.15,-0.19,0.47,0.85
64.99,R_IndexTip,33.60,74.95,116.83,0.14,0.04,-0.11,0.98
64.99,R_MiddleTip,35.89,74.36,117.59,0.14,0.04,-0.17,0.98
64.99,R_RingTip,37.95,74.60,116.47,0.14,0.02,-0.21,0.97
64.99,R_LittleTip,39.74,74.18,113.65,0.12,0.05,-0.29,0.95
64.99,R_ThumbDistal,29.86,76.90,108.75,-0.15,-0.19,0.47,0.85
64.99,R_IndexIntermediate,33.44,76.25,112.40,0.16,0.01,-0.10,0.98
64.99,R_MiddleIntermediate,35.72,75.92,112.63,0.18,0.03,-0.13,0.98
64.99,R_RingIntermediate,37.77,75.81,111.57,0.12,0.05,-0.20,0.97
64.99,R_LittleIntermediate,39.43,75.21,109.60,0.12,0.10,-0.28,0.95
64.99,R_IndexProximal,33.45,77.14,108.75,0.12,0.01,-0.07,0.99
64.99,R_MiddleProximal,35.66,77.15,108.55,0.14,0.02,-0.12,0.98
64.99,R_ThumbProximal,30.56,76.74,105.48,-0.07,-0.09,0.40,0.91
64.99,R_RingProximal,37.39,76.35,107.76,0.06,0.06,-0.16,0.98
64.99,L_LittleProximal,-5.76,56.96,95.27,-0.73,-0.24,-0.17,-0.62
65.00,Main Camera,0.00,118.35,84.80,0.02,0.03,-0.02,-1.00
65.00,R_Palm,35.29,76.85,105.53,-0.02,0.03,-0.10,0.99
65.00,R_ThumbTip,28.69,77.20,110.88,-0.15,-0.19,0.47,0.85
65.00,R_IndexTip,33.59,74.98,116.84,0.14,0.04,-0.11,0.98
65.00,R_MiddleTip,35.87,74.39,117.59,0.13,0.04,-0.17,0.98
65.00,R_RingTip,37.94,74.64,116.47,0.14,0.02,-0.21,0.97
65.00,R_LittleTip,39.72,74.21,113.65,0.12,0.04,-0.29,0.95
65.00,R_ThumbDistal,29.85,76.91,108.75,-0.15,-0.19,0.47,0.85
65.00,R_IndexIntermediate,33.43,76.27,112.40,0.16,0.01,-0.10,0.98
65.00,R_MiddleIntermediate,35.71,75.93,112.63,0.18,0.03,-0.13,0.98
65.00,R_RingIntermediate,37.75,75.82,111.57,0.12,0.05,-0.20,0.97
65.00,R_LittleIntermediate,39.41,75.23,109.60,0.12,0.10,-0.28,0.95
65.00,R_IndexProximal,33.44,77.15,108.74,0.12,0.01,-0.07,0.99
65.00,R_MiddleProximal,35.65,77.16,108.55,0.14,0.02,-0.12,0.98
65.00,R_ThumbProximal,30.55,76.75,105.48,-0.07,-0.09,0.40,0.91
65.00,R_RingProximal,37.38,76.36,107.76,0.06,0.06,-0.16,0.98
65.00,L_LittleProximal,-5.76,56.99,95.28,-0.73,-0.24,-0.17,-0.62
65.02,Main Camera,0.02,118.35,84.79,0.02,0.03,-0.02,-1.00
65.02,R_Palm,35.28,76.85,105.52,-0.02,0.03,-0.10,0.99
65.02,R_ThumbTip,28.68,77.20,110.87,-0.15,-0.19,0.47,0.85
65.02,R_IndexTip,33.58,75.00,116.83,0.14,0.04,-0.11,0.98
65.02,R_MiddleTip,35.87,74.41,117.58,0.13,0.04,-0.17,0.98
65.02,R_RingTip,37.93,74.65,116.46,0.13,0.02,-0.21,0.97
65.02,R_LittleTip,39.71,74.22,113.64,0.12,0.04,-0.29,0.95
65.02,R_ThumbDistal,29.85,76.91,108.75,-0.15,-0.19,0.47,0.85
65.02,R_IndexIntermediate,33.42,76.27,112.39,0.15,0.01,-0.10,0.98
65.02,R_MiddleIntermediate,35.70,75.93,112.62,0.17,0.03,-0.13,0.98
65.02,R_RingIntermediate,37.74,75.82,111.56,0.12,0.05,-0.20,0.97
65.02,R_LittleIntermediate,39.41,75.23,109.59,0.12,0.10,-0.28,0.95
65.02,R_IndexProximal,33.44,77.15,108.73,0.12,0.01,-0.07,0.99
65.02,R_MiddleProximal,35.64,77.16,108.54,0.14,0.02,-0.12,0.98
65.02,R_ThumbProximal,30.55,76.75,105.47,-0.07,-0.09,0.40,0.91
65.02,R_RingProximal,37.37,76.36,107.74,0.06,0.06,-0.16,0.98
65.02,L_LittleProximal,-5.78,57.00,95.28,-0.73,-0.24,-0.17,-0.62
65.03,Main Camera,0.03,118.35,84.78,0.02,0.03,-0.02,-1.00
65.03,R_Palm,35.28,76.83,105.52,-0.02,0.03,-0.10,0.99
65.03,R_ThumbTip,28.69,77.19,110.87,-0.15,-0.19,0.47,0.85
65.03,R_IndexTip,33.59,75.00,116.84,0.14,0.04,-0.11,0.98
65.03,R_MiddleTip,35.87,74.41,117.59,0.13,0.04,-0.17,0.98
65.03,R_RingTip,37.94,74.65,116.47,0.13,0.02,-0.21,0.97
65.03,R_LittleTip,39.72,74.21,113.64,0.12,0.04,-0.29,0.95
65.03,R_ThumbDistal,29.86,76.90,108.75,-0.15,-0.19,0.47,0.85
65.03,R_IndexIntermediate,33.43,76.26,112.40,0.15,0.01,-0.10,0.98
65.03,R_MiddleIntermediate,35.70,75.92,112.62,0.17,0.03,-0.13,0.98
65.03,R_RingIntermediate,37.75,75.81,111.56,0.12,0.05,-0.20,0.97
65.03,R_LittleIntermediate,39.41,75.21,109.59,0.12,0.10,-0.28,0.95
65.03,R_IndexProximal,33.44,77.13,108.74,0.12,0.01,-0.07,0.99
65.03,R_MiddleProximal,35.65,77.14,108.54,0.14,0.02,-0.12,0.98
65.03,R_ThumbProximal,30.55,76.73,105.48,-0.06,-0.08,0.40,0.91
65.03,R_RingProximal,37.37,76.34,107.75,0.06,0.06,-0.16,0.98
65.03,L_LittleProximal,-5.79,57.05,95.27,-0.73,-0.24,-0.17,-0.62
65.04,Main Camera,0.04,118.34,84.77,0.02,0.03,-0.02,-1.00
65.04,R_Palm,35.30,76.80,105.54,-0.02,0.03,-0.10,0.99
65.04,R_ThumbTip,28.71,77.17,110.89,-0.15,-0.19,0.47,0.85
65.04,R_IndexTip,33.61,74.98,116.86,0.14,0.04,-0.11,0.98
65.04,R_MiddleTip,35.89,74.40,117.62,0.13,0.04,-0.17,0.98
65.04,R_RingTip,37.96,74.63,116.49,0.13,0.02,-0.21,0.97
65.04,R_LittleTip,39.74,74.19,113.66,0.12,0.05,-0.29,0.95
65.04,R_ThumbDistal,29.89,76.87,108.78,-0.15,-0.19,0.47,0.85
65.04,R_IndexIntermediate,33.44,76.23,112.42,0.15,0.01,-0.10,0.98
65.04,R_MiddleIntermediate,35.72,75.90,112.64,0.17,0.03,-0.13,0.98
65.04,R_RingIntermediate,37.76,75.78,111.58,0.11,0.05,-0.20,0.97
65.04,R_LittleIntermediate,39.43,75.18,109.60,0.12,0.10,-0.28,0.95
65.04,R_IndexProximal,33.46,77.09,108.76,0.12,0.01,-0.07,0.99
65.04,R_MiddleProximal,35.67,77.10,108.56,0.14,0.02,-0.12,0.98
65.04,R_ThumbProximal,30.58,76.70,105.50,-0.07,-0.08,0.40,0.91
65.04,R_RingProximal,37.39,76.30,107.76,0.06,0.06,-0.16,0.98
65.04,L_LittleProximal,-5.75,57.20,95.32,-0.73,-0.24,-0.17,-0.62
65.06,Main Camera,0.04,118.35,84.76,0.02,0.03,-0.02,-1.00
65.06,R_Palm,35.34,76.76,105.55,-0.02,0.03,-0.10,0.99
65.06,R_ThumbTip,28.75,77.16,110.90,-0.15,-0.19,0.47,0.85
65.06,R_IndexTip,33.64,74.96,116.87,0.13,0.04,-0.11,0.98
65.06,R_MiddleTip,35.93,74.40,117.64,0.13,0.04,-0.17,0.98
65.06,R_RingTip,38.01,74.64,116.51,0.13,0.02,-0.21,0.97
65.06,R_LittleTip,39.79,74.17,113.67,0.12,0.05,-0.29,0.95
65.06,R_ThumbDistal,29.93,76.84,108.79,-0.15,-0.19,0.47,0.85
65.06,R_IndexIntermediate,33.48,76.20,112.42,0.15,0.01,-0.10,0.98
65.06,R_MiddleIntermediate,35.76,75.88,112.65,0.17,0.03,-0.13,0.98
65.06,R_RingIntermediate,37.81,75.76,111.59,0.11,0.05,-0.20,0.97
65.06,R_LittleIntermediate,39.46,75.15,109.61,0.12,0.10,-0.28,0.95
65.06,R_IndexProximal,33.50,77.06,108.76,0.11,0.01,-0.07,0.99
65.06,R_MiddleProximal,35.71,77.07,108.57,0.14,0.02,-0.12,0.98
65.06,R_ThumbProximal,30.62,76.67,105.51,-0.07,-0.08,0.40,0.91
65.06,R_RingProximal,37.43,76.27,107.77,0.06,0.06,-0.16,0.98
65.06,L_LittleProximal,-5.74,57.30,95.30,-0.73,-0.24,-0.17,-0.62
65.07,Main Camera,0.05,118.34,84.75,0.02,0.03,-0.02,-1.00
65.07,R_Palm,35.40,76.72,105.56,-0.02,0.03,-0.10,0.99
65.07,R_ThumbTip,28.81,77.13,110.91,-0.16,-0.19,0.47,0.85
65.07,R_IndexTip,33.69,74.93,116.89,0.13,0.04,-0.11,0.98
65.07,R_MiddleTip,35.99,74.39,117.66,0.12,0.04,-0.17,0.98
65.07,R_RingTip,38.07,74.64,116.53,0.12,0.02,-0.21,0.97
65.07,R_LittleTip,39.85,74.13,113.68,0.11,0.05,-0.29,0.95
65.07,R_ThumbDistal,30.00,76.81,108.80,-0.16,-0.19,0.47,0.85
65.07,R_IndexIntermediate,33.53,76.16,112.44,0.15,0.01,-0.10,0.98
65.07,R_MiddleIntermediate,35.82,75.84,112.67,0.17,0.02,-0.13,0.98
65.07,R_RingIntermediate,37.86,75.73,111.60,0.11,0.05,-0.20,0.97
65.07,R_LittleIntermediate,39.52,75.10,109.62,0.12,0.10,-0.28,0.95
65.07,R_IndexProximal,33.56,77.01,108.77,0.11,0.01,-0.07,0.99
65.07,R_MiddleProximal,35.76,77.02,108.58,0.14,0.02,-0.12,0.98
65.07,R_ThumbProximal,30.68,76.63,105.52,-0.07,-0.08,0.40,0.91
65.07,R_RingProximal,37.49,76.22,107.78,0.05,0.06,-0.16,0.98
65.07,L_LittleProximal,-5.73,57.39,95.27,-0.73,-0.24,-0.17,-0.62
65.08,Main Camera,0.06,118.34,84.73,0.02,0.03,-0.02,-1.00
65.08,R_Palm,35.40,76.71,105.56,-0.02,0.03,-0.10,0.99
65.08,R_ThumbTip,28.82,77.14,110.91,-0.16,-0.19,0.47,0.85
65.08,R_IndexTip,33.68,74.93,116.89,0.13,0.04,-0.11,0.98
65.08,R_MiddleTip,35.98,74.42,117.67,0.12,0.04,-0.17,0.98
65.08,R_RingTip,38.07,74.67,116.54,0.12,0.02,-0.21,0.97
65.08,R_LittleTip,39.84,74.14,113.69,0.11,0.05,-0.29,0.95
65.08,R_ThumbDistal,30.00,76.81,108.80,-0.16,-0.19,0.47,0.85
65.08,R_IndexIntermediate,33.53,76.16,112.44,0.15,0.01,-0.10,0.98
65.08,R_MiddleIntermediate,35.81,75.85,112.67,0.17,0.02,-0.13,0.98
65.08,R_RingIntermediate,37.86,75.74,111.60,0.11,0.05,-0.20,0.97
65.08,R_LittleIntermediate,39.51,75.09,109.63,0.11,0.10,-0.28,0.95
65.08,R_IndexProximal,33.55,77.00,108.78,0.11,0.01,-0.07,0.99
65.08,R_MiddleProximal,35.76,77.01,108.58,0.14,0.02,-0.12,0.98
65.08,R_ThumbProximal,30.68,76.62,105.53,-0.07,-0.08,0.40,0.91
65.08,R_RingProximal,37.48,76.21,107.78,0.05,0.06,-0.16,0.98
65.08,L_LittleProximal,-5.72,57.44,95.29,-0.73,-0.24,-0.17,-0.62
65.10,Main Camera,0.08,118.34,84.72,0.02,0.03,-0.02,-1.00
65.10,R_Palm,35.39,76.71,105.55,-0.02,0.03,-0.10,0.99
65.10,R_ThumbTip,28.82,77.17,110.90,-0.16,-0.19,0.47,0.85
65.10,R_IndexTip,33.67,74.95,116.88,0.13,0.04,-0.11,0.98
65.10,R_MiddleTip,35.98,74.46,117.67,0.12,0.04,-0.17,0.98
65.10,R_RingTip,38.07,74.71,116.53,0.12,0.02,-0.21,0.97
65.10,R_LittleTip,39.83,74.15,113.67,0.11,0.05,-0.29,0.95
65.10,R_ThumbDistal,30.01,76.83,108.79,-0.16,-0.19,0.47,0.85
65.10,R_IndexIntermediate,33.52,76.16,112.43,0.15,0.01,-0.10,0.98
65.10,R_MiddleIntermediate,35.80,75.86,112.66,0.16,0.02,-0.13,0.98
65.10,R_RingIntermediate,37.85,75.75,111.59,0.11,0.05,-0.20,0.97
65.10,R_LittleIntermediate,39.51,75.10,109.61,0.11,0.10,-0.28,0.95
65.10,R_IndexProximal,33.54,77.01,108.76,0.11,0.00,-0.07,0.99
65.10,R_MiddleProximal,35.75,77.01,108.57,0.13,0.02,-0.12,0.98
65.10,R_ThumbProximal,30.68,76.63,105.51,-0.07,-0.08,0.40,0.91
65.10,R_RingProximal,37.48,76.21,107.77,0.05,0.06,-0.16,0.98
65.10,L_LittleProximal,-5.72,57.49,95.29,-0.73,-0.24,-0.17,-0.62
65.11,Main Camera,0.08,118.34,84.71,0.02,0.03,-0.02,-1.00
65.11,R_Palm,35.38,76.72,105.55,-0.02,0.03,-0.10,0.99
65.11,R_ThumbTip,28.82,77.18,110.90,-0.16,-0.19,0.47,0.85
65.11,R_IndexTip,33.66,74.95,116.88,0.13,0.04,-0.11,0.98
65.11,R_MiddleTip,35.96,74.47,117.67,0.12,0.04,-0.17,0.98
65.11,R_RingTip,38.06,74.72,116.53,0.12,0.02,-0.21,0.97
65.11,R_LittleTip,39.82,74.15,113.67,0.11,0.05,-0.29,0.95
65.11,R_ThumbDistal,30.00,76.84,108.79,-0.16,-0.19,0.47,0.85
65.11,R_IndexIntermediate,33.51,76.16,112.43,0.15,0.01,-0.10,0.98
65.11,R_MiddleIntermediate,35.79,75.87,112.66,0.16,0.02,-0.13,0.98
65.11,R_RingIntermediate,37.84,75.75,111.59,0.10,0.05,-0.20,0.97
65.11,R_LittleIntermediate,39.49,75.10,109.61,0.11,0.10,-0.28,0.95
65.11,R_IndexProximal,33.53,77.01,108.76,0.11,0.00,-0.07,0.99
65.11,R_MiddleProximal,35.74,77.02,108.57,0.13,0.02,-0.12,0.98
65.11,R_ThumbProximal,30.67,76.64,105.52,-0.07,-0.08,0.40,0.91
65.11,R_RingProximal,37.47,76.22,107.77,0.05,0.06,-0.16,0.98
65.11,L_LittleProximal,-5.71,57.51,95.28,-0.73,-0.24,-0.17,-0.62
65.13,Main Camera,0.08,118.34,84.70,0.02,0.03,-0.01,-1.00
65.13,R_Palm,35.36,76.74,105.54,-0.01,0.03,-0.10,0.99
65.13,R_ThumbTip,28.81,77.20,110.89,-0.16,-0.19,0.47,0.85
65.13,R_IndexTip,33.64,74.98,116.87,0.13,0.04,-0.11,0.98
65.13,R_MiddleTip,35.95,74.51,117.66,0.12,0.04,-0.16,0.98
65.13,R_RingTip,38.04,74.75,116.52,0.12,0.02,-0.21,0.97
65.13,R_LittleTip,39.81,74.19,113.66,0.11,0.04,-0.29,0.95
65.13,R_ThumbDistal,29.99,76.86,108.78,-0.16,-0.19,0.47,0.85
65.13,R_IndexIntermediate,33.49,76.18,112.41,0.15,0.01,-0.10,0.98
65.13,R_MiddleIntermediate,35.77,75.89,112.65,0.16,0.02,-0.13,0.98
65.13,R_RingIntermediate,37.82,75.78,111.58,0.10,0.05,-0.20,0.97
65.13,R_LittleIntermediate,39.48,75.12,109.60,0.11,0.09,-0.28,0.95
65.13,R_IndexProximal,33.52,77.03,108.75,0.11,0.00,-0.07,0.99
65.13,R_MiddleProximal,35.73,77.04,108.55,0.13,0.02,-0.12,0.98
65.13,R_ThumbProximal,30.66,76.66,105.50,-0.07,-0.08,0.40,0.91
65.13,R_RingProximal,37.45,76.24,107.76,0.05,0.06,-0.16,0.98
65.13,L_LittleProximal,-5.73,57.49,95.27,-0.73,-0.24,-0.17,-0.62
65.14,Main Camera,0.08,118.34,84.70,0.02,0.03,-0.01,-1.00
65.14,R_Palm,35.35,76.76,105.55,-0.01,0.03,-0.10,0.99
65.14,R_ThumbTip,28.79,77.21,110.90,-0.16,-0.19,0.47,0.85
65.14,R_IndexTip,33.62,75.00,116.89,0.13,0.04,-0.11,0.98
65.14,R_MiddleTip,35.92,74.53,117.68,0.12,0.04,-0.16,0.98
65.14,R_RingTip,38.02,74.79,116.54,0.12,0.02,-0.21,0.97
65.14,R_LittleTip,39.79,74.21,113.68,0.11,0.04,-0.28,0.95
65.14,R_ThumbDistal,29.98,76.87,108.80,-0.16,-0.19,0.47,0.85
65.14,R_IndexIntermediate,33.47,76.20,112.43,0.15,0.01,-0.10,0.98
65.14,R_MiddleIntermediate,35.75,75.91,112.67,0.16,0.02,-0.13,0.98
65.14,R_RingIntermediate,37.80,75.80,111.59,0.10,0.05,-0.20,0.97
65.14,R_LittleIntermediate,39.46,75.15,109.61,0.11,0.09,-0.28,0.95
65.14,R_IndexProximal,33.50,77.04,108.76,0.11,0.00,-0.07,0.99
65.14,R_MiddleProximal,35.71,77.05,108.57,0.13,0.02,-0.12,0.98
65.14,R_ThumbProximal,30.65,76.68,105.52,-0.07,-0.08,0.40,0.91
65.14,R_RingProximal,37.44,76.25,107.77,0.05,0.06,-0.16,0.98
65.14,L_LittleProximal,-5.72,57.48,95.27,-0.73,-0.24,-0.17,-0.62
65.15,Main Camera,0.08,118.34,84.69,0.02,0.03,-0.01,-1.00
65.15,R_Palm,35.33,76.78,105.58,-0.01,0.03,-0.10,0.99
65.15,R_ThumbTip,28.77,77.23,110.93,-0.16,-0.19,0.47,0.85
65.15,R_IndexTip,33.59,75.03,116.92,0.13,0.04,-0.11,0.98
65.15,R_MiddleTip,35.89,74.57,117.71,0.11,0.04,-0.16,0.98
65.15,R_RingTip,37.99,74.83,116.57,0.11,0.02,-0.21,0.97
65.15,R_LittleTip,39.76,74.25,113.71,0.11,0.04,-0.28,0.95
65.15,R_ThumbDistal,29.96,76.89,108.82,-0.16,-0.19,0.47,0.85
65.15,R_IndexIntermediate,33.44,76.22,112.45,0.15,0.01,-0.10,0.98
65.15,R_MiddleIntermediate,35.73,75.94,112.70,0.16,0.02,-0.13,0.98
65.15,R_RingIntermediate,37.78,75.83,111.62,0.10,0.05,-0.20,0.97
65.15,R_LittleIntermediate,39.43,75.18,109.64,0.11,0.09,-0.28,0.95
65.15,R_IndexProximal,33.48,77.07,108.79,0.11,0.00,-0.07,0.99
65.15,R_MiddleProximal,35.68,77.08,108.60,0.13,0.02,-0.12,0.98
65.15,R_ThumbProximal,30.63,76.70,105.54,-0.07,-0.08,0.40,0.91
65.15,R_RingProximal,37.41,76.28,107.80,0.05,0.06,-0.16,0.98
65.15,L_LittleProximal,-5.72,57.47,95.27,-0.73,-0.24,-0.17,-0.62
65.17,Main Camera,0.08,118.34,84.69,0.01,0.03,-0.01,-1.00
65.17,R_Palm,35.32,76.79,105.57,-0.01,0.03,-0.10,0.99
65.17,R_ThumbTip,28.77,77.24,110.92,-0.16,-0.19,0.47,0.85
65.17,R_IndexTip,33.58,75.04,116.91,0.13,0.04,-0.11,0.98
65.17,R_MiddleTip,35.88,74.59,117.70,0.11,0.04,-0.16,0.98
65.17,R_RingTip,37.98,74.85,116.56,0.11,0.02,-0.21,0.97
65.17,R_LittleTip,39.74,74.27,113.70,0.11,0.04,-0.28,0.95
65.17,R_ThumbDistal,29.96,76.89,108.81,-0.16,-0.19,0.47,0.85
65.17,R_IndexIntermediate,33.43,76.23,112.44,0.15,0.01,-0.10,0.98
65.17,R_MiddleIntermediate,35.71,75.94,112.69,0.16,0.02,-0.13,0.98
65.17,R_RingIntermediate,37.76,75.83,111.61,0.10,0.05,-0.20,0.97
65.17,R_LittleIntermediate,39.42,75.19,109.63,0.11,0.09,-0.28,0.95
65.17,R_IndexProximal,33.47,77.07,108.78,0.11,0.00,-0.07,0.99
65.17,R_MiddleProximal,35.67,77.08,108.59,0.13,0.02,-0.12,0.98
65.17,R_ThumbProximal,30.63,76.70,105.53,-0.07,-0.08,0.40,0.91
65.17,R_RingProximal,37.40,76.29,107.79,0.05,0.06,-0.16,0.98
65.17,L_LittleProximal,-5.72,57.44,95.26,-0.73,-0.24,-0.17,-0.62
65.18,Main Camera,0.07,118.34,84.68,0.01,0.03,-0.01,-1.00
65.18,R_Palm,35.30,76.80,105.56,-0.01,0.03,-0.10,0.99
65.18,R_ThumbTip,28.76,77.25,110.91,-0.16,-0.19,0.47,0.85
65.18,R_IndexTip,33.56,75.06,116.90,0.13,0.04,-0.11,0.98
65.18,R_MiddleTip,35.86,74.61,117.70,0.11,0.04,-0.16,0.98
65.18,R_RingTip,37.96,74.87,116.56,0.11,0.02,-0.21,0.97
65.18,R_LittleTip,39.73,74.29,113.70,0.11,0.04,-0.28,0.95
65.18,R_ThumbDistal,29.95,76.91,108.81,-0.16,-0.19,0.47,0.85
65.18,R_IndexIntermediate,33.42,76.24,112.44,0.15,0.01,-0.10,0.98
65.18,R_MiddleIntermediate,35.69,75.96,112.68,0.16,0.02,-0.13,0.98
65.18,R_RingIntermediate,37.75,75.85,111.61,0.10,0.05,-0.20,0.97
65.18,R_LittleIntermediate,39.40,75.20,109.63,0.11,0.09,-0.28,0.95
65.18,R_IndexProximal,33.45,77.08,108.77,0.11,0.00,-0.07,0.99
65.18,R_MiddleProximal,35.66,77.09,108.58,0.13,0.02,-0.12,0.98
65.18,R_ThumbProximal,30.62,76.71,105.53,-0.07,-0.08,0.40,0.91
65.18,R_RingProximal,37.39,76.30,107.78,0.05,0.06,-0.16,0.98
65.18,L_LittleProximal,-5.70,57.37,95.28,-0.73,-0.24,-0.17,-0.62
65.20,Main Camera,0.07,118.34,84.68,0.01,0.03,-0.01,-1.00
65.20,R_Palm,35.29,76.83,105.55,-0.01,0.03,-0.10,0.99
65.20,R_ThumbTip,28.75,77.27,110.91,-0.16,-0.19,0.47,0.85
65.20,R_IndexTip,33.54,75.09,116.90,0.13,0.04,-0.11,0.99
65.20,R_MiddleTip,35.84,74.64,117.69,0.11,0.04,-0.16,0.98
65.20,R_RingTip,37.94,74.91,116.55,0.11,0.02,-0.21,0.97
65.20,R_LittleTip,39.71,74.32,113.69,0.11,0.04,-0.28,0.95
65.20,R_ThumbDistal,29.94,76.93,108.80,-0.16,-0.19,0.47,0.85
65.20,R_IndexIntermediate,33.40,76.27,112.43,0.15,0.01,-0.10,0.98
65.20,R_MiddleIntermediate,35.67,75.98,112.67,0.16,0.02,-0.13,0.98
65.20,R_RingIntermediate,37.73,75.88,111.60,0.10,0.05,-0.20,0.97
65.20,R_LittleIntermediate,39.38,75.22,109.62,0.11,0.09,-0.28,0.95
65.20,R_IndexProximal,33.43,77.10,108.76,0.11,0.00,-0.07,0.99
65.20,R_MiddleProximal,35.64,77.12,108.57,0.13,0.02,-0.12,0.98
65.20,R_ThumbProximal,30.60,76.74,105.52,-0.07,-0.08,0.40,0.91
65.20,R_RingProximal,37.37,76.32,107.77,0.05,0.05,-0.16,0.98
65.20,L_LittleProximal,-5.68,57.35,95.27,-0.73,-0.24,-0.17,-0.62
65.21,Main Camera,0.07,118.34,84.67,0.01,0.03,-0.01,-1.00
65.21,R_Palm,35.28,76.85,105.55,-0.01,0.03,-0.10,0.99
65.21,R_ThumbTip,28.74,77.29,110.91,-0.16,-0.19,0.47,0.85
65.21,R_IndexTip,33.53,75.12,116.89,0.13,0.04,-0.11,0.99
65.21,R_MiddleTip,35.82,74.67,117.69,0.11,0.04,-0.16,0.98
65.21,R_RingTip,37.92,74.94,116.55,0.11,0.02,-0.21,0.97
65.21,R_LittleTip,39.69,74.35,113.69,0.10,0.04,-0.28,0.95
65.21,R_ThumbDistal,29.93,76.95,108.80,-0.16,-0.19,0.47,0.85
65.21,R_IndexIntermediate,33.38,76.29,112.43,0.15,0.01,-0.10,0.98
65.21,R_MiddleIntermediate,35.66,76.00,112.67,0.16,0.02,-0.13,0.98
65.21,R_RingIntermediate,37.71,75.90,111.60,0.10,0.05,-0.20,0.97
65.21,R_LittleIntermediate,39.37,75.24,109.61,0.11,0.09,-0.28,0.95
65.21,R_IndexProximal,33.42,77.13,108.76,0.11,0.00,-0.07,0.99
65.21,R_MiddleProximal,35.63,77.14,108.57,0.13,0.02,-0.12,0.98
65.21,R_ThumbProximal,30.59,76.76,105.52,-0.07,-0.08,0.40,0.91
65.21,R_RingProximal,37.36,76.34,107.77,0.05,0.05,-0.16,0.98
65.21,L_LittleProximal,-5.69,57.32,95.27,-0.73,-0.24,-0.17,-0.62
65.22,Main Camera,0.08,118.33,84.66,0.01,0.03,-0.01,-1.00
65.22,R_Palm,35.27,76.85,105.55,-0.01,0.03,-0.10,0.99
65.22,R_ThumbTip,28.74,77.29,110.91,-0.16,-0.19,0.47,0.85
65.22,R_IndexTip,33.52,75.13,116.89,0.12,0.04,-0.11,0.99
65.22,R_MiddleTip,35.81,74.68,117.69,0.11,0.04,-0.16,0.98
65.22,R_RingTip,37.92,74.95,116.55,0.11,0.02,-0.21,0.97
65.22,R_LittleTip,39.69,74.37,113.68,0.10,0.04,-0.28,0.95
65.22,R_ThumbDistal,29.93,76.95,108.80,-0.16,-0.19,0.47,0.85
65.22,R_IndexIntermediate,33.38,76.30,112.42,0.14,0.01,-0.10,0.98
65.22,R_MiddleIntermediate,35.65,76.01,112.67,0.16,0.02,-0.13,0.98
65.22,R_RingIntermediate,37.71,75.90,111.59,0.10,0.05,-0.20,0.97
65.22,R_LittleIntermediate,39.36,75.25,109.61,0.11,0.09,-0.28,0.95
65.22,R_IndexProximal,33.42,77.13,108.76,0.11,0.00,-0.07,0.99
65.22,R_MiddleProximal,35.63,77.14,108.56,0.13,0.02,-0.12,0.98
65.22,R_ThumbProximal,30.59,76.76,105.52,-0.07,-0.08,0.40,0.91
65.22,R_RingProximal,37.35,76.34,107.77,0.05,0.05,-0.16,0.98
65.22,L_LittleProximal,-5.69,57.28,95.26,-0.73,-0.24,-0.17,-0.62
65.24,Main Camera,0.09,118.32,84.64,0.01,0.03,-0.01,-1.00
65.24,R_Palm,35.26,76.86,105.54,-0.01,0.03,-0.10,0.99
65.24,R_ThumbTip,28.75,77.29,110.91,-0.16,-0.19,0.47,0.85
65.24,R_IndexTip,33.52,75.14,116.89,0.12,0.04,-0.11,0.99
65.24,R_MiddleTip,35.81,74.69,117.69,0.11,0.04,-0.16,0.98
65.24,R_RingTip,37.92,74.96,116.54,0.11,0.02,-0.21,0.97
65.24,R_LittleTip,39.68,74.38,113.68,0.10,0.04,-0.28,0.95
65.24,R_ThumbDistal,29.93,76.95,108.80,-0.16,-0.19,0.47,0.85
65.24,R_IndexIntermediate,33.37,76.30,112.42,0.14,0.01,-0.10,0.98
65.24,R_MiddleIntermediate,35.65,76.01,112.66,0.16,0.02,-0.13,0.98
65.24,R_RingIntermediate,37.70,75.91,111.58,0.10,0.05,-0.20,0.97
65.24,R_LittleIntermediate,39.35,75.26,109.60,0.11,0.09,-0.28,0.95
65.24,R_IndexProximal,33.41,77.14,108.75,0.11,0.00,-0.07,0.99
65.24,R_MiddleProximal,35.62,77.14,108.56,0.13,0.02,-0.12,0.98
65.24,R_ThumbProximal,30.58,76.77,105.52,-0.06,-0.08,0.40,0.91
65.24,R_RingProximal,37.35,76.35,107.76,0.05,0.05,-0.16,0.98
65.24,L_LittleProximal,-5.68,57.23,95.26,-0.73,-0.24,-0.17,-0.62
65.25,Main Camera,0.09,118.33,84.64,0.01,0.03,-0.01,-1.00
65.25,R_Palm,35.27,76.85,105.56,-0.01,0.03,-0.10,0.99
65.25,R_ThumbTip,28.76,77.28,110.93,-0.16,-0.19,0.47,0.85
65.25,R_IndexTip,33.53,75.14,116.91,0.12,0.04,-0.11,0.99
65.25,R_MiddleTip,35.82,74.69,117.70,0.11,0.04,-0.16,0.98
65.25,R_RingTip,37.92,74.97,116.56,0.11,0.02,-0.21,0.97
65.25,R_LittleTip,39.69,74.38,113.69,0.10,0.04,-0.28,0.95
65.25,R_ThumbDistal,29.94,76.94,108.82,-0.16,-0.19,0.47,0.85
65.25,R_IndexIntermediate,33.38,76.30,112.44,0.14,0.01,-0.10,0.98
65.25,R_MiddleIntermediate,35.65,76.01,112.68,0.16,0.02,-0.13,0.98
65.25,R_RingIntermediate,37.71,75.91,111.60,0.10,0.05,-0.20,0.97
65.25,R_LittleIntermediate,39.36,75.25,109.61,0.11,0.09,-0.28,0.95
65.25,R_IndexProximal,33.42,77.13,108.77,0.11,0.00,-0.07,0.99
65.25,R_MiddleProximal,35.62,77.14,108.57,0.13,0.02,-0.12,0.98
65.25,R_ThumbProximal,30.58,76.76,105.54,-0.06,-0.08,0.40,0.91
65.25,R_RingProximal,37.35,76.34,107.77,0.05,0.05,-0.16,0.98
65.25,L_LittleProximal,-5.67,57.24,95.28,-0.73,-0.24,-0.17,-0.62
65.27,Main Camera,0.09,118.33,84.63,0.01,0.03,-0.01,-1.00
65.27,R_Palm,35.27,76.84,105.55,-0.01,0.04,-0.10,0.99
65.27,R_ThumbTip,28.77,77.26,110.93,-0.16,-0.19,0.47,0.85
65.27,R_IndexTip,33.54,75.13,116.90,0.12,0.04,-0.11,0.99
65.27,R_MiddleTip,35.83,74.69,117.70,0.11,0.04,-0.16,0.98
65.27,R_RingTip,37.94,74.96,116.55,0.11,0.02,-0.21,0.97
65.27,R_LittleTip,39.70,74.38,113.68,0.10,0.04,-0.28,0.95
65.27,R_ThumbDistal,29.95,76.93,108.82,-0.16,-0.19,0.47,0.85
65.27,R_IndexIntermediate,33.39,76.29,112.43,0.14,0.01,-0.10,0.98
65.27,R_MiddleIntermediate,35.66,76.00,112.67,0.16,0.02,-0.13,0.98
65.27,R_RingIntermediate,37.71,75.89,111.59,0.10,0.05,-0.20,0.97
65.27,R_LittleIntermediate,39.36,75.24,109.60,0.11,0.09,-0.28,0.95
65.27,R_IndexProximal,33.43,77.12,108.76,0.11,0.00,-0.07,0.99
65.27,R_MiddleProximal,35.63,77.13,108.57,0.13,0.02,-0.12,0.98
65.27,R_ThumbProximal,30.59,76.75,105.54,-0.06,-0.08,0.40,0.91
65.27,R_RingProximal,37.36,76.33,107.77,0.05,0.05,-0.16,0.98
65.27,L_LittleProximal,-5.70,57.25,95.26,-0.73,-0.24,-0.17,-0.62
65.28,Main Camera,0.08,118.33,84.62,0.01,0.03,-0.01,-1.00
65.28,R_Palm,35.26,76.84,105.56,-0.01,0.04,-0.10,0.99
65.28,R_ThumbTip,28.76,77.26,110.94,-0.16,-0.19,0.47,0.85
65.28,R_IndexTip,33.53,75.13,116.91,0.12,0.04,-0.11,0.99
65.28,R_MiddleTip,35.82,74.69,117.71,0.11,0.04,-0.16,0.98
65.28,R_RingTip,37.92,74.97,116.56,0.10,0.02,-0.21,0.97
65.28,R_LittleTip,39.69,74.38,113.69,0.10,0.04,-0.28,0.95
65.28,R_ThumbDistal,29.94,76.92,108.83,-0.16,-0.19,0.47,0.85
65.28,R_IndexIntermediate,33.38,76.28,112.44,0.14,0.01,-0.10,0.98
65.28,R_MiddleIntermediate,35.65,75.99,112.68,0.16,0.02,-0.13,0.98
65.28,R_RingIntermediate,37.70,75.89,111.60,0.10,0.05,-0.20,0.97
65.28,R_LittleIntermediate,39.35,75.24,109.61,0.11,0.09,-0.28,0.95
65.28,R_IndexProximal,33.41,77.11,108.77,0.11,0.00,-0.07,0.99
65.28,R_MiddleProximal,35.62,77.12,108.58,0.13,0.02,-0.12,0.98
65.28,R_ThumbProximal,30.58,76.75,105.55,-0.06,-0.08,0.40,0.91
65.28,R_RingProximal,37.34,76.33,107.77,0.05,0.05,-0.16,0.98
65.28,L_LittleProximal,-5.69,57.26,95.26,-0.73,-0.24,-0.17,-0.62
65.29,Main Camera,0.08,118.33,84.61,0.01,0.03,-0.01,-1.00
65.29,R_Palm,35.25,76.83,105.55,-0.01,0.04,-0.10,0.99
65.29,R_ThumbTip,28.76,77.25,110.94,-0.16,-0.19,0.47,0.85
65.29,R_IndexTip,33.53,75.13,116.91,0.12,0.04,-0.11,0.99
65.29,R_MiddleTip,35.81,74.68,117.70,0.11,0.04,-0.16,0.98
65.29,R_RingTip,37.92,74.97,116.55,0.10,0.02,-0.21,0.97
65.29,R_LittleTip,39.69,74.38,113.68,0.10,0.04,-0.28,0.95
65.29,R_ThumbDistal,29.94,76.92,108.83,-0.16,-0.19,0.47,0.85
65.29,R_IndexIntermediate,33.37,76.27,112.43,0.14,0.01,-0.10,0.98
65.29,R_MiddleIntermediate,35.64,75.98,112.67,0.16,0.02,-0.13,0.98
65.29,R_RingIntermediate,37.69,75.88,111.59,0.10,0.05,-0.20,0.97
65.29,R_LittleIntermediate,39.34,75.24,109.60,0.10,0.09,-0.28,0.95
65.29,R_IndexProximal,33.41,77.10,108.77,0.11,0.00,-0.07,0.99
65.29,R_MiddleProximal,35.61,77.12,108.57,0.13,0.02,-0.12,0.98
65.29,R_ThumbProximal,30.57,76.74,105.54,-0.06,-0.08,0.40,0.91
65.29,R_RingProximal,37.34,76.32,107.77,0.05,0.05,-0.16,0.98
65.29,L_LittleProximal,-5.68,57.27,95.27,-0.73,-0.24,-0.17,-0.62
65.31,Main Camera,0.08,118.33,84.60,0.01,0.03,-0.01,-1.00
65.31,R_Palm,35.24,76.84,105.55,-0.01,0.04,-0.10,0.99
65.31,R_ThumbTip,28.75,77.26,110.94,-0.16,-0.19,0.47,0.85
65.31,R_IndexTip,33.52,75.14,116.91,0.12,0.04,-0.11,0.99
65.31,R_MiddleTip,35.80,74.70,117.70,0.11,0.04,-0.16,0.98
65.31,R_RingTip,37.90,74.99,116.55,0.10,0.02,-0.20,0.97
65.31,R_LittleTip,39.67,74.40,113.69,0.10,0.04,-0.28,0.95
65.31,R_ThumbDistal,29.93,76.92,108.83,-0.16,-0.19,0.47,0.85
65.31,R_IndexIntermediate,33.36,76.28,112.43,0.14,0.01,-0.10,0.98
65.31,R_MiddleIntermediate,35.63,75.99,112.67,0.15,0.02,-0.13,0.98
65.31,R_RingIntermediate,37.68,75.90,111.59,0.09,0.05,-0.20,0.97
65.31,R_LittleIntermediate,39.32,75.25,109.60,0.10,0.09,-0.28,0.95
65.31,R_IndexProximal,33.39,77.11,108.76,0.11,0.00,-0.07,0.99
65.31,R_MiddleProximal,35.60,77.12,108.57,0.13,0.02,-0.12,0.98
65.31,R_ThumbProximal,30.56,76.75,105.54,-0.06,-0.08,0.40,0.91
65.31,R_RingProximal,37.32,76.33,107.76,0.05,0.05,-0.16,0.98
65.31,L_LittleProximal,-5.69,57.29,95.26,-0.73,-0.24,-0.17,-0.62
65.32,Main Camera,0.08,118.33,84.60,0.01,0.03,-0.01,-1.00
65.32,R_Palm,35.22,76.85,105.55,-0.01,0.04,-0.10,0.99
65.32,R_ThumbTip,28.73,77.28,110.94,-0.16,-0.19,0.47,0.85
65.32,R_IndexTip,33.50,75.16,116.91,0.12,0.04,-0.11,0.99
65.32,R_MiddleTip,35.78,74.72,117.70,0.10,0.04,-0.16,0.98
65.32,R_RingTip,37.88,75.01,116.56,0.10,0.02,-0.20,0.97
65.32,R_LittleTip,39.65,74.43,113.69,0.10,0.04,-0.28,0.95
65.32,R_ThumbDistal,29.92,76.94,108.83,-0.16,-0.19,0.47,0.85
65.32,R_IndexIntermediate,33.34,76.29,112.43,0.14,0.01,-0.10,0.98
65.32,R_MiddleIntermediate,35.61,76.01,112.67,0.15,0.02,-0.13,0.98
65.32,R_RingIntermediate,37.66,75.91,111.59,0.09,0.05,-0.20,0.97
65.32,R_LittleIntermediate,39.31,75.26,109.60,0.10,0.09,-0.28,0.95
65.32,R_IndexProximal,33.37,77.12,108.76,0.11,0.00,-0.07,0.99
65.32,R_MiddleProximal,35.58,77.14,108.57,0.13,0.02,-0.12,0.98
65.32,R_ThumbProximal,30.55,76.76,105.54,-0.06,-0.08,0.40,0.91
65.32,R_RingProximal,37.31,76.34,107.76,0.05,0.05,-0.16,0.98
65.32,L_LittleProximal,-5.69,57.31,95.25,-0.73,-0.24,-0.17,-0.62
65.33,Main Camera,0.08,118.33,84.60,0.01,0.03,-0.01,-1.00
65.33,R_Palm,35.22,76.85,105.52,-0.01,0.04,-0.10,0.99
65.33,R_ThumbTip,28.73,77.27,110.91,-0.16,-0.19,0.47,0.85
65.33,R_IndexTip,33.50,75.16,116.88,0.12,0.04,-0.11,0.99
65.33,R_MiddleTip,35.78,74.73,117.68,0.10,0.04,-0.16,0.98
65.33,R_RingTip,37.88,75.02,116.53,0.10,0.02,-0.20,0.97
65.33,R_LittleTip,39.65,74.43,113.66,0.10,0.04,-0.28,0.95
65.33,R_ThumbDistal,29.92,76.93,108.80,-0.16,-0.19,0.47,0.85
65.33,R_IndexIntermediate,33.34,76.29,112.41,0.14,0.01,-0.10,0.99
65.33,R_MiddleIntermediate,35.61,76.00,112.65,0.15,0.02,-0.13,0.98
65.33,R_RingIntermediate,37.66,75.91,111.56,0.09,0.05,-0.20,0.97
65.33,R_LittleIntermediate,39.31,75.26,109.57,0.10,0.09,-0.28,0.95
65.33,R_IndexProximal,33.37,77.12,108.74,0.11,0.00,-0.07,0.99
65.33,R_MiddleProximal,35.58,77.13,108.54,0.13,0.02,-0.12,0.98
65.33,R_ThumbProximal,30.55,76.75,105.52,-0.06,-0.08,0.41,0.91
65.33,R_RingProximal,37.31,76.34,107.74,0.05,0.05,-0.16,0.98
65.33,L_LittleProximal,-5.71,57.32,95.25,-0.73,-0.24,-0.17,-0.62
65.35,Main Camera,0.08,118.33,84.58,0.01,0.03,-0.01,-1.00
65.35,R_Palm,35.21,76.88,105.52,-0.01,0.04,-0.10,0.99
65.35,R_ThumbTip,28.73,77.29,110.91,-0.16,-0.19,0.47,0.85
65.35,R_IndexTip,33.49,75.19,116.88,0.12,0.04,-0.11,0.99
65.35,R_MiddleTip,35.77,74.76,117.68,0.10,0.04,-0.16,0.98
65.35,R_RingTip,37.87,75.05,116.53,0.10,0.02,-0.20,0.97
65.35,R_LittleTip,39.65,74.47,113.66,0.09,0.04,-0.28,0.95
65.35,R_ThumbDistal,29.92,76.95,108.80,-0.16,-0.19,0.47,0.85
65.35,R_IndexIntermediate,33.33,76.31,112.40,0.14,0.01,-0.10,0.99
65.35,R_MiddleIntermediate,35.60,76.03,112.64,0.15,0.02,-0.13,0.98
65.35,R_RingIntermediate,37.65,75.94,111.56,0.09,0.05,-0.20,0.98
65.35,R_LittleIntermediate,39.30,75.29,109.57,0.10,0.09,-0.28,0.95
65.35,R_IndexProximal,33.37,77.14,108.74,0.11,0.00,-0.07,0.99
65.35,R_MiddleProximal,35.57,77.16,108.54,0.13,0.02,-0.12,0.98
65.35,R_ThumbProximal,30.54,76.78,105.52,-0.06,-0.08,0.41,0.91
65.35,R_RingProximal,37.30,76.37,107.73,0.05,0.05,-0.16,0.98
65.35,L_LittleProximal,-5.70,57.34,95.25,-0.73,-0.24,-0.17,-0.62
65.36,Main Camera,0.08,118.33,84.58,0.01,0.03,-0.01,-1.00
65.36,R_Palm,35.21,76.88,105.51,-0.01,0.04,-0.10,0.99
65.36,R_ThumbTip,28.73,77.28,110.90,-0.16,-0.19,0.47,0.85
65.36,R_IndexTip,33.48,75.19,116.87,0.12,0.04,-0.11,0.99
65.36,R_MiddleTip,35.76,74.76,117.67,0.10,0.04,-0.16,0.98
65.36,R_RingTip,37.86,75.06,116.52,0.10,0.02,-0.20,0.97
65.36,R_LittleTip,39.64,74.47,113.65,0.09,0.04,-0.28,0.95
65.36,R_ThumbDistal,29.92,76.95,108.79,-0.16,-0.19,0.47,0.85
65.36,R_IndexIntermediate,33.33,76.31,112.39,0.14,0.01,-0.10,0.99
65.36,R_MiddleIntermediate,35.59,76.03,112.63,0.15,0.02,-0.13,0.98
65.36,R_RingIntermediate,37.64,75.94,111.55,0.09,0.05,-0.19,0.98
65.36,R_LittleIntermediate,39.29,75.29,109.56,0.10,0.09,-0.28,0.95
65.36,R_IndexProximal,33.36,77.14,108.72,0.11,0.00,-0.07,0.99
65.36,R_MiddleProximal,35.57,77.16,108.53,0.13,0.02,-0.12,0.98
65.36,R_ThumbProximal,30.54,76.77,105.50,-0.06,-0.08,0.41,0.91
65.36,R_RingProximal,37.29,76.37,107.72,0.05,0.05,-0.16,0.98
65.36,L_LittleProximal,-5.70,57.37,95.25,-0.73,-0.24,-0.16,-0.62
65.38,Main Camera,0.08,118.33,84.57,0.01,0.03,-0.01,-1.00
65.38,R_Palm,35.22,76.87,105.51,-0.01,0.04,-0.10,0.99
65.38,R_ThumbTip,28.75,77.27,110.90,-0.16,-0.19,0.47,0.85
65.38,R_IndexTip,33.50,75.18,116.87,0.12,0.04,-0.11,0.99
65.38,R_MiddleTip,35.77,74.75,117.67,0.10,0.04,-0.16,0.98
65.38,R_RingTip,37.87,75.05,116.52,0.10,0.02,-0.20,0.97
65.38,R_LittleTip,39.65,74.46,113.65,0.09,0.04,-0.28,0.95
65.38,R_ThumbDistal,29.94,76.93,108.80,-0.16,-0.19,0.47,0.85
65.38,R_IndexIntermediate,33.34,76.30,112.39,0.14,0.01,-0.10,0.99
65.38,R_MiddleIntermediate,35.60,76.01,112.63,0.15,0.02,-0.13,0.98
65.38,R_RingIntermediate,37.65,75.92,111.55,0.09,0.05,-0.19,0.98
65.38,R_LittleIntermediate,39.30,75.28,109.56,0.10,0.09,-0.28,0.95
65.38,R_IndexProximal,33.37,77.13,108.73,0.11,0.00,-0.07,0.99
65.38,R_MiddleProximal,35.58,77.14,108.53,0.13,0.02,-0.12,0.98
65.38,R_ThumbProximal,30.56,76.76,105.51,-0.06,-0.07,0.41,0.91
65.38,R_RingProximal,37.31,76.35,107.72,0.05,0.05,-0.16,0.98
65.38,L_LittleProximal,-5.69,57.37,95.27,-0.73,-0.24,-0.16,-0.61
65.39,Main Camera,0.08,118.32,84.57,0.01,0.03,-0.01,-1.00
65.39,R_Palm,35.23,76.87,105.53,-0.01,0.04,-0.10,0.99
65.39,R_ThumbTip,28.76,77.26,110.93,-0.16,-0.19,0.47,0.85
65.39,R_IndexTip,33.50,75.18,116.90,0.12,0.04,-0.11,0.99
65.39,R_MiddleTip,35.77,74.76,117.69,0.10,0.04,-0.16,0.98
65.39,R_RingTip,37.88,75.06,116.54,0.10,0.02,-0.20,0.97
65.39,R_LittleTip,39.65,74.47,113.67,0.09,0.04,-0.28,0.95
65.39,R_ThumbDistal,29.95,76.93,108.82,-0.16,-0.19,0.47,0.85
65.39,R_IndexIntermediate,33.34,76.30,112.41,0.14,0.01,-0.10,0.99
65.39,R_MiddleIntermediate,35.60,76.02,112.65,0.15,0.02,-0.13,0.98
65.39,R_RingIntermediate,37.65,75.93,111.57,0.09,0.05,-0.19,0.98
65.39,R_LittleIntermediate,39.30,75.29,109.58,0.10,0.09,-0.28,0.95
65.39,R_IndexProximal,33.38,77.13,108.74,0.11,0.00,-0.07,0.99
65.39,R_MiddleProximal,35.58,77.15,108.55,0.13,0.02,-0.12,0.98
65.39,R_ThumbProximal,30.56,76.76,105.53,-0.06,-0.07,0.41,0.91
65.39,R_RingProximal,37.31,76.36,107.74,0.05,0.05,-0.16,0.98
65.39,L_LittleProximal,-5.69,57.39,95.26,-0.73,-0.24,-0.16,-0.61
65.40,Main Camera,0.08,118.32,84.57,0.01,0.03,-0.01,-1.00
65.40,R_Palm,35.23,76.87,105.55,-0.01,0.04,-0.10,0.99
65.40,R_ThumbTip,28.78,77.26,110.95,-0.16,-0.19,0.47,0.85
65.40,R_IndexTip,33.51,75.19,116.92,0.12,0.04,-0.11,0.99
65.40,R_MiddleTip,35.77,74.77,117.71,0.10,0.04,-0.16,0.98
65.40,R_RingTip,37.88,75.07,116.56,0.10,0.02,-0.20,0.97
65.40,R_LittleTip,39.65,74.48,113.69,0.09,0.04,-0.28,0.95
65.40,R_ThumbDistal,29.96,76.93,108.84,-0.16,-0.19,0.47,0.85
65.40,R_IndexIntermediate,33.35,76.31,112.43,0.14,0.01,-0.10,0.99
65.40,R_MiddleIntermediate,35.61,76.03,112.68,0.15,0.02,-0.13,0.98
65.40,R_RingIntermediate,37.66,75.93,111.59,0.09,0.05,-0.19,0.98
65.40,R_LittleIntermediate,39.31,75.29,109.60,0.10,0.09,-0.28,0.95
65.40,R_IndexProximal,33.38,77.13,108.77,0.11,0.00,-0.07,0.99
65.40,R_MiddleProximal,35.59,77.15,108.57,0.13,0.02,-0.12,0.98
65.40,R_ThumbProximal,30.57,76.76,105.55,-0.06,-0.07,0.41,0.91
65.40,R_RingProximal,37.32,76.36,107.76,0.05,0.05,-0.16,0.98
65.40,L_LittleProximal,-5.68,57.40,95.26,-0.73,-0.24,-0.16,-0.61
65.42,Main Camera,0.08,118.32,84.56,0.01,0.03,-0.01,-1.00
65.42,R_Palm,35.24,76.86,105.53,-0.01,0.04,-0.10,0.99
65.42,R_ThumbTip,28.79,77.25,110.93,-0.16,-0.19,0.47,0.85
65.42,R_IndexTip,33.51,75.20,116.90,0.12,0.04,-0.11,0.99
65.42,R_MiddleTip,35.77,74.77,117.69,0.10,0.04,-0.16,0.98
65.42,R_RingTip,37.88,75.07,116.54,0.10,0.02,-0.20,0.97
65.42,R_LittleTip,39.65,74.49,113.67,0.09,0.04,-0.28,0.95
65.42,R_ThumbDistal,29.97,76.92,108.82,-0.16,-0.19,0.47,0.85
65.42,R_IndexIntermediate,33.36,76.31,112.41,0.14,0.01,-0.10,0.99
65.42,R_MiddleIntermediate,35.61,76.02,112.65,0.15,0.02,-0.13,0.98
65.42,R_RingIntermediate,37.66,75.93,111.57,0.09,0.05,-0.19,0.98
65.42,R_LittleIntermediate,39.31,75.29,109.58,0.10,0.09,-0.28,0.95
65.42,R_IndexProximal,33.39,77.13,108.74,0.11,0.00,-0.07,0.99
65.42,R_MiddleProximal,35.60,77.14,108.55,0.13,0.02,-0.12,0.98
65.42,R_ThumbProximal,30.58,76.75,105.53,-0.06,-0.07,0.41,0.91
65.42,R_RingProximal,37.33,76.35,107.74,0.05,0.05,-0.16,0.98
65.42,L_LittleProximal,-5.67,57.39,95.28,-0.73,-0.24,-0.16,-0.61
65.43,Main Camera,0.08,118.31,84.56,0.01,0.03,-0.01,-1.00
65.43,R_Palm,35.24,76.86,105.53,-0.01,0.04,-0.10,0.99
65.43,R_ThumbTip,28.80,77.24,110.93,-0.16,-0.19,0.47,0.85
65.43,R_IndexTip,33.51,75.20,116.90,0.12,0.04,-0.11,0.99
65.43,R_MiddleTip,35.77,74.77,117.69,0.10,0.03,-0.16,0.98
65.43,R_RingTip,37.88,75.07,116.54,0.10,0.02,-0.20,0.97
65.43,R_LittleTip,39.65,74.49,113.67,0.09,0.04,-0.28,0.95
65.43,R_ThumbDistal,29.98,76.91,108.82,-0.16,-0.19,0.47,0.85
65.43,R_IndexIntermediate,33.36,76.30,112.41,0.14,0.01,-0.10,0.99
65.43,R_MiddleIntermediate,35.61,76.02,112.65,0.15,0.02,-0.13,0.98
65.43,R_RingIntermediate,37.66,75.93,111.57,0.09,0.05,-0.19,0.98
65.43,R_LittleIntermediate,39.31,75.28,109.58,0.10,0.09,-0.28,0.95
65.43,R_IndexProximal,33.39,77.12,108.74,0.11,0.00,-0.07,0.99
65.43,R_MiddleProximal,35.60,77.14,108.54,0.13,0.02,-0.12,0.98
65.43,R_ThumbProximal,30.59,76.74,105.53,-0.06,-0.07,0.41,0.91
65.43,R_RingProximal,37.33,76.35,107.74,0.05,0.05,-0.16,0.98
65.43,L_LittleProximal,-5.69,57.38,95.26,-0.74,-0.24,-0.16,-0.61
65.45,Main Camera,0.08,118.31,84.56,0.01,0.03,-0.01,-1.00
65.45,R_Palm,35.26,76.85,105.53,-0.01,0.04,-0.10,0.99
65.45,R_ThumbTip,28.82,77.24,110.94,-0.16,-0.19,0.47,0.85
65.45,R_IndexTip,33.53,75.20,116.90,0.12,0.04,-0.11,0.99
65.45,R_MiddleTip,35.78,74.78,117.70,0.10,0.03,-0.16,0.98
65.45,R_RingTip,37.89,75.08,116.55,0.10,0.02,-0.20,0.97
65.45,R_LittleTip,39.67,74.49,113.68,0.09,0.04,-0.28,0.95
65.45,R_ThumbDistal,30.00,76.90,108.82,-0.16,-0.19,0.47,0.85
65.45,R_IndexIntermediate,33.37,76.30,112.41,0.14,0.01,-0.10,0.99
65.45,R_MiddleIntermediate,35.63,76.02,112.65,0.15,0.02,-0.13,0.98
65.45,R_RingIntermediate,37.68,75.93,111.57,0.09,0.05,-0.19,0.98
65.45,R_LittleIntermediate,39.33,75.28,109.58,0.10,0.09,-0.28,0.95
65.45,R_IndexProximal,33.41,77.12,108.74,0.11,0.00,-0.07,0.99
65.45,R_MiddleProximal,35.62,77.13,108.55,0.13,0.02,-0.12,0.98
65.45,R_ThumbProximal,30.61,76.74,105.53,-0.06,-0.07,0.41,0.91
65.45,R_RingProximal,37.35,76.34,107.74,0.05,0.05,-0.16,0.98
65.45,L_LittleProximal,-5.68,57.36,95.28,-0.74,-0.24,-0.16,-0.61
65.46,Main Camera,0.08,118.31,84.57,0.01,0.03,-0.01,-1.00
65.46,R_Palm,35.30,76.80,105.53,-0.01,0.04,-0.10,0.99
65.46,R_ThumbTip,28.87,77.19,110.93,-0.16,-0.19,0.47,0.85
65.46,R_IndexTip,33.57,75.16,116.90,0.12,0.04,-0.11,0.99
65.46,R_MiddleTip,35.82,74.74,117.70,0.10,0.03,-0.16,0.98
65.46,R_RingTip,37.93,75.04,116.54,0.10,0.02,-0.20,0.97
65.46,R_LittleTip,39.71,74.46,113.68,0.09,0.04,-0.28,0.96
65.46,R_ThumbDistal,30.04,76.85,108.82,-0.16,-0.19,0.47,0.85
65.46,R_IndexIntermediate,33.41,76.25,112.41,0.14,0.01,-0.10,0.99
65.46,R_MiddleIntermediate,35.67,75.97,112.65,0.15,0.02,-0.13,0.98
65.46,R_RingIntermediate,37.72,75.88,111.57,0.09,0.05,-0.19,0.98
65.46,R_LittleIntermediate,39.37,75.24,109.58,0.10,0.09,-0.28,0.95
65.46,R_IndexProximal,33.45,77.07,108.74,0.11,0.00,-0.07,0.99
65.46,R_MiddleProximal,35.66,77.09,108.54,0.13,0.02,-0.11,0.98
65.46,R_ThumbProximal,30.65,76.69,105.53,-0.06,-0.07,0.41,0.91
65.46,R_RingProximal,37.39,76.30,107.74,0.05,0.05,-0.16,0.98
65.46,L_LittleProximal,-5.68,57.36,95.29,-0.74,-0.24,-0.16,-0.61
65.47,Main Camera,0.08,118.31,84.57,0.01,0.03,-0.01,-1.00
65.47,R_Palm,35.36,76.73,105.53,-0.01,0.04,-0.10,0.99
65.47,R_ThumbTip,28.93,77.12,110.93,-0.16,-0.19,0.47,0.85
65.47,R_IndexTip,33.63,75.09,116.90,0.11,0.04,-0.11,0.99
65.47,R_MiddleTip,35.88,74.68,117.70,0.10,0.03,-0.16,0.98
65.47,R_RingTip,37.99,74.98,116.54,0.09,0.02,-0.20,0.97
65.47,R_LittleTip,39.77,74.40,113.68,0.09,0.04,-0.28,0.96
65.47,R_ThumbDistal,30.11,76.78,108.82,-0.16,-0.19,0.47,0.85
65.47,R_IndexIntermediate,33.48,76.18,112.41,0.14,0.01,-0.10,0.99
65.47,R_MiddleIntermediate,35.73,75.91,112.65,0.15,0.02,-0.13,0.98
65.47,R_RingIntermediate,37.78,75.82,111.57,0.09,0.05,-0.19,0.98
65.47,R_LittleIntermediate,39.43,75.17,109.58,0.10,0.09,-0.28,0.95
65.47,R_IndexProximal,33.52,77.00,108.74,0.11,0.00,-0.07,0.99
65.47,R_MiddleProximal,35.72,77.02,108.54,0.13,0.02,-0.11,0.98
65.47,R_ThumbProximal,30.71,76.61,105.53,-0.06,-0.07,0.41,0.91
65.47,R_RingProximal,37.45,76.23,107.74,0.05,0.05,-0.16,0.99
65.47,L_LittleProximal,-5.67,57.35,95.30,-0.74,-0.24,-0.16,-0.61
65.49,Main Camera,0.08,118.30,84.56,0.01,0.03,-0.01,-1.00
65.49,R_Palm,35.37,76.71,105.55,-0.01,0.03,-0.10,0.99
65.49,R_ThumbTip,28.93,77.09,110.94,-0.16,-0.19,0.47,0.85
65.49,R_IndexTip,33.63,75.08,116.92,0.11,0.04,-0.11,0.99
65.49,R_MiddleTip,35.88,74.67,117.72,0.10,0.03,-0.16,0.98
65.49,R_RingTip,37.99,74.98,116.57,0.09,0.02,-0.20,0.97
65.49,R_LittleTip,39.77,74.39,113.70,0.09,0.04,-0.28,0.96
65.49,R_ThumbDistal,30.11,76.75,108.84,-0.16,-0.19,0.47,0.85
65.49,R_IndexIntermediate,33.48,76.16,112.43,0.14,0.01,-0.10,0.99
65.49,R_MiddleIntermediate,35.73,75.89,112.67,0.15,0.02,-0.12,0.98
65.49,R_RingIntermediate,37.78,75.80,111.59,0.09,0.05,-0.19,0.98
65.49,R_LittleIntermediate,39.44,75.16,109.60,0.10,0.09,-0.27,0.95
65.49,R_IndexProximal,33.52,76.97,108.75,0.11,0.00,-0.07,0.99
65.49,R_MiddleProximal,35.73,76.99,108.56,0.13,0.02,-0.11,0.98
65.49,R_ThumbProximal,30.72,76.58,105.55,-0.06,-0.07,0.41,0.91
65.49,R_RingProximal,37.46,76.21,107.76,0.05,0.05,-0.16,0.99
65.49,L_LittleProximal,-5.67,57.34,95.30,-0.74,-0.24,-0.16,-0.61
65.50,Main Camera,0.08,118.30,84.56,0.01,0.03,-0.01,-1.00
65.50,R_Palm,35.39,76.67,105.55,-0.01,0.03,-0.10,0.99
65.50,R_ThumbTip,28.95,77.05,110.95,-0.16,-0.19,0.47,0.84
65.50,R_IndexTip,33.65,75.03,116.92,0.11,0.04,-0.11,0.99
65.50,R_MiddleTip,35.89,74.63,117.73,0.10,0.03,-0.16,0.98
65.50,R_RingTip,38.00,74.94,116.58,0.09,0.01,-0.20,0.98
65.50,R_LittleTip,39.78,74.36,113.72,0.09,0.04,-0.28,0.96
65.50,R_ThumbDistal,30.13,76.71,108.84,-0.16,-0.19,0.47,0.84
65.50,R_IndexIntermediate,33.50,76.11,112.43,0.14,0.01,-0.10,0.99
65.50,R_MiddleIntermediate,35.75,75.85,112.68,0.15,0.02,-0.12,0.98
65.50,R_RingIntermediate,37.80,75.76,111.60,0.09,0.04,-0.19,0.98
65.50,R_LittleIntermediate,39.45,75.12,109.62,0.10,0.09,-0.27,0.95
65.50,R_IndexProximal,33.54,76.93,108.76,0.11,0.00,-0.07,0.99
65.50,R_MiddleProximal,35.75,76.95,108.57,0.13,0.01,-0.11,0.98
65.50,R_ThumbProximal,30.74,76.53,105.55,-0.06,-0.07,0.41,0.91
65.50,R_RingProximal,37.48,76.17,107.77,0.05,0.05,-0.16,0.99
65.50,L_LittleProximal,-5.67,57.33,95.29,-0.74,-0.24,-0.16,-0.61
65.52,Main Camera,0.08,118.30,84.56,0.01,0.03,-0.01,-1.00
65.52,R_Palm,35.41,76.64,105.59,-0.01,0.03,-0.10,0.99
65.52,R_ThumbTip,28.95,77.03,110.97,-0.16,-0.19,0.47,0.84
65.52,R_IndexTip,33.65,75.01,116.96,0.11,0.04,-0.11,0.99
65.52,R_MiddleTip,35.89,74.61,117.76,0.10,0.03,-0.16,0.98
65.52,R_RingTip,38.00,74.93,116.62,0.09,0.01,-0.20,0.98
65.52,R_LittleTip,39.78,74.35,113.76,0.09,0.04,-0.28,0.96
65.52,R_ThumbDistal,30.14,76.68,108.87,-0.16,-0.19,0.47,0.84
65.52,R_IndexIntermediate,33.50,76.09,112.46,0.14,0.01,-0.09,0.99
65.52,R_MiddleIntermediate,35.75,75.82,112.71,0.15,0.02,-0.12,0.98
65.52,R_RingIntermediate,37.80,75.74,111.64,0.09,0.04,-0.19,0.98
65.52,R_LittleIntermediate,39.46,75.10,109.65,0.10,0.09,-0.27,0.95
65.52,R_IndexProximal,33.55,76.90,108.79,0.11,0.00,-0.07,0.99
65.52,R_MiddleProximal,35.76,76.93,108.60,0.13,0.01,-0.11,0.99
65.52,R_ThumbProximal,30.76,76.50,105.58,-0.06,-0.07,0.41,0.91
65.52,R_RingProximal,37.49,76.14,107.80,0.05,0.05,-0.16,0.99
65.52,L_LittleProximal,-5.67,57.31,95.29,-0.74,-0.24,-0.16,-0.61
65.53,Main Camera,0.09,118.30,84.57,0.01,0.03,-0.01,-1.00
65.53,R_Palm,35.48,76.58,105.59,-0.01,0.03,-0.10,0.99
65.53,R_ThumbTip,29.02,76.97,110.97,-0.16,-0.19,0.47,0.84
65.53,R_IndexTip,33.72,74.96,116.96,0.11,0.04,-0.11,0.99
65.53,R_MiddleTip,35.96,74.56,117.77,0.10,0.03,-0.16,0.98
65.53,R_RingTip,38.07,74.88,116.62,0.09,0.01,-0.20,0.98
65.53,R_LittleTip,39.85,74.30,113.76,0.09,0.04,-0.28,0.96
65.53,R_ThumbDistal,30.22,76.63,108.87,-0.16,-0.19,0.47,0.84
65.53,R_IndexIntermediate,33.57,76.03,112.46,0.14,0.01,-0.09,0.99
65.53,R_MiddleIntermediate,35.82,75.77,112.71,0.15,0.02,-0.12,0.98
65.53,R_RingIntermediate,37.87,75.69,111.64,0.09,0.04,-0.19,0.98
65.53,R_LittleIntermediate,39.53,75.05,109.66,0.09,0.09,-0.27,0.95
65.53,R_IndexProximal,33.62,76.84,108.79,0.11,0.00,-0.07,0.99
65.53,R_MiddleProximal,35.83,76.87,108.60,0.13,0.01,-0.11,0.99
65.53,R_ThumbProximal,30.83,76.44,105.58,-0.06,-0.07,0.41,0.91
65.53,R_RingProximal,37.56,76.09,107.81,0.05,0.05,-0.16,0.99
65.53,L_LittleProximal,-5.67,57.29,95.29,-0.74,-0.24,-0.16,-0.61
65.54,Main Camera,0.09,118.29,84.57,0.01,0.03,-0.01,-1.00
65.54,R_Palm,35.48,76.57,105.60,-0.01,0.03,-0.10,0.99
65.54,R_ThumbTip,29.02,76.96,110.98,-0.16,-0.19,0.47,0.84
65.54,R_IndexTip,33.72,74.96,116.97,0.11,0.04,-0.11,0.99
65.54,R_MiddleTip,35.95,74.57,117.78,0.10,0.03,-0.16,0.98
65.54,R_RingTip,38.07,74.89,116.64,0.09,0.01,-0.20,0.98
65.54,R_LittleTip,39.85,74.31,113.78,0.08,0.04,-0.28,0.96
65.54,R_ThumbDistal,30.22,76.61,108.88,-0.16,-0.19,0.47,0.84
65.54,R_IndexIntermediate,33.57,76.02,112.47,0.14,0.01,-0.09,0.99
65.54,R_MiddleIntermediate,35.82,75.76,112.73,0.15,0.02,-0.12,0.98
65.54,R_RingIntermediate,37.87,75.68,111.65,0.09,0.04,-0.19,0.98
65.54,R_LittleIntermediate,39.53,75.05,109.67,0.09,0.09,-0.27,0.95
65.54,R_IndexProximal,33.62,76.83,108.80,0.11,0.00,-0.07,0.99
65.54,R_MiddleProximal,35.83,76.86,108.61,0.13,0.01,-0.11,0.99
65.54,R_ThumbProximal,30.84,76.43,105.59,-0.06,-0.07,0.41,0.91
65.54,R_RingProximal,37.56,76.08,107.82,0.04,0.05,-0.16,0.99
65.54,L_LittleProximal,-5.68,57.29,95.28,-0.74,-0.24,-0.16,-0.61
65.56,Main Camera,0.09,118.28,84.57,0.01,0.03,-0.01,-1.00
65.56,R_Palm,35.48,76.56,105.61,-0.01,0.03,-0.10,0.99
65.56,R_ThumbTip,29.02,76.96,110.98,-0.16,-0.19,0.48,0.84
65.56,R_IndexTip,33.71,74.97,116.98,0.11,0.04,-0.11,0.99
65.56,R_MiddleTip,35.95,74.58,117.79,0.09,0.03,-0.16,0.98
65.56,R_RingTip,38.06,74.90,116.65,0.09,0.01,-0.20,0.98
65.56,R_LittleTip,39.84,74.32,113.79,0.08,0.04,-0.27,0.96
65.56,R_ThumbDistal,30.22,76.61,108.88,-0.16,-0.19,0.48,0.84
65.56,R_IndexIntermediate,33.57,76.02,112.48,0.13,0.01,-0.09,0.99
65.56,R_MiddleIntermediate,35.81,75.76,112.74,0.15,0.02,-0.12,0.98
65.56,R_RingIntermediate,37.87,75.68,111.66,0.09,0.04,-0.19,0.98
65.56,R_LittleIntermediate,39.52,75.05,109.68,0.09,0.08,-0.27,0.95
65.56,R_IndexProximal,33.62,76.82,108.81,0.11,0.00,-0.07,0.99
65.56,R_MiddleProximal,35.83,76.86,108.62,0.13,0.01,-0.11,0.99
65.56,R_ThumbProximal,30.84,76.42,105.59,-0.06,-0.07,0.41,0.91
65.56,R_RingProximal,37.56,76.08,107.83,0.04,0.05,-0.15,0.99
65.56,L_LittleProximal,-5.67,57.29,95.28,-0.74,-0.24,-0.16,-0.61
65.57,Main Camera,0.09,118.28,84.57,0.01,0.03,-0.01,-1.00
65.57,R_Palm,35.49,76.56,105.60,-0.01,0.03,-0.10,0.99
65.57,R_ThumbTip,29.03,76.95,110.97,-0.16,-0.19,0.48,0.84
65.57,R_IndexTip,33.73,74.97,116.98,0.11,0.04,-0.11,0.99
65.57,R_MiddleTip,35.97,74.59,117.79,0.09,0.03,-0.16,0.98
65.57,R_RingTip,38.08,74.91,116.64,0.09,0.01,-0.20,0.98
65.57,R_LittleTip,39.86,74.33,113.78,0.08,0.04,-0.27,0.96
65.57,R_ThumbDistal,30.23,76.60,108.88,-0.16,-0.19,0.48,0.84
65.57,R_IndexIntermediate,33.58,76.02,112.48,0.13,0.01,-0.09,0.99
65.57,R_MiddleIntermediate,35.83,75.76,112.73,0.15,0.02,-0.12,0.98
65.57,R_RingIntermediate,37.88,75.68,111.66,0.09,0.04,-0.19,0.98
65.57,R_LittleIntermediate,39.53,75.04,109.68,0.09,0.08,-0.27,0.95
65.57,R_IndexProximal,33.63,76.82,108.80,0.11,0.00,-0.07,0.99
65.57,R_MiddleProximal,35.84,76.85,108.62,0.13,0.01,-0.11,0.99
65.57,R_ThumbProximal,30.85,76.41,105.59,-0.06,-0.07,0.41,0.91
65.57,R_RingProximal,37.57,76.07,107.82,0.04,0.05,-0.15,0.99
65.57,L_LittleProximal,-5.67,57.34,95.26,-0.74,-0.24,-0.16,-0.61
65.58,Main Camera,0.09,118.28,84.57,0.01,0.03,-0.01,-1.00
65.58,R_Palm,35.50,76.54,105.59,-0.01,0.03,-0.10,0.99
65.58,R_ThumbTip,29.04,76.94,110.97,-0.16,-0.19,0.48,0.84
65.58,R_IndexTip,33.74,74.95,116.97,0.11,0.04,-0.11,0.99
65.58,R_MiddleTip,35.98,74.57,117.78,0.09,0.03,-0.16,0.98
65.58,R_RingTip,38.09,74.89,116.63,0.09,0.01,-0.20,0.98
65.58,R_LittleTip,39.86,74.32,113.77,0.08,0.04,-0.27,0.96
65.58,R_ThumbDistal,30.24,76.59,108.87,-0.16,-0.19,0.48,0.84
65.58,R_IndexIntermediate,33.59,76.00,112.47,0.13,0.01,-0.09,0.99
65.58,R_MiddleIntermediate,35.83,75.75,112.72,0.15,0.02,-0.12,0.98
65.58,R_RingIntermediate,37.88,75.67,111.65,0.08,0.04,-0.19,0.98
65.58,R_LittleIntermediate,39.54,75.03,109.67,0.09,0.08,-0.27,0.95
65.58,R_IndexProximal,33.64,76.80,108.80,0.11,0.00,-0.07,0.99
65.58,R_MiddleProximal,35.84,76.83,108.61,0.13,0.01,-0.11,0.99
65.58,R_ThumbProximal,30.85,76.40,105.58,-0.06,-0.07,0.41,0.91
65.58,R_RingProximal,37.58,76.06,107.81,0.04,0.05,-0.15,0.99
65.58,L_LittleProximal,-5.66,57.36,95.28,-0.74,-0.25,-0.16,-0.61
65.60,Main Camera,0.10,118.28,84.58,0.01,0.03,-0.01,-1.00
65.60,R_Palm,35.50,76.54,105.60,-0.01,0.03,-0.10,0.99
65.60,R_ThumbTip,29.04,76.94,110.98,-0.16,-0.19,0.47,0.84
65.60,R_IndexTip,33.75,74.95,116.98,0.11,0.04,-0.11,0.99
65.60,R_MiddleTip,35.98,74.57,117.79,0.09,0.03,-0.16,0.98
65.60,R_RingTip,38.09,74.89,116.64,0.09,0.01,-0.20,0.98
65.60,R_LittleTip,39.87,74.31,113.78,0.08,0.04,-0.27,0.96
65.60,R_ThumbDistal,30.24,76.59,108.88,-0.16,-0.19,0.47,0.84
65.60,R_IndexIntermediate,33.59,75.99,112.48,0.13,0.01,-0.09,0.99
65.60,R_MiddleIntermediate,35.84,75.74,112.73,0.15,0.02,-0.12,0.98
65.60,R_RingIntermediate,37.89,75.66,111.65,0.08,0.04,-0.19,0.98
65.60,R_LittleIntermediate,39.54,75.02,109.67,0.09,0.09,-0.27,0.95
65.60,R_IndexProximal,33.64,76.79,108.81,0.11,0.00,-0.07,0.99
65.60,R_MiddleProximal,35.84,76.83,108.62,0.13,0.01,-0.11,0.99
65.60,R_ThumbProximal,30.85,76.40,105.59,-0.06,-0.07,0.41,0.91
65.60,R_RingProximal,37.58,76.05,107.82,0.04,0.05,-0.15,0.99
65.60,L_LittleProximal,-5.66,57.38,95.29,-0.74,-0.25,-0.16,-0.61
65.61,Main Camera,0.10,118.28,84.58,0.01,0.03,-0.01,-1.00
65.61,R_Palm,35.49,76.55,105.61,-0.01,0.03,-0.10,0.99
65.61,R_ThumbTip,29.04,76.95,110.99,-0.16,-0.19,0.47,0.84
65.61,R_IndexTip,33.74,74.95,116.99,0.11,0.04,-0.11,0.99
65.61,R_MiddleTip,35.98,74.57,117.80,0.09,0.03,-0.16,0.98
65.61,R_RingTip,38.08,74.89,116.65,0.09,0.01,-0.20,0.98
65.61,R_LittleTip,39.86,74.32,113.78,0.08,0.04,-0.27,0.96
65.61,R_ThumbDistal,30.23,76.60,108.89,-0.16,-0.19,0.47,0.84
65.61,R_IndexIntermediate,33.59,76.00,112.49,0.13,0.01,-0.09,0.99
65.61,R_MiddleIntermediate,35.83,75.74,112.74,0.15,0.02,-0.12,0.98
65.61,R_RingIntermediate,37.88,75.66,111.66,0.08,0.04,-0.19,0.98
65.61,R_LittleIntermediate,39.53,75.03,109.67,0.09,0.09,-0.27,0.95
65.61,R_IndexProximal,33.63,76.80,108.81,0.11,0.00,-0.07,0.99
65.61,R_MiddleProximal,35.84,76.84,108.62,0.13,0.01,-0.11,0.99
65.61,R_ThumbProximal,30.84,76.42,105.60,-0.06,-0.07,0.41,0.91
65.61,R_RingProximal,37.57,76.06,107.82,0.04,0.05,-0.15,0.99
65.61,L_LittleProximal,-5.65,57.37,95.29,-0.74,-0.25,-0.16,-0.61
65.63,Main Camera,0.10,118.28,84.58,0.01,0.03,-0.01,-1.00
65.63,R_Palm,35.46,76.61,105.59,-0.01,0.03,-0.10,0.99
65.63,R_ThumbTip,29.01,77.01,110.98,-0.16,-0.19,0.47,0.84
65.63,R_IndexTip,33.71,75.00,116.97,0.11,0.04,-0.11,0.99
65.63,R_MiddleTip,35.94,74.62,117.78,0.09,0.03,-0.16,0.98
65.63,R_RingTip,38.05,74.95,116.63,0.09,0.01,-0.20,0.98
65.63,R_LittleTip,39.83,74.37,113.76,0.08,0.04,-0.27,0.96
65.63,R_ThumbDistal,30.20,76.66,108.87,-0.16,-0.19,0.47,0.84
65.63,R_IndexIntermediate,33.55,76.05,112.47,0.13,0.01,-0.09,0.99
65.63,R_MiddleIntermediate,35.80,75.80,112.72,0.15,0.02,-0.12,0.98
65.63,R_RingIntermediate,37.85,75.72,111.64,0.08,0.04,-0.19,0.98
65.63,R_LittleIntermediate,39.50,75.08,109.65,0.09,0.09,-0.27,0.95
65.63,R_IndexProximal,33.60,76.86,108.80,0.11,0.00,-0.07,0.99
65.63,R_MiddleProximal,35.80,76.89,108.61,0.13,0.01,-0.11,0.99
65.63,R_ThumbProximal,30.81,76.48,105.58,-0.06,-0.07,0.41,0.91
65.63,R_RingProximal,37.54,76.11,107.81,0.04,0.05,-0.16,0.99
65.63,L_LittleProximal,-5.66,57.35,95.29,-0.74,-0.24,-0.16,-0.61
65.64,Main Camera,0.11,118.28,84.58,0.01,0.03,-0.01,-1.00
65.64,R_Palm,35.39,76.71,105.56,-0.01,0.03,-0.10,0.99
65.64,R_ThumbTip,28.96,77.12,110.95,-0.16,-0.19,0.47,0.85
65.64,R_IndexTip,33.65,75.10,116.93,0.11,0.04,-0.11,0.99
65.64,R_MiddleTip,35.88,74.72,117.74,0.09,0.03,-0.16,0.98
65.64,R_RingTip,37.99,75.05,116.59,0.09,0.01,-0.20,0.98
65.64,R_LittleTip,39.77,74.48,113.73,0.08,0.04,-0.28,0.96
65.64,R_ThumbDistal,30.14,76.77,108.84,-0.16,-0.19,0.47,0.85
65.64,R_IndexIntermediate,33.49,76.15,112.44,0.13,0.01,-0.09,0.99
65.64,R_MiddleIntermediate,35.74,75.90,112.69,0.15,0.02,-0.12,0.98
65.64,R_RingIntermediate,37.78,75.82,111.61,0.08,0.04,-0.19,0.98
65.64,R_LittleIntermediate,39.43,75.18,109.62,0.09,0.09,-0.27,0.95
65.64,R_IndexProximal,33.53,76.96,108.76,0.11,0.00,-0.07,0.99
65.64,R_MiddleProximal,35.74,76.99,108.57,0.13,0.01,-0.11,0.99
65.64,R_ThumbProximal,30.75,76.59,105.55,-0.06,-0.07,0.41,0.91
65.64,R_RingProximal,37.48,76.21,107.77,0.04,0.05,-0.16,0.99
65.64,L_LittleProximal,-5.66,57.32,95.28,-0.74,-0.24,-0.16,-0.61
65.65,Main Camera,0.11,118.27,84.57,0.01,0.03,-0.01,-1.00
65.65,R_Palm,35.33,76.81,105.58,-0.01,0.03,-0.10,0.99
65.65,R_ThumbTip,28.90,77.21,110.97,-0.16,-0.19,0.47,0.85
65.65,R_IndexTip,33.59,75.18,116.96,0.11,0.04,-0.11,0.99
65.65,R_MiddleTip,35.82,74.80,117.76,0.09,0.03,-0.16,0.98
65.65,R_RingTip,37.93,75.13,116.61,0.09,0.01,-0.20,0.98
65.65,R_LittleTip,39.70,74.56,113.75,0.08,0.04,-0.28,0.96
65.65,R_ThumbDistal,30.08,76.86,108.87,-0.16,-0.19,0.47,0.85
65.65,R_IndexIntermediate,33.43,76.24,112.46,0.13,0.01,-0.09,0.99
65.65,R_MiddleIntermediate,35.67,75.98,112.71,0.15,0.02,-0.12,0.98
65.65,R_RingIntermediate,37.72,75.90,111.63,0.09,0.04,-0.19,0.98
65.65,R_LittleIntermediate,39.37,75.27,109.64,0.09,0.09,-0.27,0.95
65.65,R_IndexProximal,33.47,77.05,108.79,0.11,0.00,-0.07,0.99
65.65,R_MiddleProximal,35.68,77.08,108.60,0.13,0.01,-0.11,0.99
65.65,R_ThumbProximal,30.68,76.69,105.58,-0.06,-0.07,0.41,0.91
65.65,R_RingProximal,37.41,76.30,107.79,0.04,0.05,-0.16,0.99
65.65,L_LittleProximal,-5.66,57.31,95.28,-0.73,-0.24,-0.16,-0.61
65.67,Main Camera,0.12,118.27,84.57,0.01,0.03,-0.01,-1.00
65.67,R_Palm,35.31,76.79,105.57,-0.01,0.03,-0.10,0.99
65.67,R_ThumbTip,28.89,77.20,110.97,-0.16,-0.19,0.47,0.85
65.67,R_IndexTip,33.58,75.14,116.94,0.11,0.04,-0.11,0.99
65.67,R_MiddleTip,35.81,74.75,117.75,0.09,0.03,-0.16,0.98
65.67,R_RingTip,37.91,75.09,116.59,0.09,0.01,-0.20,0.98
65.67,R_LittleTip,39.68,74.52,113.73,0.08,0.04,-0.28,0.96
65.67,R_ThumbDistal,30.07,76.85,108.86,-0.16,-0.19,0.47,0.85
65.67,R_IndexIntermediate,33.42,76.21,112.45,0.14,0.01,-0.10,0.99
65.67,R_MiddleIntermediate,35.66,75.95,112.69,0.15,0.02,-0.12,0.98
65.67,R_RingIntermediate,37.70,75.87,111.61,0.09,0.04,-0.19,0.98
65.67,R_LittleIntermediate,39.35,75.24,109.62,0.09,0.09,-0.27,0.95
65.67,R_IndexProximal,33.46,77.03,108.78,0.11,0.00,-0.07,0.99
65.67,R_MiddleProximal,35.67,77.06,108.58,0.13,0.01,-0.11,0.98
65.67,R_ThumbProximal,30.67,76.69,105.57,-0.06,-0.07,0.41,0.91
65.67,R_RingProximal,37.40,76.28,107.78,0.05,0.05,-0.16,0.99
65.67,L_LittleProximal,-5.64,57.28,95.27,-0.73,-0.24,-0.16,-0.61
65.68,Main Camera,0.12,118.26,84.57,0.01,0.03,-0.01,-1.00
65.68,R_Palm,35.34,76.79,105.57,-0.01,0.03,-0.10,0.99
65.68,R_ThumbTip,28.92,77.20,110.97,-0.16,-0.19,0.47,0.85
65.68,R_IndexTip,33.61,75.14,116.95,0.11,0.04,-0.11,0.99
65.68,R_MiddleTip,35.84,74.75,117.75,0.09,0.03,-0.16,0.98
65.68,R_RingTip,37.94,75.08,116.60,0.09,0.01,-0.20,0.98
65.68,R_LittleTip,39.71,74.52,113.73,0.08,0.04,-0.28,0.96
65.68,R_ThumbDistal,30.10,76.85,108.87,-0.16,-0.19,0.47,0.85
65.68,R_IndexIntermediate,33.45,76.21,112.45,0.14,0.01,-0.10,0.99
65.68,R_MiddleIntermediate,35.69,75.94,112.70,0.15,0.02,-0.12,0.98
65.68,R_RingIntermediate,37.73,75.86,111.62,0.09,0.04,-0.19,0.98
65.68,R_LittleIntermediate,39.38,75.23,109.62,0.09,0.09,-0.27,0.95
65.68,R_IndexProximal,33.49,77.03,108.78,0.11,0.00,-0.07,0.99
65.68,R_MiddleProximal,35.69,77.05,108.59,0.13,0.01,-0.11,0.98
65.68,R_ThumbProximal,30.70,76.69,105.57,-0.06,-0.07,0.41,0.91
65.68,R_RingProximal,37.42,76.27,107.78,0.05,0.05,-0.16,0.99
65.68,L_LittleProximal,-5.64,57.22,95.28,-0.73,-0.24,-0.16,-0.61
65.70,Main Camera,0.12,118.26,84.57,0.01,0.03,-0.01,-1.00
65.70,R_Palm,35.36,76.76,105.58,-0.01,0.03,-0.10,0.99
65.70,R_ThumbTip,28.94,77.17,110.98,-0.16,-0.19,0.47,0.85
65.70,R_IndexTip,33.63,75.11,116.96,0.11,0.04,-0.11,0.99
65.70,R_MiddleTip,35.85,74.71,117.76,0.09,0.03,-0.16,0.98
65.70,R_RingTip,37.95,75.05,116.61,0.09,0.01,-0.20,0.98
65.70,R_LittleTip,39.72,74.49,113.74,0.08,0.04,-0.28,0.96
65.70,R_ThumbDistal,30.12,76.82,108.88,-0.16,-0.19,0.47,0.85
65.70,R_IndexIntermediate,33.47,76.17,112.46,0.14,0.01,-0.10,0.99
65.70,R_MiddleIntermediate,35.71,75.91,112.71,0.15,0.02,-0.12,0.98
65.70,R_RingIntermediate,37.75,75.83,111.63,0.09,0.04,-0.19,0.98
65.70,R_LittleIntermediate,39.39,75.20,109.64,0.09,0.09,-0.27,0.95
65.70,R_IndexProximal,33.50,77.00,108.79,0.11,0.00,-0.07,0.99
65.70,R_MiddleProximal,35.71,77.02,108.60,0.13,0.01,-0.11,0.98
65.70,R_ThumbProximal,30.72,76.66,105.58,-0.06,-0.07,0.41,0.91
65.70,R_RingProximal,37.44,76.24,107.79,0.05,0.05,-0.16,0.99
65.70,L_LittleProximal,-5.64,57.17,95.31,-0.73,-0.24,-0.16,-0.61
65.71,Main Camera,0.13,118.26,84.57,0.01,0.03,-0.01,-1.00
65.71,R_Palm,35.45,76.66,105.66,-0.01,0.03,-0.10,0.99
65.71,R_ThumbTip,29.03,77.08,111.05,-0.16,-0.19,0.47,0.85
65.71,R_IndexTip,33.72,75.03,117.03,0.11,0.04,-0.11,0.99
65.71,R_MiddleTip,35.94,74.63,117.84,0.09,0.03,-0.16,0.98
65.71,R_RingTip,38.04,74.96,116.69,0.09,0.01,-0.20,0.98
65.71,R_LittleTip,39.81,74.41,113.82,0.08,0.04,-0.28,0.96
65.71,R_ThumbDistal,30.21,76.73,108.94,-0.16,-0.19,0.47,0.85
65.71,R_IndexIntermediate,33.56,76.09,112.54,0.14,0.01,-0.10,0.99
65.71,R_MiddleIntermediate,35.80,75.82,112.78,0.15,0.02,-0.12,0.98
65.71,R_RingIntermediate,37.84,75.74,111.70,0.09,0.04,-0.19,0.98
65.71,R_LittleIntermediate,39.48,75.11,109.71,0.09,0.08,-0.27,0.95
65.71,R_IndexProximal,33.60,76.91,108.87,0.11,0.00,-0.07,0.99
65.71,R_MiddleProximal,35.81,76.93,108.67,0.13,0.01,-0.11,0.98
65.71,R_ThumbProximal,30.81,76.57,105.65,-0.06,-0.07,0.41,0.91
65.71,R_RingProximal,37.54,76.14,107.87,0.05,0.05,-0.16,0.99
65.71,L_LittleProximal,-5.67,57.09,95.29,-0.73,-0.24,-0.16,-0.61
65.72,Main Camera,0.13,118.26,84.57,0.01,0.03,-0.01,-1.00
65.72,R_Palm,35.57,76.55,105.75,-0.01,0.03,-0.10,0.99
65.72,R_ThumbTip,29.14,76.98,111.14,-0.16,-0.19,0.47,0.85
65.72,R_IndexTip,33.84,74.92,117.12,0.11,0.04,-0.11,0.99
65.72,R_MiddleTip,36.06,74.52,117.93,0.09,0.03,-0.16,0.98
65.72,R_RingTip,38.16,74.86,116.78,0.09,0.01,-0.20,0.98
65.72,R_LittleTip,39.93,74.30,113.91,0.08,0.04,-0.28,0.96
65.72,R_ThumbDistal,30.33,76.62,109.03,-0.16,-0.19,0.47,0.85
65.72,R_IndexIntermediate,33.68,75.98,112.63,0.13,0.01,-0.10,0.99
65.72,R_MiddleIntermediate,35.91,75.71,112.88,0.15,0.02,-0.12,0.98
65.72,R_RingIntermediate,37.95,75.63,111.79,0.09,0.04,-0.19,0.98
65.72,R_LittleIntermediate,39.60,75.00,109.80,0.09,0.08,-0.27,0.95
65.72,R_IndexProximal,33.72,76.79,108.96,0.11,0.00,-0.07,0.99
65.72,R_MiddleProximal,35.92,76.81,108.77,0.13,0.01,-0.11,0.98
65.72,R_ThumbProximal,30.93,76.46,105.74,-0.06,-0.07,0.41,0.91
65.72,R_RingProximal,37.65,76.03,107.96,0.05,0.05,-0.16,0.99
65.72,L_LittleProximal,-5.71,57.01,95.28,-0.73,-0.24,-0.16,-0.62
65.74,Main Camera,0.13,118.26,84.58,0.01,0.03,-0.01,-1.00
65.74,R_Palm,35.57,76.50,105.68,-0.01,0.03,-0.10,0.99
65.74,R_ThumbTip,29.13,76.93,111.07,-0.16,-0.19,0.47,0.85
65.74,R_IndexTip,33.83,74.88,117.06,0.11,0.04,-0.11,0.99
65.74,R_MiddleTip,36.05,74.48,117.87,0.09,0.03,-0.16,0.98
65.74,R_RingTip,38.15,74.82,116.72,0.09,0.01,-0.20,0.98
65.74,R_LittleTip,39.92,74.26,113.85,0.08,0.04,-0.28,0.96
65.74,R_ThumbDistal,30.32,76.58,108.97,-0.16,-0.19,0.47,0.85
65.74,R_IndexIntermediate,33.67,75.93,112.56,0.13,0.01,-0.10,0.99
65.74,R_MiddleIntermediate,35.90,75.66,112.81,0.15,0.02,-0.12,0.98
65.74,R_RingIntermediate,37.95,75.58,111.73,0.08,0.04,-0.19,0.98
65.74,R_LittleIntermediate,39.59,74.95,109.74,0.09,0.08,-0.27,0.95
65.74,R_IndexProximal,33.71,76.74,108.89,0.11,0.00,-0.07,0.99
65.74,R_MiddleProximal,35.92,76.76,108.70,0.13,0.01,-0.11,0.98
65.74,R_ThumbProximal,30.92,76.41,105.67,-0.06,-0.07,0.41,0.91
65.74,R_RingProximal,37.65,75.98,107.90,0.04,0.05,-0.16,0.99
65.74,L_LittleProximal,-5.72,56.98,95.28,-0.73,-0.24,-0.16,-0.62
65.75,Main Camera,0.14,118.25,84.58,0.01,0.03,-0.01,-1.00
65.75,R_Palm,35.58,76.50,105.70,-0.01,0.03,-0.10,0.99
65.75,R_ThumbTip,29.14,76.94,111.09,-0.16,-0.19,0.47,0.85
65.75,R_IndexTip,33.84,74.89,117.08,0.11,0.04,-0.11,0.99
65.75,R_MiddleTip,36.06,74.49,117.89,0.09,0.03,-0.16,0.98
65.75,R_RingTip,38.16,74.83,116.74,0.09,0.01,-0.20,0.98
65.75,R_LittleTip,39.93,74.27,113.87,0.08,0.04,-0.28,0.96
65.75,R_ThumbDistal,30.34,76.58,108.98,-0.16,-0.19,0.47,0.85
65.75,R_IndexIntermediate,33.68,75.94,112.58,0.13,0.01,-0.10,0.99
65.75,R_MiddleIntermediate,35.92,75.66,112.83,0.15,0.02,-0.13,0.98
65.75,R_RingIntermediate,37.96,75.59,111.75,0.08,0.04,-0.19,0.98
65.75,R_LittleIntermediate,39.60,74.96,109.76,0.09,0.08,-0.27,0.95
65.75,R_IndexProximal,33.72,76.75,108.91,0.11,0.00,-0.07,0.99
65.75,R_MiddleProximal,35.93,76.76,108.72,0.13,0.01,-0.11,0.98
65.75,R_ThumbProximal,30.94,76.41,105.69,-0.06,-0.07,0.41,0.91
65.75,R_RingProximal,37.66,75.98,107.91,0.04,0.05,-0.16,0.99
65.75,L_LittleProximal,-5.73,56.99,95.28,-0.73,-0.24,-0.16,-0.62
65.77,Main Camera,0.15,118.24,84.58,0.01,0.03,-0.01,-1.00
65.77,R_Palm,35.57,76.50,105.68,-0.01,0.03,-0.10,0.99
65.77,R_ThumbTip,29.13,76.94,111.06,-0.16,-0.19,0.47,0.85
65.77,R_IndexTip,33.83,74.90,117.06,0.11,0.04,-0.11,0.99
65.77,R_MiddleTip,36.04,74.50,117.87,0.09,0.03,-0.16,0.98
65.77,R_RingTip,38.14,74.84,116.72,0.08,0.01,-0.20,0.98
65.77,R_LittleTip,39.91,74.28,113.85,0.08,0.04,-0.28,0.96
65.77,R_ThumbDistal,30.32,76.58,108.96,-0.16,-0.19,0.47,0.85
65.77,R_IndexIntermediate,33.67,75.94,112.56,0.13,0.01,-0.10,0.99
65.77,R_MiddleIntermediate,35.90,75.67,112.81,0.15,0.02,-0.13,0.98
65.77,R_RingIntermediate,37.94,75.59,111.73,0.08,0.04,-0.19,0.98
65.77,R_LittleIntermediate,39.59,74.96,109.74,0.09,0.08,-0.27,0.95
65.77,R_IndexProximal,33.71,76.75,108.89,0.11,0.00,-0.07,0.99
65.77,R_MiddleProximal,35.92,76.77,108.70,0.13,0.01,-0.11,0.98
65.77,R_ThumbProximal,30.92,76.41,105.67,-0.06,-0.07,0.41,0.91
65.77,R_RingProximal,37.65,75.98,107.89,0.04,0.05,-0.16,0.99
65.77,L_LittleProximal,-5.71,56.97,95.29,-0.73,-0.24,-0.16,-0.62
65.78,Main Camera,0.16,118.23,84.58,0.01,0.03,-0.01,-1.00
65.78,R_Palm,35.56,76.49,105.67,-0.01,0.03,-0.10,0.99
65.78,R_ThumbTip,29.12,76.94,111.05,-0.17,-0.19,0.47,0.85
65.78,R_IndexTip,33.81,74.91,117.05,0.11,0.04,-0.11,0.99
65.78,R_MiddleTip,36.03,74.51,117.86,0.09,0.03,-0.16,0.98
65.78,R_RingTip,38.13,74.85,116.71,0.08,0.01,-0.20,0.98
65.78,R_LittleTip,39.90,74.29,113.85,0.08,0.04,-0.28,0.96
65.78,R_ThumbDistal,30.31,76.58,108.95,-0.17,-0.19,0.47,0.85
65.78,R_IndexIntermediate,33.66,75.94,112.55,0.13,0.01,-0.10,0.99
65.78,R_MiddleIntermediate,35.89,75.67,112.80,0.15,0.02,-0.13,0.98
65.78,R_RingIntermediate,37.93,75.59,111.72,0.08,0.04,-0.19,0.98
65.78,R_LittleIntermediate,39.58,74.96,109.73,0.09,0.08,-0.27,0.95
65.78,R_IndexProximal,33.70,76.75,108.88,0.11,0.00,-0.07,0.99
65.78,R_MiddleProximal,35.91,76.76,108.69,0.13,0.01,-0.11,0.98
65.78,R_ThumbProximal,30.91,76.40,105.66,-0.06,-0.07,0.41,0.91
65.78,R_RingProximal,37.64,75.98,107.89,0.04,0.05,-0.16,0.99
65.78,L_LittleProximal,-5.71,56.97,95.27,-0.73,-0.24,-0.16,-0.62
65.79,Main Camera,0.17,118.23,84.59,0.01,0.03,-0.01,-1.00
65.79,R_Palm,35.55,76.49,105.66,-0.01,0.03,-0.10,0.99
65.79,R_ThumbTip,29.11,76.95,111.04,-0.17,-0.19,0.47,0.85
65.79,R_IndexTip,33.81,74.91,117.04,0.11,0.04,-0.11,0.99
65.79,R_MiddleTip,36.02,74.52,117.85,0.09,0.03,-0.16,0.98
65.79,R_RingTip,38.13,74.86,116.70,0.08,0.01,-0.20,0.98
65.79,R_LittleTip,39.90,74.30,113.84,0.07,0.04,-0.28,0.96
65.79,R_ThumbDistal,30.31,76.58,108.94,-0.17,-0.19,0.47,0.85
65.79,R_IndexIntermediate,33.65,75.94,112.54,0.13,0.01,-0.10,0.99
65.79,R_MiddleIntermediate,35.89,75.68,112.79,0.14,0.02,-0.13,0.98
65.79,R_RingIntermediate,37.93,75.60,111.71,0.08,0.04,-0.19,0.98
65.79,R_LittleIntermediate,39.58,74.96,109.72,0.09,0.08,-0.27,0.95
65.79,R_IndexProximal,33.70,76.75,108.86,0.11,0.00,-0.07,0.99
65.79,R_MiddleProximal,35.90,76.77,108.67,0.13,0.01,-0.11,0.99
65.79,R_ThumbProximal,30.91,76.40,105.65,-0.06,-0.07,0.41,0.91
65.79,R_RingProximal,37.63,75.98,107.87,0.04,0.05,-0.16,0.99
65.79,L_LittleProximal,-5.70,57.00,95.28,-0.73,-0.24,-0.16,-0.62
65.81,Main Camera,0.17,118.23,84.59,0.01,0.03,-0.01,-1.00
65.81,R_Palm,35.55,76.49,105.64,-0.01,0.03,-0.10,0.99
65.81,R_ThumbTip,29.11,76.95,111.02,-0.17,-0.19,0.47,0.85
65.81,R_IndexTip,33.81,74.92,117.02,0.11,0.04,-0.11,0.99
65.81,R_MiddleTip,36.02,74.53,117.83,0.09,0.03,-0.16,0.98
65.81,R_RingTip,38.12,74.87,116.68,0.08,0.01,-0.20,0.98
65.81,R_LittleTip,39.90,74.31,113.82,0.07,0.04,-0.28,0.96
65.81,R_ThumbDistal,30.31,76.59,108.92,-0.17,-0.19,0.47,0.85
65.81,R_IndexIntermediate,33.65,75.95,112.52,0.13,0.01,-0.10,0.99
65.81,R_MiddleIntermediate,35.88,75.68,112.77,0.14,0.02,-0.13,0.98
65.81,R_RingIntermediate,37.93,75.60,111.69,0.08,0.04,-0.19,0.98
65.81,R_LittleIntermediate,39.57,74.97,109.70,0.09,0.08,-0.27,0.95
65.81,R_IndexProximal,33.69,76.75,108.84,0.11,0.00,-0.07,0.99
65.81,R_MiddleProximal,35.90,76.77,108.66,0.13,0.01,-0.11,0.99
65.81,R_ThumbProximal,30.91,76.40,105.63,-0.06,-0.07,0.41,0.91
65.81,R_RingProximal,37.63,75.98,107.85,0.04,0.05,-0.16,0.99
65.81,L_LittleProximal,-5.69,57.05,95.28,-0.73,-0.24,-0.16,-0.62
65.82,Main Camera,0.17,118.22,84.59,0.01,0.03,-0.01,-1.00
65.82,R_Palm,35.53,76.51,105.63,-0.01,0.03,-0.10,0.99
65.82,R_ThumbTip,29.08,76.98,111.00,-0.17,-0.19,0.47,0.85
65.82,R_IndexTip,33.77,74.96,117.01,0.11,0.04,-0.11,0.99
65.82,R_MiddleTip,35.98,74.57,117.83,0.09,0.03,-0.16,0.98
65.82,R_RingTip,38.09,74.91,116.68,0.08,0.01,-0.20,0.98
65.82,R_LittleTip,39.86,74.34,113.82,0.07,0.03,-0.28,0.96
65.82,R_ThumbDistal,30.28,76.61,108.90,-0.17,-0.19,0.47,0.85
65.82,R_IndexIntermediate,33.62,75.98,112.51,0.13,0.01,-0.10,0.99
65.82,R_MiddleIntermediate,35.85,75.71,112.76,0.14,0.02,-0.13,0.98
65.82,R_RingIntermediate,37.90,75.63,111.68,0.08,0.04,-0.19,0.98
65.82,R_LittleIntermediate,39.55,74.99,109.70,0.09,0.08,-0.27,0.95
65.82,R_IndexProximal,33.67,76.77,108.83,0.11,0.00,-0.07,0.99
65.82,R_MiddleProximal,35.88,76.79,108.64,0.13,0.01,-0.11,0.99
65.82,R_ThumbProximal,30.89,76.42,105.61,-0.06,-0.07,0.41,0.91
65.82,R_RingProximal,37.61,76.00,107.85,0.04,0.04,-0.16,0.99
65.82,L_LittleProximal,-5.66,57.08,95.28,-0.73,-0.24,-0.16,-0.62
65.83,Main Camera,0.18,118.22,84.60,0.01,0.03,-0.01,-1.00
65.83,R_Palm,35.54,76.52,105.62,-0.01,0.03,-0.10,0.99
65.83,R_ThumbTip,29.09,76.99,110.99,-0.17,-0.19,0.47,0.85
65.83,R_IndexTip,33.78,74.97,117.00,0.10,0.04,-0.11,0.99
65.83,R_MiddleTip,35.98,74.58,117.82,0.09,0.03,-0.16,0.98
65.83,R_RingTip,38.09,74.92,116.67,0.08,0.01,-0.20,0.98
65.83,R_LittleTip,39.87,74.35,113.81,0.07,0.03,-0.28,0.96
65.83,R_ThumbDistal,30.29,76.62,108.89,-0.17,-0.19,0.47,0.85
65.83,R_IndexIntermediate,33.63,75.99,112.50,0.13,0.01,-0.10,0.99
65.83,R_MiddleIntermediate,35.86,75.72,112.75,0.14,0.02,-0.13,0.98
65.83,R_RingIntermediate,37.90,75.63,111.67,0.08,0.04,-0.19,0.98
65.83,R_LittleIntermediate,39.55,74.99,109.69,0.09,0.08,-0.27,0.95
65.83,R_IndexProximal,33.68,76.78,108.82,0.11,0.00,-0.07,0.99
65.83,R_MiddleProximal,35.88,76.79,108.63,0.13,0.01,-0.11,0.99
65.83,R_ThumbProximal,30.89,76.43,105.60,-0.06,-0.07,0.41,0.91
65.83,R_RingProximal,37.61,76.00,107.83,0.04,0.04,-0.16,0.99
65.83,L_LittleProximal,-5.66,57.13,95.28,-0.73,-0.24,-0.16,-0.62
65.85,Main Camera,0.18,118.21,84.60,0.01,0.03,-0.01,-1.00
65.85,R_Palm,35.55,76.49,105.64,-0.01,0.03,-0.10,0.99
65.85,R_ThumbTip,29.11,76.95,111.02,-0.17,-0.19,0.47,0.85
65.85,R_IndexTip,33.80,74.94,117.03,0.10,0.04,-0.11,0.99
65.85,R_MiddleTip,36.01,74.55,117.84,0.09,0.03,-0.16,0.98
65.85,R_RingTip,38.12,74.89,116.69,0.08,0.01,-0.20,0.98
65.85,R_LittleTip,39.89,74.32,113.83,0.07,0.03,-0.28,0.96
65.85,R_ThumbDistal,30.31,76.58,108.92,-0.17,-0.19,0.47,0.85
65.85,R_IndexIntermediate,33.65,75.96,112.52,0.13,0.01,-0.10,0.99
65.85,R_MiddleIntermediate,35.88,75.68,112.77,0.14,0.02,-0.13,0.98
65.85,R_RingIntermediate,37.92,75.60,111.69,0.08,0.04,-0.19,0.98
65.85,R_LittleIntermediate,39.57,74.97,109.71,0.08,0.08,-0.27,0.95
65.85,R_IndexProximal,33.69,76.75,108.84,0.11,0.00,-0.07,0.99
65.85,R_MiddleProximal,35.90,76.76,108.66,0.13,0.01,-0.11,0.99
65.85,R_ThumbProximal,30.91,76.40,105.63,-0.06,-0.07,0.41,0.91
65.85,R_RingProximal,37.63,75.97,107.86,0.04,0.04,-0.16,0.99
65.85,L_LittleProximal,-5.66,57.17,95.30,-0.73,-0.24,-0.16,-0.62
65.86,Main Camera,0.19,118.21,84.60,0.01,0.03,-0.01,-1.00
65.86,R_Palm,35.55,76.48,105.64,-0.01,0.03,-0.10,0.99
65.86,R_ThumbTip,29.11,76.95,111.02,-0.17,-0.19,0.47,0.85
65.86,R_IndexTip,33.80,74.94,117.03,0.10,0.04,-0.11,0.99
65.86,R_MiddleTip,36.00,74.55,117.85,0.09,0.03,-0.16,0.98
65.86,R_RingTip,38.11,74.89,116.69,0.08,0.01,-0.20,0.98
65.86,R_LittleTip,39.89,74.33,113.83,0.07,0.03,-0.28,0.96
65.86,R_ThumbDistal,30.30,76.58,108.92,-0.17,-0.19,0.47,0.85
65.86,R_IndexIntermediate,33.64,75.95,112.52,0.13,0.01,-0.10,0.99
65.86,R_MiddleIntermediate,35.87,75.68,112.78,0.14,0.02,-0.13,0.98
65.86,R_RingIntermediate,37.92,75.60,111.70,0.08,0.04,-0.19,0.98
65.86,R_LittleIntermediate,39.57,74.96,109.71,0.08,0.08,-0.27,0.95
65.86,R_IndexProximal,33.69,76.74,108.85,0.11,0.00,-0.07,0.99
65.86,R_MiddleProximal,35.90,76.76,108.66,0.13,0.01,-0.11,0.99
65.86,R_ThumbProximal,30.91,76.39,105.63,-0.06,-0.07,0.41,0.91
65.86,R_RingProximal,37.63,75.97,107.86,0.04,0.04,-0.16,0.99
65.86,L_LittleProximal,-5.68,57.19,95.29,-0.73,-0.24,-0.16,-0.62
65.88,Main Camera,0.19,118.21,84.61,0.01,0.03,-0.01,-1.00
65.88,R_Palm,35.55,76.47,105.64,-0.01,0.03,-0.10,0.99
65.88,R_ThumbTip,29.10,76.94,111.01,-0.17,-0.19,0.47,0.85
65.88,R_IndexTip,33.80,74.94,117.03,0.10,0.04,-0.11,0.99
65.88,R_MiddleTip,36.00,74.54,117.84,0.09,0.03,-0.16,0.98
65.88,R_RingTip,38.11,74.89,116.69,0.08,0.01,-0.20,0.98
65.88,R_LittleTip,39.89,74.32,113.83,0.07,0.03,-0.28,0.96
65.88,R_ThumbDistal,30.30,76.57,108.92,-0.17,-0.19,0.47,0.85
65.88,R_IndexIntermediate,33.64,75.94,112.52,0.13,0.01,-0.10,0.99
65.88,R_MiddleIntermediate,35.87,75.67,112.77,0.14,0.02,-0.13,0.98
65.88,R_RingIntermediate,37.92,75.59,111.69,0.08,0.04,-0.19,0.98
65.88,R_LittleIntermediate,39.57,74.96,109.70,0.08,0.08,-0.27,0.95
65.88,R_IndexProximal,33.69,76.73,108.84,0.11,0.00,-0.07,0.99
65.88,R_MiddleProximal,35.90,76.75,108.65,0.13,0.01,-0.11,0.99
65.88,R_ThumbProximal,30.90,76.39,105.63,-0.06,-0.07,0.41,0.91
65.88,R_RingProximal,37.63,75.96,107.85,0.04,0.04,-0.16,0.99
65.88,L_LittleProximal,-5.68,57.23,95.30,-0.73,-0.24,-0.16,-0.62
65.89,Main Camera,0.19,118.20,84.61,0.01,0.03,-0.01,-1.00
65.89,R_Palm,35.55,76.46,105.63,-0.01,0.03,-0.10,0.99
65.89,R_ThumbTip,29.10,76.93,111.01,-0.17,-0.19,0.47,0.85
65.89,R_IndexTip,33.80,74.93,117.02,0.10,0.04,-0.11,0.99
65.89,R_MiddleTip,36.00,74.53,117.83,0.09,0.03,-0.16,0.98
65.89,R_RingTip,38.11,74.88,116.68,0.08,0.01,-0.20,0.98
65.89,R_LittleTip,39.89,74.32,113.82,0.07,0.03,-0.28,0.96
65.89,R_ThumbDistal,30.30,76.56,108.91,-0.17,-0.19,0.47,0.85
65.89,R_IndexIntermediate,33.64,75.94,112.51,0.13,0.01,-0.10,0.99
65.89,R_MiddleIntermediate,35.87,75.67,112.77,0.14,0.02,-0.13,0.98
65.89,R_RingIntermediate,37.92,75.59,111.69,0.08,0.04,-0.19,0.98
65.89,R_LittleIntermediate,39.56,74.95,109.70,0.08,0.08,-0.27,0.95
65.89,R_IndexProximal,33.69,76.73,108.84,0.11,0.00,-0.07,0.99
65.89,R_MiddleProximal,35.90,76.74,108.65,0.13,0.01,-0.11,0.99
65.89,R_ThumbProximal,30.90,76.38,105.62,-0.06,-0.07,0.41,0.91
65.89,R_RingProximal,37.62,75.95,107.85,0.04,0.04,-0.16,0.99
65.89,L_LittleProximal,-5.67,57.27,95.29,-0.73,-0.24,-0.16,-0.62
65.90,Main Camera,0.19,118.20,84.62,0.01,0.03,-0.01,-1.00
65.90,R_Palm,35.54,76.47,105.64,-0.01,0.03,-0.10,0.99
65.90,R_ThumbTip,29.10,76.94,111.02,-0.17,-0.19,0.47,0.85
65.90,R_IndexTip,33.80,74.94,117.03,0.10,0.04,-0.11,0.99
65.90,R_MiddleTip,36.00,74.54,117.85,0.09,0.03,-0.16,0.98
65.90,R_RingTip,38.11,74.89,116.69,0.08,0.01,-0.20,0.98
65.90,R_LittleTip,39.89,74.33,113.83,0.07,0.04,-0.28,0.96
65.90,R_ThumbDistal,30.29,76.57,108.92,-0.17,-0.19,0.47,0.85
65.90,R_IndexIntermediate,33.64,75.94,112.53,0.13,0.01,-0.10,0.99
65.90,R_MiddleIntermediate,35.87,75.67,112.78,0.14,0.02,-0.13,0.98
65.90,R_RingIntermediate,37.91,75.59,111.70,0.08,0.04,-0.19,0.98
65.90,R_LittleIntermediate,39.56,74.96,109.71,0.08,0.08,-0.27,0.95
65.90,R_IndexProximal,33.68,76.73,108.85,0.11,0.00,-0.07,0.99
65.90,R_MiddleProximal,35.89,76.75,108.66,0.13,0.01,-0.11,0.99
65.90,R_ThumbProximal,30.90,76.38,105.63,-0.06,-0.07,0.40,0.91
65.90,R_RingProximal,37.62,75.96,107.86,0.04,0.05,-0.16,0.99
65.90,L_LittleProximal,-5.69,57.28,95.29,-0.73,-0.24,-0.16,-0.62
65.92,Main Camera,0.19,118.20,84.63,0.01,0.03,-0.01,-1.00
65.92,R_Palm,35.53,76.47,105.64,-0.01,0.03,-0.10,0.99
65.92,R_ThumbTip,29.09,76.95,111.02,-0.17,-0.19,0.47,0.85
65.92,R_IndexTip,33.79,74.94,117.03,0.10,0.04,-0.11,0.99
65.92,R_MiddleTip,36.00,74.55,117.84,0.09,0.03,-0.16,0.98
65.92,R_RingTip,38.11,74.90,116.69,0.08,0.01,-0.20,0.98
65.92,R_LittleTip,39.88,74.34,113.83,0.07,0.04,-0.28,0.96
65.92,R_ThumbDistal,30.28,76.58,108.92,-0.17,-0.19,0.47,0.85
65.92,R_IndexIntermediate,33.63,75.94,112.52,0.13,0.01,-0.10,0.99
65.92,R_MiddleIntermediate,35.86,75.67,112.78,0.14,0.02,-0.13,0.98
65.92,R_RingIntermediate,37.91,75.59,111.69,0.08,0.04,-0.19,0.98
65.92,R_LittleIntermediate,39.55,74.96,109.70,0.08,0.08,-0.27,0.95
65.92,R_IndexProximal,33.67,76.73,108.85,0.11,0.00,-0.07,0.99
65.92,R_MiddleProximal,35.88,76.75,108.66,0.13,0.01,-0.11,0.99
65.92,R_ThumbProximal,30.88,76.39,105.63,-0.06,-0.07,0.40,0.91
65.92,R_RingProximal,37.61,75.96,107.85,0.04,0.05,-0.16,0.99
65.92,L_LittleProximal,-5.69,57.30,95.31,-0.73,-0.24,-0.16,-0.62
65.93,Main Camera,0.20,118.20,84.64,0.01,0.03,-0.01,-1.00
65.93,R_Palm,35.54,76.46,105.63,-0.01,0.03,-0.10,0.99
65.93,R_ThumbTip,29.10,76.94,111.01,-0.17,-0.19,0.47,0.85
65.93,R_IndexTip,33.81,74.94,117.02,0.10,0.04,-0.11,0.99
65.93,R_MiddleTip,36.01,74.54,117.83,0.09,0.03,-0.16,0.98
65.93,R_RingTip,38.12,74.89,116.68,0.08,0.01,-0.20,0.98
65.93,R_LittleTip,39.90,74.33,113.81,0.07,0.04,-0.28,0.96
65.93,R_ThumbDistal,30.29,76.57,108.91,-0.17,-0.19,0.47,0.85
65.93,R_IndexIntermediate,33.64,75.94,112.51,0.13,0.01,-0.10,0.99
65.93,R_MiddleIntermediate,35.87,75.67,112.76,0.14,0.02,-0.13,0.98
65.93,R_RingIntermediate,37.92,75.59,111.68,0.08,0.04,-0.19,0.98
65.93,R_LittleIntermediate,39.56,74.95,109.69,0.08,0.08,-0.27,0.95
65.93,R_IndexProximal,33.68,76.72,108.84,0.11,0.00,-0.07,0.99
65.93,R_MiddleProximal,35.89,76.74,108.64,0.13,0.01,-0.12,0.99
65.93,R_ThumbProximal,30.89,76.39,105.62,-0.06,-0.07,0.40,0.91
65.93,R_RingProximal,37.62,75.95,107.84,0.04,0.05,-0.16,0.99
65.93,L_LittleProximal,-5.70,57.28,95.31,-0.73,-0.24,-0.16,-0.62
65.95,Main Camera,0.20,118.20,84.65,0.01,0.03,-0.01,-1.00
65.95,R_Palm,35.56,76.45,105.66,-0.01,0.03,-0.10,0.99
65.95,R_ThumbTip,29.12,76.94,111.04,-0.17,-0.19,0.47,0.85
65.95,R_IndexTip,33.83,74.93,117.05,0.10,0.04,-0.11,0.99
65.95,R_MiddleTip,36.04,74.53,117.86,0.09,0.03,-0.16,0.98
65.95,R_RingTip,38.15,74.89,116.71,0.08,0.01,-0.20,0.98
65.95,R_LittleTip,39.92,74.33,113.84,0.07,0.04,-0.28,0.96
65.95,R_ThumbDistal,30.31,76.57,108.94,-0.17,-0.19,0.47,0.85
65.95,R_IndexIntermediate,33.67,75.93,112.55,0.13,0.01,-0.10,0.99
65.95,R_MiddleIntermediate,35.90,75.66,112.80,0.14,0.02,-0.13,0.98
65.95,R_RingIntermediate,37.94,75.58,111.71,0.08,0.04,-0.19,0.98
65.95,R_LittleIntermediate,39.58,74.94,109.72,0.08,0.08,-0.27,0.95
65.95,R_IndexProximal,33.71,76.72,108.87,0.11,0.00,-0.07,0.99
65.95,R_MiddleProximal,35.91,76.73,108.68,0.13,0.01,-0.12,0.99
65.95,R_ThumbProximal,30.91,76.38,105.65,-0.06,-0.07,0.40,0.91
65.95,R_RingProximal,37.64,75.94,107.87,0.04,0.05,-0.16,0.99
65.95,L_LittleProximal,-5.68,57.26,95.31,-0.73,-0.24,-0.16,-0.62
65.96,Main Camera,0.21,118.18,84.65,0.01,0.03,-0.01,-1.00
65.96,R_Palm,35.60,76.44,105.72,-0.01,0.03,-0.10,0.99
65.96,R_ThumbTip,29.16,76.92,111.10,-0.17,-0.19,0.47,0.85
65.96,R_IndexTip,33.88,74.92,117.12,0.10,0.04,-0.11,0.99
65.96,R_MiddleTip,36.08,74.52,117.93,0.09,0.03,-0.16,0.98
65.96,R_RingTip,38.19,74.87,116.77,0.08,0.01,-0.20,0.98
65.96,R_LittleTip,39.97,74.32,113.90,0.07,0.04,-0.28,0.96
65.96,R_ThumbDistal,30.35,76.55,109.01,-0.17,-0.19,0.47,0.85
65.96,R_IndexIntermediate,33.71,75.91,112.61,0.13,0.01,-0.10,0.99
65.96,R_MiddleIntermediate,35.94,75.64,112.86,0.14,0.02,-0.13,0.98
65.96,R_RingIntermediate,37.98,75.56,111.77,0.08,0.04,-0.19,0.98
65.96,R_LittleIntermediate,39.63,74.93,109.78,0.08,0.08,-0.27,0.95
65.96,R_IndexProximal,33.75,76.70,108.93,0.11,0.00,-0.07,0.99
65.96,R_MiddleProximal,35.96,76.71,108.74,0.13,0.01,-0.12,0.99
65.96,R_ThumbProximal,30.95,76.36,105.72,-0.06,-0.07,0.40,0.91
65.96,R_RingProximal,37.68,75.92,107.93,0.04,0.05,-0.16,0.99
65.96,L_LittleProximal,-5.66,57.23,95.32,-0.73,-0.24,-0.16,-0.62
65.97,Main Camera,0.22,118.17,84.66,0.01,0.03,-0.01,-1.00
65.97,R_Palm,35.64,76.41,105.72,-0.01,0.03,-0.10,0.99
65.97,R_ThumbTip,29.20,76.89,111.10,-0.17,-0.19,0.47,0.85
65.97,R_IndexTip,33.92,74.88,117.11,0.10,0.04,-0.11,0.99
65.97,R_MiddleTip,36.12,74.48,117.92,0.09,0.03,-0.16,0.98
65.97,R_RingTip,38.23,74.84,116.77,0.08,0.01,-0.20,0.98
65.97,R_LittleTip,40.01,74.29,113.90,0.07,0.04,-0.28,0.96
65.97,R_ThumbDistal,30.39,76.52,109.00,-0.17,-0.19,0.47,0.85
65.97,R_IndexIntermediate,33.75,75.88,112.60,0.13,0.01,-0.10,0.99
65.97,R_MiddleIntermediate,35.98,75.60,112.85,0.14,0.02,-0.13,0.98
65.97,R_RingIntermediate,38.02,75.53,111.77,0.08,0.04,-0.19,0.98
65.97,R_LittleIntermediate,39.67,74.90,109.77,0.08,0.08,-0.27,0.95
65.97,R_IndexProximal,33.79,76.66,108.93,0.11,0.00,-0.07,0.99
65.97,R_MiddleProximal,36.00,76.68,108.73,0.13,0.01,-0.11,0.99
65.97,R_ThumbProximal,30.99,76.33,105.71,-0.06,-0.07,0.40,0.91
65.97,R_RingProximal,37.72,75.89,107.93,0.04,0.05,-0.16,0.99
65.97,L_LittleProximal,-5.64,57.17,95.29,-0.73,-0.24,-0.16,-0.62
65.99,Main Camera,0.22,118.17,84.67,0.01,0.03,-0.01,-1.00
65.99,R_Palm,35.64,76.41,105.73,-0.01,0.03,-0.10,0.99
65.99,R_ThumbTip,29.20,76.87,111.12,-0.17,-0.19,0.47,0.85
65.99,R_IndexTip,33.92,74.88,117.13,0.10,0.04,-0.11,0.99
65.99,R_MiddleTip,36.12,74.48,117.94,0.09,0.03,-0.16,0.98
65.99,R_RingTip,38.23,74.84,116.78,0.08,0.01,-0.20,0.98
65.99,R_LittleTip,40.01,74.29,113.92,0.07,0.04,-0.28,0.96
65.99,R_ThumbDistal,30.39,76.50,109.02,-0.17,-0.19,0.47,0.85
65.99,R_IndexIntermediate,33.75,75.87,112.62,0.13,0.01,-0.10,0.99
65.99,R_MiddleIntermediate,35.98,75.60,112.87,0.14,0.02,-0.12,0.98
65.99,R_RingIntermediate,38.02,75.53,111.78,0.08,0.04,-0.19,0.98
65.99,R_LittleIntermediate,39.67,74.90,109.79,0.08,0.08,-0.27,0.96
65.99,R_IndexProximal,33.79,76.66,108.94,0.11,0.00,-0.07,0.99
65.99,R_MiddleProximal,36.00,76.68,108.75,0.13,0.01,-0.11,0.99
65.99,R_ThumbProximal,30.99,76.32,105.73,-0.06,-0.07,0.40,0.91
65.99,R_RingProximal,37.72,75.89,107.95,0.04,0.05,-0.16,0.99
65.99,L_LittleProximal,-5.64,57.07,95.29,-0.73,-0.24,-0.16,-0.62
66.00,Main Camera,0.22,118.17,84.67,0.01,0.03,-0.01,-1.00
66.00,R_Palm,35.62,76.42,105.71,-0.01,0.03,-0.10,0.99
66.00,R_ThumbTip,29.18,76.88,111.10,-0.17,-0.19,0.47,0.85
66.00,R_IndexTip,33.91,74.89,117.11,0.10,0.04,-0.11,0.99
66.00,R_MiddleTip,36.11,74.49,117.92,0.09,0.03,-0.16,0.98
66.00,R_RingTip,38.22,74.86,116.76,0.08,0.01,-0.20,0.98
66.00,R_LittleTip,40.00,74.31,113.89,0.07,0.04,-0.28,0.96
66.00,R_ThumbDistal,30.37,76.51,109.00,-0.17,-0.19,0.47,0.85
66.00,R_IndexIntermediate,33.73,75.89,112.60,0.13,0.01,-0.10,0.99
66.00,R_MiddleIntermediate,35.96,75.62,112.85,0.14,0.02,-0.12,0.98
66.00,R_RingIntermediate,38.01,75.55,111.76,0.08,0.04,-0.19,0.98
66.00,R_LittleIntermediate,39.65,74.92,109.77,0.08,0.08,-0.27,0.96
66.00,R_IndexProximal,33.77,76.67,108.92,0.11,0.00,-0.07,0.99
66.00,R_MiddleProximal,35.98,76.69,108.73,0.13,0.01,-0.11,0.99
66.00,R_ThumbProximal,30.97,76.33,105.71,-0.06,-0.07,0.41,0.91
66.00,R_RingProximal,37.71,75.91,107.93,0.04,0.05,-0.16,0.99
66.00,L_LittleProximal,-5.64,57.07,95.30,-0.73,-0.24,-0.16,-0.62
