Timestamp,Name,PosX,PosY,PosZ,RotX,RotY,RotZ,RotW
91.56,Main Camera,-4.05,118.22,72.21,0.08,-0.02,0.01,1.00
91.56,R_Palm,35.15,77.66,104.13,-0.06,-0.14,0.03,-0.99
91.56,R_ThumbTip,29.63,76.17,111.17,-0.01,0.12,-0.53,-0.84
91.56,R_IndexTip,37.29,75.11,116.02,-0.11,-0.22,0.04,-0.97
91.56,R_MiddleTip,39.26,75.43,116.74,-0.06,-0.17,0.09,-0.98
91.56,R_RingTip,40.34,75.13,115.03,-0.09,-0.12,0.13,-0.98
91.56,R_LittleTip,40.95,75.70,111.83,-0.04,-0.09,0.20,-0.98
91.56,R_ThumbDistal,30.20,76.45,108.61,-0.01,0.12,-0.53,-0.84
91.56,R_IndexIntermediate,35.31,76.22,111.58,-0.12,-0.19,0.03,-0.97
91.56,R_MiddleIntermediate,37.47,76.40,111.52,-0.11,-0.16,0.06,-0.98
91.56,R_RingIntermediate,38.97,76.18,109.86,-0.10,-0.15,0.12,-0.98
91.56,R_LittleIntermediate,39.97,76.15,107.45,-0.05,-0.14,0.20,-0.97
91.56,R_IndexProximal,33.87,77.13,107.89,-0.11,-0.18,0.01,-0.98
91.56,R_MiddleProximal,36.14,77.53,107.27,-0.12,-0.15,0.05,-0.98
91.56,R_ThumbProximal,30.29,76.79,105.01,-0.04,0.03,-0.46,-0.89
91.56,R_RingProximal,37.88,77.10,105.94,-0.10,-0.14,0.09,-0.98
91.56,L_LittleProximal,-2.00,45.27,96.18,-0.68,-0.22,0.07,-0.70
91.56,MediumCube,0.00,78.17,145.00,0.00,0.00,0.00,1.00
91.58,Main Camera,-3.99,118.27,72.20,0.08,-0.02,0.01,1.00
91.58,R_Palm,35.14,77.67,104.11,-0.06,-0.14,0.03,-0.99
91.58,R_ThumbTip,29.62,76.18,111.15,-0.01,0.12,-0.53,-0.84
91.58,R_IndexTip,37.28,75.11,116.00,-0.11,-0.22,0.04,-0.97
91.58,R_MiddleTip,39.25,75.43,116.72,-0.06,-0.17,0.09,-0.98
91.58,R_RingTip,40.33,75.13,115.01,-0.09,-0.12,0.13,-0.98
91.58,R_LittleTip,40.93,75.70,111.81,-0.04,-0.09,0.20,-0.98
91.58,R_ThumbDistal,30.18,76.46,108.60,-0.01,0.12,-0.53,-0.84
91.58,R_IndexIntermediate,35.30,76.22,111.56,-0.12,-0.19,0.03,-0.97
91.58,R_MiddleIntermediate,37.46,76.40,111.50,-0.11,-0.16,0.06,-0.98
91.58,R_RingIntermediate,38.95,76.18,109.84,-0.10,-0.15,0.13,-0.98
91.58,R_LittleIntermediate,39.96,76.16,107.43,-0.05,-0.14,0.20,-0.97
91.58,R_IndexProximal,33.86,77.14,107.88,-0.11,-0.18,0.01,-0.98
91.58,R_MiddleProximal,36.13,77.53,107.25,-0.12,-0.15,0.05,-0.98
91.58,R_ThumbProximal,30.27,76.80,105.00,-0.04,0.03,-0.46,-0.89
91.58,R_RingProximal,37.87,77.10,105.92,-0.10,-0.14,0.09,-0.98
91.58,L_LittleProximal,-2.01,45.26,96.15,-0.68,-0.22,0.07,-0.70
91.58,MediumCube,0.00,78.17,145.00,0.00,0.00,0.00,1.00
91.59,Main Camera,-3.95,118.31,72.17,0.08,-0.01,0.01,1.00
91.59,R_Palm,35.13,77.68,104.11,-0.06,-0.14,0.03,-0.99
91.59,R_ThumbTip,29.61,76.20,111.15,-0.01,0.12,-0.53,-0.84
91.59,R_IndexTip,37.28,75.12,116.00,-0.11,-0.22,0.04,-0.97
91.59,R_MiddleTip,39.24,75.44,116.71,-0.06,-0.17,0.09,-0.98
91.59,R_RingTip,40.32,75.14,115.00,-0.09,-0.12,0.13,-0.98
91.59,R_LittleTip,40.92,75.71,111.81,-0.04,-0.09,0.20,-0.98
91.59,R_ThumbDistal,30.18,76.48,108.59,-0.01,0.12,-0.53,-0.84
91.59,R_IndexIntermediate,35.29,76.24,111.55,-0.12,-0.19,0.03,-0.97
91.59,R_MiddleIntermediate,37.45,76.42,111.49,-0.11,-0.16,0.06,-0.98
91.59,R_RingIntermediate,38.95,76.19,109.84,-0.10,-0.15,0.13,-0.98
91.59,R_LittleIntermediate,39.95,76.17,107.43,-0.05,-0.14,0.20,-0.97
91.59,R_IndexProximal,33.86,77.15,107.87,-0.11,-0.18,0.01,-0.98
91.59,R_MiddleProximal,36.13,77.55,107.24,-0.12,-0.15,0.05,-0.98
91.59,R_ThumbProximal,30.27,76.82,104.99,-0.04,0.03,-0.46,-0.89
91.59,R_RingProximal,37.86,77.12,105.92,-0.10,-0.14,0.09,-0.98
91.59,L_LittleProximal,-1.96,45.25,96.10,-0.68,-0.22,0.07,-0.70
91.59,MediumCube,0.00,78.17,145.00,0.00,0.00,0.00,1.00
91.60,Main Camera,-3.89,118.36,72.15,0.08,-0.01,0.01,1.00
91.60,R_Palm,35.13,77.69,104.11,-0.06,-0.14,0.03,-0.99
91.60,R_ThumbTip,29.60,76.22,111.15,-0.01,0.12,-0.53,-0.84
91.60,R_IndexTip,37.28,75.13,115.99,-0.11,-0.22,0.04,-0.97
91.60,R_MiddleTip,39.24,75.44,116.71,-0.06,-0.17,0.09,-0.98
91.60,R_RingTip,40.31,75.14,115.01,-0.09,-0.12,0.13,-0.98
91.60,R_LittleTip,40.91,75.71,111.81,-0.04,-0.09,0.20,-0.98
91.60,R_ThumbDistal,30.17,76.49,108.59,-0.01,0.12,-0.53,-0.84
91.60,R_IndexIntermediate,35.29,76.24,111.55,-0.12,-0.19,0.03,-0.97
91.60,R_MiddleIntermediate,37.45,76.42,111.49,-0.12,-0.16,0.06,-0.98
91.60,R_RingIntermediate,38.94,76.19,109.84,-0.10,-0.15,0.13,-0.98
91.60,R_LittleIntermediate,39.94,76.17,107.43,-0.05,-0.14,0.20,-0.97
91.60,R_IndexProximal,33.85,77.16,107.87,-0.11,-0.18,0.01,-0.98
91.60,R_MiddleProximal,36.13,77.56,107.25,-0.12,-0.15,0.05,-0.98
91.60,R_ThumbProximal,30.27,76.83,104.99,-0.04,0.03,-0.46,-0.89
91.60,R_RingProximal,37.86,77.12,105.92,-0.10,-0.14,0.09,-0.98
91.60,L_LittleProximal,-1.91,45.26,96.09,-0.68,-0.22,0.07,-0.70
91.60,MediumCube,0.00,78.17,145.00,0.00,0.00,0.00,1.00
91.62,Main Camera,-3.85,118.39,72.12,0.07,-0.01,0.00,1.00
91.62,R_Palm,35.14,77.68,104.11,-0.06,-0.14,0.03,-0.99
91.62,R_ThumbTip,29.61,76.22,111.14,-0.01,0.12,-0.53,-0.84
91.62,R_IndexTip,37.28,75.11,115.99,-0.11,-0.22,0.05,-0.97
91.62,R_MiddleTip,39.24,75.42,116.71,-0.06,-0.17,0.09,-0.98
91.62,R_RingTip,40.31,75.12,115.00,-0.09,-0.12,0.13,-0.98
91.62,R_LittleTip,40.91,75.69,111.81,-0.04,-0.09,0.20,-0.98
91.62,R_ThumbDistal,30.18,76.49,108.58,-0.01,0.12,-0.53,-0.84
91.62,R_IndexIntermediate,35.30,76.23,111.55,-0.12,-0.19,0.03,-0.97
91.62,R_MiddleIntermediate,37.46,76.41,111.49,-0.12,-0.16,0.06,-0.98
91.62,R_RingIntermediate,38.95,76.18,109.84,-0.10,-0.15,0.13,-0.98
91.62,R_LittleIntermediate,39.95,76.15,107.43,-0.05,-0.14,0.20,-0.97
91.62,R_IndexProximal,33.86,77.15,107.87,-0.11,-0.18,0.01,-0.98
91.62,R_MiddleProximal,36.13,77.55,107.24,-0.12,-0.15,0.05,-0.98
91.62,R_ThumbProximal,30.28,76.82,104.99,-0.03,0.03,-0.46,-0.89
91.62,R_RingProximal,37.87,77.11,105.92,-0.10,-0.14,0.09,-0.98
91.62,L_LittleProximal,-1.82,45.31,96.04,-0.68,-0.22,0.07,-0.69
91.62,MediumCube,0.00,78.17,145.00,0.00,0.00,0.00,1.00
91.63,Main Camera,-3.79,118.43,72.09,0.07,-0.01,0.00,1.00
91.63,R_Palm,35.15,77.67,104.10,-0.06,-0.14,0.03,-0.99
91.63,R_ThumbTip,29.61,76.21,111.13,-0.01,0.12,-0.53,-0.84
91.63,R_IndexTip,37.28,75.10,115.98,-0.11,-0.22,0.05,-0.97
91.63,R_MiddleTip,39.24,75.40,116.71,-0.06,-0.17,0.09,-0.98
91.63,R_RingTip,40.31,75.09,115.00,-0.09,-0.12,0.13,-0.98
91.63,R_LittleTip,40.91,75.67,111.81,-0.04,-0.09,0.20,-0.97
91.63,R_ThumbDistal,30.18,76.48,108.57,-0.01,0.12,-0.53,-0.84
91.63,R_IndexIntermediate,35.30,76.22,111.54,-0.12,-0.19,0.03,-0.97
91.63,R_MiddleIntermediate,37.46,76.39,111.49,-0.12,-0.16,0.06,-0.98
91.63,R_RingIntermediate,38.95,76.16,109.84,-0.10,-0.15,0.13,-0.98
91.63,R_LittleIntermediate,39.95,76.13,107.43,-0.05,-0.14,0.20,-0.97
91.63,R_IndexProximal,33.87,77.14,107.86,-0.12,-0.18,0.01,-0.98
91.63,R_MiddleProximal,36.14,77.53,107.24,-0.12,-0.15,0.05,-0.98
91.63,R_ThumbProximal,30.29,76.82,104.98,-0.03,0.03,-0.46,-0.89
91.63,R_RingProximal,37.88,77.10,105.92,-0.10,-0.14,0.09,-0.98
91.63,L_LittleProximal,-1.71,45.36,95.97,-0.68,-0.22,0.07,-0.69
91.63,MediumCube,0.00,78.17,145.00,0.00,0.00,0.00,1.00
91.64,Main Camera,-3.73,118.47,72.06,0.07,-0.01,0.00,1.00
91.64,R_Palm,35.17,77.67,104.09,-0.06,-0.14,0.03,-0.99
91.64,R_ThumbTip,29.62,76.23,111.12,-0.01,0.12,-0.53,-0.84
91.64,R_IndexTip,37.29,75.11,115.97,-0.11,-0.22,0.05,-0.97
91.64,R_MiddleTip,39.24,75.41,116.70,-0.06,-0.17,0.09,-0.98
91.64,R_RingTip,40.31,75.09,115.00,-0.09,-0.12,0.13,-0.98
91.64,R_LittleTip,40.91,75.67,111.81,-0.04,-0.09,0.20,-0.97
91.64,R_ThumbDistal,30.19,76.50,108.56,-0.01,0.12,-0.53,-0.84
91.64,R_IndexIntermediate,35.31,76.23,111.53,-0.12,-0.19,0.04,-0.97
91.64,R_MiddleIntermediate,37.47,76.40,111.48,-0.12,-0.16,0.06,-0.98
91.64,R_RingIntermediate,38.96,76.16,109.83,-0.10,-0.15,0.13,-0.98
91.64,R_LittleIntermediate,39.96,76.13,107.42,-0.05,-0.14,0.20,-0.97
91.64,R_IndexProximal,33.88,77.15,107.85,-0.11,-0.18,0.01,-0.98
91.64,R_MiddleProximal,36.15,77.54,107.23,-0.12,-0.15,0.05,-0.98
91.64,R_ThumbProximal,30.30,76.83,104.96,-0.03,0.03,-0.46,-0.89
91.64,R_RingProximal,37.89,77.10,105.91,-0.10,-0.14,0.09,-0.98
91.64,L_LittleProximal,-1.67,45.46,95.90,-0.69,-0.22,0.07,-0.69
91.64,MediumCube,0.00,78.17,145.00,0.00,0.00,0.00,1.00
91.66,Main Camera,-3.68,118.49,72.03,0.07,-0.01,0.00,1.00
91.66,R_Palm,35.16,77.68,104.07,-0.06,-0.14,0.04,-0.99
91.66,R_ThumbTip,29.60,76.26,111.10,-0.01,0.12,-0.53,-0.84
91.66,R_IndexTip,37.27,75.12,115.95,-0.11,-0.22,0.05,-0.97
91.66,R_MiddleTip,39.22,75.41,116.68,-0.06,-0.17,0.09,-0.98
91.66,R_RingTip,40.29,75.09,114.98,-0.09,-0.12,0.14,-0.98
91.66,R_LittleTip,40.88,75.66,111.80,-0.04,-0.09,0.20,-0.97
91.66,R_ThumbDistal,30.18,76.52,108.54,-0.01,0.12,-0.53,-0.84
91.66,R_IndexIntermediate,35.30,76.24,111.51,-0.12,-0.19,0.04,-0.97
91.66,R_MiddleIntermediate,37.45,76.40,111.46,-0.12,-0.16,0.06,-0.98
91.66,R_RingIntermediate,38.94,76.16,109.81,-0.10,-0.15,0.13,-0.98
91.66,R_LittleIntermediate,39.94,76.13,107.41,-0.05,-0.14,0.20,-0.97
91.66,R_IndexProximal,33.86,77.16,107.83,-0.11,-0.18,0.01,-0.98
91.66,R_MiddleProximal,36.14,77.54,107.21,-0.12,-0.15,0.05,-0.98
91.66,R_ThumbProximal,30.29,76.85,104.95,-0.03,0.03,-0.46,-0.89
91.66,R_RingProximal,37.88,77.10,105.89,-0.10,-0.14,0.10,-0.98
91.66,L_LittleProximal,-1.49,45.67,95.68,-0.69,-0.22,0.07,-0.69
91.66,MediumCube,0.00,78.17,145.00,0.00,0.00,0.00,1.00
91.67,Main Camera,-3.63,118.54,71.99,0.06,-0.01,-0.01,1.00
91.67,R_Palm,35.15,77.69,104.07,-0.06,-0.14,0.04,-0.99
91.67,R_ThumbTip,29.59,76.29,111.10,-0.01,0.12,-0.53,-0.84
91.67,R_IndexTip,37.27,75.13,115.95,-0.11,-0.22,0.05,-0.97
91.67,R_MiddleTip,39.22,75.43,116.68,-0.06,-0.17,0.09,-0.98
91.67,R_RingTip,40.29,75.10,114.97,-0.09,-0.12,0.14,-0.98
91.67,R_LittleTip,40.87,75.67,111.79,-0.04,-0.09,0.20,-0.97
91.67,R_ThumbDistal,30.17,76.54,108.54,-0.01,0.12,-0.53,-0.84
91.67,R_IndexIntermediate,35.29,76.25,111.51,-0.12,-0.19,0.04,-0.97
91.67,R_MiddleIntermediate,37.44,76.42,111.46,-0.12,-0.16,0.06,-0.98
91.67,R_RingIntermediate,38.93,76.17,109.81,-0.10,-0.15,0.13,-0.98
91.67,R_LittleIntermediate,39.93,76.14,107.41,-0.05,-0.14,0.20,-0.97
91.67,R_IndexProximal,33.85,77.18,107.83,-0.12,-0.18,0.01,-0.98
91.67,R_MiddleProximal,36.13,77.56,107.21,-0.12,-0.15,0.05,-0.98
91.67,R_ThumbProximal,30.29,76.87,104.95,-0.03,0.03,-0.46,-0.89
91.67,R_RingProximal,37.87,77.11,105.89,-0.10,-0.14,0.10,-0.98
91.67,L_LittleProximal,-1.46,45.67,95.61,-0.69,-0.23,0.07,-0.69
91.67,MediumCube,0.00,78.17,145.00,0.00,0.00,0.00,1.00
91.69,Main Camera,-3.57,118.60,71.95,0.06,-0.01,-0.01,1.00
91.69,R_Palm,35.13,77.72,104.04,-0.06,-0.14,0.04,-0.99
91.69,R_ThumbTip,29.58,76.32,111.08,-0.01,0.12,-0.53,-0.84
91.69,R_IndexTip,37.26,75.15,115.91,-0.11,-0.22,0.05,-0.97
91.69,R_MiddleTip,39.21,75.45,116.65,-0.06,-0.17,0.09,-0.98
91.69,R_RingTip,40.27,75.12,114.94,-0.09,-0.12,0.14,-0.98
91.69,R_LittleTip,40.85,75.69,111.76,-0.04,-0.09,0.20,-0.97
91.69,R_ThumbDistal,30.16,76.58,108.52,-0.01,0.12,-0.53,-0.84
91.69,R_IndexIntermediate,35.28,76.28,111.48,-0.12,-0.19,0.04,-0.97
91.69,R_MiddleIntermediate,37.43,76.44,111.43,-0.12,-0.16,0.06,-0.98
91.69,R_RingIntermediate,38.92,76.19,109.78,-0.10,-0.15,0.13,-0.98
91.69,R_LittleIntermediate,39.91,76.17,107.37,-0.05,-0.14,0.20,-0.97
91.69,R_IndexProximal,33.84,77.21,107.80,-0.12,-0.18,0.01,-0.98
91.69,R_MiddleProximal,36.11,77.59,107.18,-0.12,-0.15,0.05,-0.98
91.69,R_ThumbProximal,30.27,76.89,104.92,-0.03,0.03,-0.46,-0.89
91.69,R_RingProximal,37.85,77.14,105.86,-0.10,-0.14,0.10,-0.98
91.69,L_LittleProximal,-1.42,45.66,95.52,-0.69,-0.23,0.08,-0.69
91.69,MediumCube,0.00,78.17,145.00,0.00,0.00,0.00,1.00
91.70,Main Camera,-3.53,118.63,71.91,0.06,-0.01,-0.01,1.00
91.70,R_Palm,35.07,77.82,103.97,-0.06,-0.14,0.04,-0.99
91.70,R_ThumbTip,29.52,76.42,111.01,-0.01,0.12,-0.53,-0.84
91.70,R_IndexTip,37.21,75.24,115.84,-0.11,-0.22,0.05,-0.97
91.70,R_MiddleTip,39.16,75.55,116.57,-0.06,-0.17,0.09,-0.98
91.70,R_RingTip,40.21,75.21,114.87,-0.09,-0.12,0.14,-0.98
91.70,R_LittleTip,40.78,75.79,111.69,-0.04,-0.09,0.20,-0.97
91.70,R_ThumbDistal,30.10,76.67,108.45,-0.01,0.12,-0.53,-0.84
91.70,R_IndexIntermediate,35.22,76.37,111.41,-0.12,-0.19,0.04,-0.97
91.70,R_MiddleIntermediate,37.37,76.53,111.35,-0.12,-0.16,0.06,-0.98
91.70,R_RingIntermediate,38.86,76.28,109.71,-0.10,-0.15,0.13,-0.98
91.70,R_LittleIntermediate,39.84,76.26,107.30,-0.05,-0.14,0.20,-0.97
91.70,R_IndexProximal,33.77,77.30,107.73,-0.12,-0.18,0.01,-0.98
91.70,R_MiddleProximal,36.05,77.68,107.11,-0.12,-0.15,0.05,-0.98
91.70,R_ThumbProximal,30.21,76.99,104.85,-0.03,0.03,-0.46,-0.89
91.70,R_RingProximal,37.79,77.23,105.79,-0.10,-0.14,0.10,-0.98
91.70,L_LittleProximal,-1.39,45.63,95.44,-0.69,-0.24,0.08,-0.68
91.70,MediumCube,0.00,78.17,145.00,0.00,0.00,0.00,1.00
91.71,Main Camera,-3.46,118.69,71.88,0.06,-0.01,-0.01,1.00
91.71,R_Palm,35.00,77.92,103.89,-0.06,-0.14,0.04,-0.99
91.71,R_ThumbTip,29.45,76.53,110.93,-0.01,0.12,-0.53,-0.84
91.71,R_IndexTip,37.14,75.34,115.75,-0.11,-0.22,0.05,-0.97
91.71,R_MiddleTip,39.09,75.65,116.49,-0.06,-0.17,0.09,-0.98
91.71,R_RingTip,40.14,75.32,114.79,-0.09,-0.12,0.14,-0.98
91.71,R_LittleTip,40.71,75.89,111.61,-0.04,-0.09,0.20,-0.97
91.71,R_ThumbDistal,30.03,76.78,108.37,-0.01,0.12,-0.53,-0.84
91.71,R_IndexIntermediate,35.15,76.47,111.32,-0.12,-0.19,0.04,-0.97
91.71,R_MiddleIntermediate,37.30,76.64,111.27,-0.12,-0.16,0.06,-0.98
91.71,R_RingIntermediate,38.79,76.39,109.62,-0.10,-0.15,0.13,-0.98
91.71,R_LittleIntermediate,39.77,76.37,107.22,-0.05,-0.14,0.20,-0.97
91.71,R_IndexProximal,33.70,77.41,107.65,-0.12,-0.18,0.01,-0.98
91.71,R_MiddleProximal,35.98,77.79,107.02,-0.12,-0.15,0.05,-0.98
91.71,R_ThumbProximal,30.14,77.10,104.77,-0.03,0.03,-0.46,-0.89
91.71,R_RingProximal,37.71,77.34,105.71,-0.10,-0.14,0.10,-0.98
91.71,L_LittleProximal,-1.37,45.60,95.37,-0.69,-0.24,0.08,-0.68
91.71,MediumCube,0.00,78.17,145.00,0.00,0.00,0.00,1.00
91.73,Main Camera,-3.39,118.71,71.83,0.05,-0.01,-0.02,1.00
91.73,R_Palm,34.95,78.01,103.83,-0.06,-0.14,0.04,-0.99
91.73,R_ThumbTip,29.40,76.62,110.86,-0.01,0.12,-0.53,-0.84
91.73,R_IndexTip,37.09,75.42,115.69,-0.11,-0.22,0.05,-0.97
91.73,R_MiddleTip,39.04,75.74,116.43,-0.06,-0.17,0.09,-0.98
91.73,R_RingTip,40.09,75.40,114.73,-0.09,-0.12,0.14,-0.98
91.73,R_LittleTip,40.65,75.98,111.55,-0.04,-0.09,0.20,-0.97
91.73,R_ThumbDistal,29.98,76.87,108.31,-0.01,0.12,-0.53,-0.84
91.73,R_IndexIntermediate,35.10,76.55,111.26,-0.12,-0.19,0.04,-0.97
91.73,R_MiddleIntermediate,37.25,76.72,111.21,-0.12,-0.16,0.06,-0.98
91.73,R_RingIntermediate,38.73,76.47,109.56,-0.10,-0.15,0.13,-0.98
91.73,R_LittleIntermediate,39.72,76.45,107.16,-0.05,-0.14,0.20,-0.97
91.73,R_IndexProximal,33.65,77.49,107.58,-0.12,-0.18,0.01,-0.98
91.73,R_MiddleProximal,35.93,77.87,106.96,-0.12,-0.15,0.05,-0.98
91.73,R_ThumbProximal,30.10,77.18,104.71,-0.03,0.03,-0.46,-0.89
91.73,R_RingProximal,37.66,77.42,105.64,-0.10,-0.14,0.10,-0.98
91.73,L_LittleProximal,-1.26,45.57,95.18,-0.70,-0.25,0.08,-0.67
91.73,MediumCube,0.00,78.17,145.00,0.00,0.00,0.00,1.00
91.74,Main Camera,-3.34,118.78,71.80,0.05,-0.01,-0.02,1.00
91.74,R_Palm,34.86,78.05,103.76,-0.06,-0.14,0.04,-0.99
91.74,R_ThumbTip,29.31,76.68,110.80,-0.01,0.12,-0.53,-0.84
91.74,R_IndexTip,37.01,75.47,115.63,-0.11,-0.22,0.05,-0.97
91.74,R_MiddleTip,38.95,75.79,116.37,-0.06,-0.17,0.09,-0.98
91.74,R_RingTip,40.00,75.45,114.66,-0.09,-0.12,0.14,-0.98
91.74,R_LittleTip,40.56,76.03,111.49,-0.04,-0.09,0.20,-0.97
91.74,R_ThumbDistal,29.89,76.93,108.24,-0.01,0.12,-0.53,-0.84
91.74,R_IndexIntermediate,35.01,76.60,111.19,-0.12,-0.19,0.04,-0.97
91.74,R_MiddleIntermediate,37.16,76.77,111.15,-0.12,-0.16,0.06,-0.98
91.74,R_RingIntermediate,38.65,76.52,109.50,-0.10,-0.15,0.13,-0.98
91.74,R_LittleIntermediate,39.63,76.50,107.10,-0.05,-0.14,0.20,-0.97
91.74,R_IndexProximal,33.57,77.54,107.52,-0.12,-0.18,0.01,-0.98
91.74,R_MiddleProximal,35.84,77.92,106.90,-0.12,-0.15,0.05,-0.98
91.74,R_ThumbProximal,30.01,77.23,104.64,-0.03,0.03,-0.46,-0.89
91.74,R_RingProximal,37.58,77.47,105.58,-0.10,-0.14,0.10,-0.98
91.74,L_LittleProximal,-1.25,45.54,94.97,-0.70,-0.25,0.07,-0.66
91.74,MediumCube,0.00,78.17,145.00,0.00,0.00,0.00,1.00
91.76,Main Camera,-3.27,118.82,71.75,0.05,-0.01,-0.02,1.00
91.76,R_Palm,34.82,78.06,103.74,-0.06,-0.14,0.04,-0.99
91.76,R_ThumbTip,29.28,76.69,110.78,-0.01,0.12,-0.53,-0.84
91.76,R_IndexTip,36.97,75.48,115.60,-0.11,-0.22,0.05,-0.97
91.76,R_MiddleTip,38.91,75.80,116.35,-0.05,-0.17,0.09,-0.98
91.76,R_RingTip,39.96,75.46,114.64,-0.09,-0.12,0.14,-0.98
91.76,R_LittleTip,40.52,76.05,111.47,-0.04,-0.09,0.20,-0.97
91.76,R_ThumbDistal,29.86,76.94,108.22,-0.01,0.12,-0.53,-0.84
91.76,R_IndexIntermediate,34.97,76.61,111.17,-0.12,-0.19,0.04,-0.97
91.76,R_MiddleIntermediate,37.12,76.79,111.12,-0.12,-0.16,0.06,-0.98
91.76,R_RingIntermediate,38.60,76.53,109.48,-0.10,-0.15,0.13,-0.98
91.76,R_LittleIntermediate,39.59,76.51,107.08,-0.05,-0.14,0.20,-0.97
91.76,R_IndexProximal,33.53,77.55,107.50,-0.12,-0.18,0.01,-0.98
91.76,R_MiddleProximal,35.80,77.93,106.88,-0.12,-0.15,0.05,-0.98
91.76,R_ThumbProximal,29.97,77.24,104.62,-0.03,0.03,-0.46,-0.89
91.76,R_RingProximal,37.54,77.48,105.56,-0.10,-0.14,0.10,-0.98
91.76,L_LittleProximal,-1.23,45.66,94.82,-0.71,-0.25,0.06,-0.66
91.76,MediumCube,0.00,78.17,145.00,0.00,0.00,0.00,1.00
91.77,Main Camera,-3.23,118.86,71.69,0.05,-0.01,-0.02,1.00
91.77,R_Palm,34.81,78.07,103.73,-0.06,-0.14,0.04,-0.99
91.77,R_ThumbTip,29.27,76.70,110.78,-0.01,0.12,-0.53,-0.84
91.77,R_IndexTip,36.96,75.48,115.59,-0.11,-0.22,0.05,-0.97
91.77,R_MiddleTip,38.89,75.81,116.34,-0.05,-0.17,0.09,-0.98
91.77,R_RingTip,39.94,75.46,114.64,-0.09,-0.12,0.14,-0.98
91.77,R_LittleTip,40.50,76.05,111.46,-0.04,-0.09,0.20,-0.97
91.77,R_ThumbDistal,29.85,76.94,108.22,-0.01,0.12,-0.53,-0.84
91.77,R_IndexIntermediate,34.96,76.61,111.16,-0.12,-0.19,0.04,-0.97
91.77,R_MiddleIntermediate,37.11,76.79,111.12,-0.12,-0.16,0.06,-0.98
91.77,R_RingIntermediate,38.59,76.53,109.47,-0.10,-0.15,0.13,-0.98
91.77,R_LittleIntermediate,39.57,76.51,107.07,-0.05,-0.14,0.20,-0.97
91.77,R_IndexProximal,33.51,77.56,107.49,-0.12,-0.18,0.01,-0.98
91.77,R_MiddleProximal,35.79,77.93,106.87,-0.12,-0.15,0.05,-0.98
91.77,R_ThumbProximal,29.96,77.24,104.62,-0.03,0.03,-0.46,-0.89
91.77,R_RingProximal,37.53,77.48,105.55,-0.10,-0.14,0.10,-0.98
91.77,L_LittleProximal,-1.23,45.78,94.75,-0.71,-0.25,0.06,-0.66
91.77,MediumCube,0.00,78.17,145.00,0.00,0.00,0.00,1.00
91.78,Main Camera,-3.14,118.89,71.65,0.04,-0.01,-0.03,1.00
91.78,R_Palm,34.80,78.07,103.73,-0.06,-0.14,0.04,-0.99
91.78,R_ThumbTip,29.26,76.71,110.78,-0.01,0.12,-0.53,-0.84
91.78,R_IndexTip,36.96,75.49,115.59,-0.11,-0.22,0.05,-0.97
91.78,R_MiddleTip,38.89,75.83,116.34,-0.05,-0.17,0.09,-0.98
91.78,R_RingTip,39.93,75.47,114.64,-0.09,-0.12,0.14,-0.98
91.78,R_LittleTip,40.49,76.06,111.46,-0.04,-0.09,0.20,-0.97
91.78,R_ThumbDistal,29.84,76.95,108.22,-0.01,0.12,-0.53,-0.84
91.78,R_IndexIntermediate,34.96,76.62,111.16,-0.12,-0.19,0.04,-0.97
91.78,R_MiddleIntermediate,37.10,76.80,111.12,-0.11,-0.16,0.06,-0.98
91.78,R_RingIntermediate,38.58,76.54,109.47,-0.10,-0.15,0.13,-0.98
91.78,R_LittleIntermediate,39.56,76.52,107.07,-0.05,-0.14,0.20,-0.97
91.78,R_IndexProximal,33.51,77.57,107.49,-0.12,-0.18,0.01,-0.98
91.78,R_MiddleProximal,35.78,77.94,106.87,-0.12,-0.15,0.05,-0.98
91.78,R_ThumbProximal,29.96,77.25,104.62,-0.03,0.03,-0.46,-0.89
91.78,R_RingProximal,37.52,77.49,105.55,-0.10,-0.14,0.10,-0.98
91.78,L_LittleProximal,-1.29,45.78,94.66,-0.71,-0.25,0.06,-0.66
91.78,MediumCube,0.00,78.17,145.00,0.00,0.00,0.00,1.00
91.80,Main Camera,-3.09,118.94,71.61,0.04,-0.01,-0.03,1.00
91.80,R_Palm,34.79,78.08,103.73,-0.06,-0.14,0.04,-0.99
91.80,R_ThumbTip,29.26,76.74,110.79,0.00,0.12,-0.52,-0.84
91.80,R_IndexTip,36.95,75.51,115.59,-0.11,-0.22,0.05,-0.97
91.80,R_MiddleTip,38.88,75.85,116.34,-0.05,-0.17,0.09,-0.98
91.80,R_RingTip,39.93,75.49,114.64,-0.09,-0.12,0.14,-0.98
91.80,R_LittleTip,40.48,76.07,111.46,-0.04,-0.09,0.20,-0.97
91.80,R_ThumbDistal,29.84,76.98,108.23,0.00,0.12,-0.52,-0.84
91.80,R_IndexIntermediate,34.95,76.64,111.16,-0.12,-0.19,0.04,-0.97
91.80,R_MiddleIntermediate,37.10,76.82,111.12,-0.11,-0.16,0.07,-0.98
91.80,R_RingIntermediate,38.57,76.55,109.47,-0.10,-0.15,0.13,-0.97
91.80,R_LittleIntermediate,39.55,76.52,107.07,-0.05,-0.14,0.20,-0.97
91.80,R_IndexProximal,33.50,77.59,107.50,-0.12,-0.18,0.01,-0.98
91.80,R_MiddleProximal,35.78,77.95,106.87,-0.12,-0.15,0.06,-0.98
91.80,R_ThumbProximal,29.95,77.27,104.63,-0.03,0.03,-0.46,-0.89
91.80,R_RingProximal,37.51,77.49,105.55,-0.10,-0.14,0.10,-0.98
91.80,L_LittleProximal,-1.36,45.79,94.55,-0.71,-0.25,0.05,-0.66
91.80,MediumCube,0.00,78.17,145.00,0.00,0.00,0.00,1.00
91.81,Main Camera,-3.03,118.99,71.56,0.04,-0.01,-0.03,1.00
91.81,R_Palm,34.79,78.09,103.71,-0.06,-0.14,0.04,-0.99
91.81,R_ThumbTip,29.26,76.78,110.77,0.00,0.12,-0.52,-0.84
91.81,R_IndexTip,36.95,75.51,115.57,-0.11,-0.22,0.05,-0.97
91.81,R_MiddleTip,38.87,75.84,116.32,-0.05,-0.17,0.10,-0.98
91.81,R_RingTip,39.91,75.47,114.61,-0.09,-0.12,0.14,-0.98
91.81,R_LittleTip,40.47,76.06,111.44,-0.03,-0.09,0.21,-0.97
91.81,R_ThumbDistal,29.84,77.01,108.22,0.00,0.12,-0.52,-0.84
91.81,R_IndexIntermediate,34.95,76.65,111.14,-0.12,-0.19,0.04,-0.97
91.81,R_MiddleIntermediate,37.09,76.82,111.10,-0.11,-0.16,0.07,-0.98
91.81,R_RingIntermediate,38.57,76.54,109.45,-0.10,-0.15,0.14,-0.97
91.81,R_LittleIntermediate,39.54,76.50,107.04,-0.05,-0.14,0.21,-0.97
91.81,R_IndexProximal,33.50,77.61,107.48,-0.12,-0.19,0.02,-0.98
91.81,R_MiddleProximal,35.78,77.96,106.85,-0.12,-0.15,0.06,-0.98
91.81,R_ThumbProximal,29.94,77.30,104.61,-0.03,0.03,-0.46,-0.89
91.81,R_RingProximal,37.50,77.48,105.52,-0.10,-0.14,0.10,-0.98
91.81,L_LittleProximal,-1.32,45.77,94.55,-0.71,-0.25,0.05,-0.66
91.81,MediumCube,0.00,78.17,145.00,0.00,0.00,0.00,1.00
91.83,Main Camera,-2.97,119.03,71.50,0.04,-0.01,-0.04,1.00
91.83,R_Palm,34.77,78.12,103.71,-0.06,-0.14,0.05,-0.99
91.83,R_ThumbTip,29.24,76.85,110.78,0.00,0.12,-0.52,-0.85
91.83,R_IndexTip,36.93,75.57,115.57,-0.11,-0.22,0.06,-0.97
91.83,R_MiddleTip,38.85,75.90,116.31,-0.05,-0.17,0.10,-0.98
91.83,R_RingTip,39.89,75.51,114.61,-0.09,-0.12,0.14,-0.98
91.83,R_LittleTip,40.45,76.09,111.43,-0.03,-0.09,0.21,-0.97
91.83,R_ThumbDistal,29.82,77.07,108.22,0.00,0.12,-0.52,-0.85
91.83,R_IndexIntermediate,34.93,76.70,111.14,-0.12,-0.19,0.05,-0.97
91.83,R_MiddleIntermediate,37.07,76.86,111.09,-0.11,-0.16,0.07,-0.98
91.83,R_RingIntermediate,38.54,76.57,109.44,-0.10,-0.15,0.14,-0.97
91.83,R_LittleIntermediate,39.52,76.52,107.03,-0.05,-0.14,0.21,-0.97
91.83,R_IndexProximal,33.48,77.66,107.47,-0.12,-0.19,0.02,-0.98
91.83,R_MiddleProximal,35.76,78.00,106.84,-0.12,-0.15,0.06,-0.98
91.83,R_ThumbProximal,29.92,77.35,104.61,-0.03,0.03,-0.45,-0.89
91.83,R_RingProximal,37.48,77.51,105.52,-0.10,-0.14,0.10,-0.98
91.83,L_LittleProximal,-1.34,45.74,94.53,-0.70,-0.25,0.04,-0.66
91.83,MediumCube,0.00,78.17,145.00,0.00,0.00,0.00,1.00
91.84,Main Camera,-2.91,119.07,71.47,0.03,-0.01,-0.04,1.00
91.84,R_Palm,34.72,78.16,103.66,-0.05,-0.14,0.05,-0.99
91.84,R_ThumbTip,29.20,76.91,110.74,0.00,0.12,-0.52,-0.85
91.84,R_IndexTip,36.88,75.61,115.52,-0.11,-0.22,0.06,-0.97
91.84,R_MiddleTip,38.80,75.94,116.27,-0.05,-0.17,0.10,-0.98
91.84,R_RingTip,39.84,75.54,114.56,-0.09,-0.12,0.15,-0.98
91.84,R_LittleTip,40.39,76.11,111.38,-0.03,-0.09,0.21,-0.97
91.84,R_ThumbDistal,29.78,77.13,108.18,0.00,0.12,-0.52,-0.85
91.84,R_IndexIntermediate,34.88,76.74,111.09,-0.12,-0.20,0.05,-0.97
91.84,R_MiddleIntermediate,37.02,76.90,111.04,-0.11,-0.16,0.07,-0.98
91.84,R_RingIntermediate,38.49,76.60,109.39,-0.10,-0.15,0.14,-0.97
91.84,R_LittleIntermediate,39.46,76.55,106.99,-0.05,-0.14,0.21,-0.97
91.84,R_IndexProximal,33.43,77.71,107.43,-0.12,-0.19,0.02,-0.98
91.84,R_MiddleProximal,35.71,78.03,106.79,-0.12,-0.15,0.06,-0.98
91.84,R_ThumbProximal,29.88,77.40,104.57,-0.03,0.03,-0.45,-0.89
91.84,R_RingProximal,37.43,77.54,105.47,-0.10,-0.14,0.11,-0.98
91.84,L_LittleProximal,-1.36,45.73,94.55,-0.70,-0.25,0.04,-0.66
91.84,MediumCube,0.00,78.17,145.00,0.00,0.00,0.00,1.00
91.85,Main Camera,-2.86,119.11,71.42,0.03,-0.01,-0.04,1.00
91.85,R_Palm,34.66,78.22,103.63,-0.05,-0.14,0.05,-0.99
91.85,R_ThumbTip,29.15,77.00,110.72,0.00,0.12,-0.52,-0.85
91.85,R_IndexTip,36.82,75.69,115.49,-0.11,-0.22,0.06,-0.97
91.85,R_MiddleTip,38.75,76.03,116.24,-0.05,-0.17,0.10,-0.98
91.85,R_RingTip,39.78,75.62,114.53,-0.09,-0.12,0.15,-0.98
91.85,R_LittleTip,40.34,76.19,111.35,-0.03,-0.09,0.21,-0.97
91.85,R_ThumbDistal,29.72,77.21,108.15,0.00,0.12,-0.52,-0.85
91.85,R_IndexIntermediate,34.82,76.82,111.07,-0.12,-0.20,0.05,-0.97
91.85,R_MiddleIntermediate,36.97,76.98,111.02,-0.11,-0.16,0.07,-0.98
91.85,R_RingIntermediate,38.44,76.67,109.36,-0.10,-0.15,0.14,-0.97
91.85,R_LittleIntermediate,39.40,76.61,106.96,-0.05,-0.14,0.21,-0.97
91.85,R_IndexProximal,33.38,77.78,107.40,-0.12,-0.19,0.02,-0.98
91.85,R_MiddleProximal,35.66,78.10,106.76,-0.11,-0.15,0.06,-0.98
91.85,R_ThumbProximal,29.82,77.47,104.55,-0.03,0.03,-0.45,-0.89
91.85,R_RingProximal,37.38,77.60,105.44,-0.10,-0.14,0.11,-0.98
91.85,L_LittleProximal,-1.37,45.73,94.48,-0.70,-0.25,0.04,-0.66
91.85,MediumCube,0.00,78.17,145.00,0.00,0.00,0.00,1.00
91.87,Main Camera,-2.80,119.15,71.38,0.03,-0.01,-0.04,1.00
91.87,R_Palm,34.65,78.24,103.55,-0.05,-0.14,0.05,-0.99
91.87,R_ThumbTip,29.13,77.03,110.64,0.00,0.12,-0.52,-0.85
91.87,R_IndexTip,36.81,75.71,115.41,-0.11,-0.22,0.06,-0.97
91.87,R_MiddleTip,38.73,76.06,116.16,-0.05,-0.17,0.10,-0.98
91.87,R_RingTip,39.77,75.64,114.45,-0.09,-0.12,0.15,-0.98
91.87,R_LittleTip,40.32,76.21,111.27,-0.03,-0.09,0.21,-0.97
91.87,R_ThumbDistal,29.71,77.23,108.08,0.00,0.12,-0.52,-0.85
91.87,R_IndexIntermediate,34.81,76.84,110.98,-0.12,-0.20,0.05,-0.97
91.87,R_MiddleIntermediate,36.95,77.01,110.94,-0.11,-0.16,0.08,-0.98
91.87,R_RingIntermediate,38.42,76.69,109.28,-0.10,-0.15,0.14,-0.97
91.87,R_LittleIntermediate,39.39,76.63,106.88,-0.05,-0.14,0.21,-0.97
91.87,R_IndexProximal,33.36,77.81,107.32,-0.12,-0.19,0.02,-0.98
91.87,R_MiddleProximal,35.64,78.13,106.68,-0.11,-0.15,0.07,-0.98
91.87,R_ThumbProximal,29.81,77.50,104.47,-0.03,0.03,-0.45,-0.89
91.87,R_RingProximal,37.36,77.63,105.36,-0.10,-0.14,0.11,-0.98
91.87,L_LittleProximal,-1.38,45.73,94.48,-0.70,-0.25,0.04,-0.66
91.87,MediumCube,0.00,78.17,145.00,0.00,0.00,0.00,1.00
91.88,Main Camera,-2.75,119.18,71.33,0.03,-0.01,-0.04,1.00
91.88,R_Palm,34.63,78.26,103.46,-0.05,-0.14,0.05,-0.99
91.88,R_ThumbTip,29.12,77.06,110.55,0.00,0.12,-0.52,-0.85
91.88,R_IndexTip,36.79,75.73,115.33,-0.11,-0.22,0.06,-0.97
91.88,R_MiddleTip,38.72,76.08,116.08,-0.05,-0.17,0.10,-0.98
91.88,R_RingTip,39.75,75.66,114.36,-0.09,-0.12,0.15,-0.98
91.88,R_LittleTip,40.31,76.23,111.18,-0.03,-0.09,0.21,-0.97
91.88,R_ThumbDistal,29.70,77.26,107.99,0.00,0.12,-0.52,-0.85
91.88,R_IndexIntermediate,34.79,76.86,110.90,-0.12,-0.19,0.05,-0.97
91.88,R_MiddleIntermediate,36.93,77.03,110.85,-0.11,-0.16,0.08,-0.98
91.88,R_RingIntermediate,38.40,76.71,109.19,-0.10,-0.15,0.14,-0.97
91.88,R_LittleIntermediate,39.37,76.65,106.79,-0.05,-0.14,0.21,-0.97
91.88,R_IndexProximal,33.34,77.83,107.23,-0.12,-0.19,0.02,-0.98
91.88,R_MiddleProximal,35.63,78.15,106.59,-0.11,-0.15,0.07,-0.98
91.88,R_ThumbProximal,29.80,77.52,104.39,-0.03,0.03,-0.45,-0.89
91.88,R_RingProximal,37.34,77.65,105.27,-0.10,-0.14,0.11,-0.98
91.88,L_LittleProximal,-1.40,45.72,94.47,-0.70,-0.25,0.04,-0.66
91.88,MediumCube,0.00,78.17,145.00,0.00,0.00,0.00,1.00
91.89,Main Camera,-2.69,119.20,71.28,0.03,-0.01,-0.05,1.00
91.89,R_Palm,34.64,78.26,103.43,-0.05,-0.14,0.05,-0.99
91.89,R_ThumbTip,29.12,77.06,110.52,0.00,0.12,-0.52,-0.85
91.89,R_IndexTip,36.78,75.73,115.30,-0.11,-0.22,0.06,-0.97
91.89,R_MiddleTip,38.71,76.09,116.05,-0.05,-0.17,0.10,-0.98
91.89,R_RingTip,39.75,75.66,114.33,-0.09,-0.12,0.15,-0.98
91.89,R_LittleTip,40.31,76.23,111.15,-0.03,-0.09,0.21,-0.97
91.89,R_ThumbDistal,29.70,77.26,107.96,0.00,0.12,-0.52,-0.85
91.89,R_IndexIntermediate,34.79,76.86,110.87,-0.12,-0.19,0.05,-0.97
91.89,R_MiddleIntermediate,36.93,77.03,110.82,-0.11,-0.16,0.08,-0.98
91.89,R_RingIntermediate,38.41,76.71,109.16,-0.10,-0.15,0.14,-0.97
91.89,R_LittleIntermediate,39.37,76.65,106.76,-0.05,-0.14,0.21,-0.97
91.89,R_IndexProximal,33.35,77.83,107.20,-0.12,-0.18,0.02,-0.98
91.89,R_MiddleProximal,35.63,78.15,106.56,-0.11,-0.15,0.07,-0.98
91.89,R_ThumbProximal,29.80,77.51,104.35,-0.03,0.03,-0.45,-0.89
91.89,R_RingProximal,37.35,77.65,105.24,-0.10,-0.14,0.11,-0.98
91.89,L_LittleProximal,-1.36,45.71,94.44,-0.70,-0.26,0.04,-0.66
91.89,MediumCube,0.00,78.17,145.00,0.00,0.00,0.00,1.00
91.91,Main Camera,-2.63,119.23,71.25,0.03,-0.01,-0.05,1.00
91.91,R_Palm,34.64,78.25,103.44,-0.05,-0.14,0.05,-0.99
91.91,R_ThumbTip,29.11,77.06,110.53,0.00,0.12,-0.52,-0.85
91.91,R_IndexTip,36.77,75.72,115.31,-0.11,-0.22,0.06,-0.97
91.91,R_MiddleTip,38.70,76.09,116.06,-0.05,-0.17,0.10,-0.98
91.91,R_RingTip,39.74,75.66,114.34,-0.09,-0.12,0.15,-0.98
91.91,R_LittleTip,40.31,76.23,111.16,-0.03,-0.09,0.21,-0.97
91.91,R_ThumbDistal,29.70,77.25,107.96,0.00,0.12,-0.52,-0.85
91.91,R_IndexIntermediate,34.78,76.85,110.87,-0.12,-0.19,0.05,-0.97
91.91,R_MiddleIntermediate,36.93,77.03,110.83,-0.11,-0.16,0.08,-0.98
91.91,R_RingIntermediate,38.40,76.70,109.17,-0.10,-0.15,0.14,-0.97
91.91,R_LittleIntermediate,39.37,76.64,106.77,-0.05,-0.14,0.21,-0.97
91.91,R_IndexProximal,33.35,77.82,107.21,-0.12,-0.18,0.02,-0.98
91.91,R_MiddleProximal,35.63,78.14,106.57,-0.11,-0.15,0.07,-0.98
91.91,R_ThumbProximal,29.81,77.50,104.36,-0.02,0.03,-0.45,-0.89
91.91,R_RingProximal,37.35,77.64,105.25,-0.10,-0.14,0.11,-0.98
91.91,L_LittleProximal,-1.37,45.72,94.44,-0.70,-0.26,0.04,-0.66
91.91,MediumCube,0.00,78.17,145.00,0.00,0.00,0.00,1.00
91.92,Main Camera,-2.57,119.25,71.22,0.02,-0.01,-0.05,1.00
91.92,R_Palm,34.65,78.24,103.45,-0.05,-0.14,0.05,-0.99
91.92,R_ThumbTip,29.12,77.05,110.54,0.00,0.12,-0.52,-0.85
91.92,R_IndexTip,36.77,75.71,115.33,-0.11,-0.22,0.06,-0.97
91.92,R_MiddleTip,38.71,76.08,116.08,-0.05,-0.17,0.10,-0.98
91.92,R_RingTip,39.75,75.65,114.36,-0.09,-0.12,0.15,-0.98
91.92,R_LittleTip,40.32,76.22,111.18,-0.03,-0.09,0.21,-0.97
91.92,R_ThumbDistal,29.72,77.24,107.98,0.00,0.12,-0.52,-0.85
91.92,R_IndexIntermediate,34.79,76.84,110.89,-0.12,-0.19,0.05,-0.97
91.92,R_MiddleIntermediate,36.94,77.02,110.85,-0.11,-0.16,0.08,-0.98
91.92,R_RingIntermediate,38.41,76.70,109.19,-0.10,-0.15,0.14,-0.97
91.92,R_LittleIntermediate,39.39,76.63,106.79,-0.05,-0.14,0.21,-0.97
91.92,R_IndexProximal,33.36,77.81,107.22,-0.12,-0.18,0.02,-0.98
91.92,R_MiddleProximal,35.64,78.13,106.58,-0.11,-0.15,0.06,-0.98
91.92,R_ThumbProximal,29.82,77.49,104.37,-0.02,0.03,-0.45,-0.89
91.92,R_RingProximal,37.36,77.63,105.26,-0.10,-0.14,0.11,-0.98
91.92,L_LittleProximal,-1.35,45.77,94.37,-0.70,-0.26,0.04,-0.66
91.92,MediumCube,0.00,78.17,145.00,0.00,0.00,0.00,1.00
91.94,Main Camera,-2.52,119.27,71.19,0.02,-0.01,-0.05,1.00
91.94,R_Palm,34.67,78.23,103.47,-0.05,-0.14,0.05,-0.99
91.94,R_ThumbTip,29.14,77.03,110.55,0.00,0.12,-0.52,-0.85
91.94,R_IndexTip,36.79,75.68,115.34,-0.11,-0.22,0.06,-0.97
91.94,R_MiddleTip,38.72,76.07,116.10,-0.05,-0.17,0.10,-0.98
91.94,R_RingTip,39.77,75.64,114.38,-0.09,-0.12,0.15,-0.98
91.94,R_LittleTip,40.35,76.21,111.19,-0.03,-0.09,0.21,-0.97
91.94,R_ThumbDistal,29.73,77.22,107.99,0.00,0.12,-0.52,-0.85
91.94,R_IndexIntermediate,34.81,76.82,110.91,-0.12,-0.19,0.05,-0.97
91.94,R_MiddleIntermediate,36.96,77.00,110.86,-0.11,-0.16,0.07,-0.98
91.94,R_RingIntermediate,38.43,76.68,109.20,-0.10,-0.15,0.14,-0.97
91.94,R_LittleIntermediate,39.41,76.62,106.80,-0.05,-0.14,0.21,-0.97
91.94,R_IndexProximal,33.38,77.80,107.24,-0.12,-0.18,0.02,-0.98
91.94,R_MiddleProximal,35.66,78.12,106.60,-0.11,-0.15,0.06,-0.98
91.94,R_ThumbProximal,29.84,77.47,104.39,-0.02,0.03,-0.45,-0.89
91.94,R_RingProximal,37.38,77.62,105.28,-0.10,-0.14,0.11,-0.98
91.94,L_LittleProximal,-1.31,45.83,94.32,-0.70,-0.26,0.04,-0.66
91.94,MediumCube,0.00,78.17,145.00,0.00,0.00,0.00,1.00
91.95,Main Camera,-2.47,119.28,71.16,0.02,-0.01,-0.05,1.00
91.95,R_Palm,34.69,78.21,103.48,-0.05,-0.14,0.05,-0.99
91.95,R_ThumbTip,29.15,77.02,110.57,0.01,0.12,-0.52,-0.84
91.95,R_IndexTip,36.80,75.65,115.36,-0.11,-0.22,0.06,-0.97
91.95,R_MiddleTip,38.74,76.05,116.11,-0.05,-0.17,0.10,-0.98
91.95,R_RingTip,39.79,75.62,114.39,-0.09,-0.12,0.15,-0.98
91.95,R_LittleTip,40.37,76.19,111.21,-0.03,-0.09,0.21,-0.97
91.95,R_ThumbDistal,29.75,77.20,108.01,0.01,0.12,-0.52,-0.84
91.95,R_IndexIntermediate,34.82,76.79,110.92,-0.12,-0.19,0.05,-0.97
91.95,R_MiddleIntermediate,36.98,76.99,110.88,-0.11,-0.16,0.07,-0.98
91.95,R_RingIntermediate,38.45,76.67,109.22,-0.10,-0.15,0.14,-0.97
91.95,R_LittleIntermediate,39.43,76.61,106.81,-0.05,-0.14,0.21,-0.97
91.95,R_IndexProximal,33.40,77.78,107.25,-0.12,-0.18,0.02,-0.98
91.95,R_MiddleProximal,35.68,78.10,106.61,-0.11,-0.15,0.06,-0.98
91.95,R_ThumbProximal,29.86,77.45,104.41,-0.02,0.03,-0.45,-0.89
91.95,R_RingProximal,37.40,77.60,105.29,-0.10,-0.14,0.11,-0.98
91.95,L_LittleProximal,-1.26,45.90,94.28,-0.70,-0.26,0.04,-0.67
91.95,MediumCube,0.00,78.17,145.00,0.00,0.00,0.00,1.00
91.96,Main Camera,-2.43,119.30,71.13,0.02,-0.01,-0.05,1.00
91.96,R_Palm,34.68,78.20,103.53,-0.05,-0.14,0.05,-0.99
91.96,R_ThumbTip,29.13,76.99,110.61,0.01,0.12,-0.52,-0.84
91.96,R_IndexTip,36.78,75.64,115.41,-0.11,-0.22,0.06,-0.97
91.96,R_MiddleTip,38.72,76.05,116.16,-0.05,-0.17,0.10,-0.98
91.96,R_RingTip,39.78,75.63,114.44,-0.09,-0.12,0.15,-0.98
91.96,R_LittleTip,40.37,76.20,111.26,-0.03,-0.09,0.21,-0.97
91.96,R_ThumbDistal,29.74,77.18,108.05,0.01,0.12,-0.52,-0.84
91.96,R_IndexIntermediate,34.81,76.78,110.97,-0.12,-0.19,0.05,-0.97
91.96,R_MiddleIntermediate,36.96,76.98,110.93,-0.11,-0.16,0.07,-0.98
91.96,R_RingIntermediate,38.44,76.67,109.27,-0.10,-0.14,0.14,-0.97
91.96,R_LittleIntermediate,39.43,76.61,106.86,-0.05,-0.14,0.21,-0.97
91.96,R_IndexProximal,33.39,77.76,107.30,-0.12,-0.18,0.02,-0.98
91.96,R_MiddleProximal,35.67,78.09,106.66,-0.11,-0.15,0.06,-0.98
91.96,R_ThumbProximal,29.86,77.43,104.45,-0.02,0.03,-0.46,-0.89
91.96,R_RingProximal,37.39,77.60,105.34,-0.10,-0.14,0.11,-0.98
91.96,L_LittleProximal,-1.27,46.03,94.27,-0.70,-0.26,0.04,-0.67
91.96,MediumCube,0.00,78.17,145.00,0.00,0.00,0.00,1.00
91.98,Main Camera,-2.40,119.30,71.11,0.02,-0.01,-0.05,1.00
91.98,R_Palm,34.69,78.20,103.53,-0.05,-0.14,0.05,-0.99
91.98,R_ThumbTip,29.13,76.98,110.61,0.01,0.12,-0.52,-0.84
91.98,R_IndexTip,36.77,75.63,115.42,-0.11,-0.22,0.06,-0.97
91.98,R_MiddleTip,38.72,76.06,116.17,-0.05,-0.17,0.10,-0.98
91.98,R_RingTip,39.78,75.64,114.45,-0.09,-0.12,0.14,-0.98
91.98,R_LittleTip,40.37,76.20,111.26,-0.03,-0.09,0.21,-0.97
91.98,R_ThumbDistal,29.74,77.17,108.05,0.01,0.12,-0.52,-0.84
91.98,R_IndexIntermediate,34.80,76.77,110.97,-0.12,-0.19,0.05,-0.97
91.98,R_MiddleIntermediate,36.96,76.99,110.93,-0.11,-0.16,0.07,-0.98
91.98,R_RingIntermediate,38.45,76.68,109.28,-0.10,-0.14,0.14,-0.97
91.98,R_LittleIntermediate,39.43,76.62,106.87,-0.05,-0.14,0.21,-0.97
91.98,R_IndexProximal,33.39,77.76,107.30,-0.12,-0.18,0.02,-0.98
91.98,R_MiddleProximal,35.67,78.10,106.67,-0.11,-0.15,0.06,-0.98
91.98,R_ThumbProximal,29.86,77.41,104.45,-0.02,0.03,-0.46,-0.89
91.98,R_RingProximal,37.40,77.61,105.35,-0.10,-0.14,0.11,-0.98
91.98,L_LittleProximal,-1.29,46.06,94.37,-0.69,-0.26,0.04,-0.67
91.98,MediumCube,0.00,78.17,145.00,0.00,0.00,0.00,1.00
91.99,Main Camera,-2.36,119.30,71.10,0.02,-0.01,-0.05,1.00
91.99,R_Palm,34.68,78.20,103.54,-0.05,-0.14,0.04,-0.99
91.99,R_ThumbTip,29.11,76.96,110.61,0.01,0.12,-0.53,-0.84
91.99,R_IndexTip,36.74,75.63,115.43,-0.11,-0.22,0.05,-0.97
91.99,R_MiddleTip,38.70,76.08,116.19,-0.05,-0.17,0.10,-0.98
91.99,R_RingTip,39.77,75.67,114.47,-0.08,-0.12,0.14,-0.98
91.99,R_LittleTip,40.37,76.22,111.28,-0.03,-0.09,0.21,-0.97
91.99,R_ThumbDistal,29.73,77.14,108.06,0.01,0.12,-0.53,-0.84
91.99,R_IndexIntermediate,34.79,76.77,110.98,-0.12,-0.19,0.04,-0.97
91.99,R_MiddleIntermediate,36.95,77.00,110.95,-0.11,-0.16,0.07,-0.98
91.99,R_RingIntermediate,38.44,76.69,109.29,-0.10,-0.14,0.14,-0.98
91.99,R_LittleIntermediate,39.43,76.64,106.89,-0.05,-0.14,0.21,-0.97
91.99,R_IndexProximal,33.38,77.75,107.31,-0.12,-0.18,0.02,-0.98
91.99,R_MiddleProximal,35.66,78.10,106.68,-0.11,-0.15,0.06,-0.98
91.99,R_ThumbProximal,29.86,77.39,104.45,-0.02,0.03,-0.46,-0.89
91.99,R_RingProximal,37.39,77.62,105.36,-0.10,-0.14,0.10,-0.98
91.99,L_LittleProximal,-1.18,46.06,94.27,-0.69,-0.27,0.05,-0.66
91.99,MediumCube,0.00,78.17,145.00,0.00,0.00,0.00,1.00
92.01,Main Camera,-2.33,119.30,71.08,0.02,-0.01,-0.05,1.00
92.01,R_Palm,34.69,78.18,103.55,-0.05,-0.14,0.04,-0.99
92.01,R_ThumbTip,29.11,76.92,110.61,0.01,0.12,-0.53,-0.84
92.01,R_IndexTip,36.75,75.61,115.44,-0.11,-0.22,0.05,-0.97
92.01,R_MiddleTip,38.71,76.08,116.20,-0.05,-0.17,0.10,-0.98
92.01,R_RingTip,39.78,75.66,114.48,-0.08,-0.12,0.14,-0.98
92.01,R_LittleTip,40.39,76.22,111.29,-0.03,-0.09,0.21,-0.97
92.01,R_ThumbDistal,29.74,77.11,108.06,0.01,0.12,-0.53,-0.84
92.01,R_IndexIntermediate,34.80,76.74,110.99,-0.12,-0.19,0.04,-0.97
92.01,R_MiddleIntermediate,36.96,76.99,110.95,-0.11,-0.15,0.07,-0.98
92.01,R_RingIntermediate,38.45,76.68,109.30,-0.10,-0.14,0.13,-0.98
92.01,R_LittleIntermediate,39.45,76.63,106.89,-0.05,-0.14,0.20,-0.97
92.01,R_IndexProximal,33.39,77.73,107.31,-0.12,-0.18,0.02,-0.98
92.01,R_MiddleProximal,35.67,78.08,106.68,-0.11,-0.15,0.06,-0.98
92.01,R_ThumbProximal,29.88,77.35,104.45,-0.02,0.03,-0.46,-0.89
92.01,R_RingProximal,37.40,77.61,105.37,-0.10,-0.14,0.10,-0.98
92.01,L_LittleProximal,-1.15,46.09,94.32,-0.69,-0.28,0.05,-0.66
92.01,MediumCube,0.00,78.17,145.00,0.00,0.00,0.00,1.00
92.02,Main Camera,-2.29,119.31,71.07,0.02,-0.01,-0.05,1.00
92.02,R_Palm,34.73,78.15,103.55,-0.05,-0.14,0.04,-0.99
92.02,R_ThumbTip,29.13,76.88,110.60,0.01,0.12,-0.53,-0.84
92.02,R_IndexTip,36.76,75.58,115.45,-0.11,-0.22,0.05,-0.97
92.02,R_MiddleTip,38.72,76.07,116.21,-0.05,-0.16,0.09,-0.98
92.02,R_RingTip,39.81,75.65,114.49,-0.08,-0.12,0.14,-0.98
92.02,R_LittleTip,40.42,76.20,111.30,-0.03,-0.09,0.20,-0.97
92.02,R_ThumbDistal,29.77,77.06,108.05,0.01,0.12,-0.53,-0.84
92.02,R_IndexIntermediate,34.82,76.71,110.99,-0.12,-0.19,0.04,-0.97
92.02,R_MiddleIntermediate,36.98,76.97,110.96,-0.11,-0.15,0.07,-0.98
92.02,R_RingIntermediate,38.48,76.67,109.31,-0.10,-0.14,0.13,-0.98
92.02,R_LittleIntermediate,39.48,76.61,106.90,-0.05,-0.14,0.20,-0.97
92.02,R_IndexProximal,33.42,77.69,107.31,-0.12,-0.18,0.02,-0.98
92.02,R_MiddleProximal,35.70,78.05,106.68,-0.11,-0.15,0.06,-0.98
92.02,R_ThumbProximal,29.91,77.30,104.44,-0.02,0.03,-0.46,-0.89
92.02,R_RingProximal,37.44,77.58,105.37,-0.10,-0.14,0.10,-0.98
92.02,L_LittleProximal,-1.11,46.11,94.34,-0.70,-0.29,0.05,-0.66
92.02,MediumCube,0.00,78.17,145.00,0.00,0.00,0.00,1.00
92.03,Main Camera,-2.26,119.30,71.06,0.02,-0.01,-0.05,1.00
92.03,R_Palm,34.78,78.09,103.54,-0.05,-0.13,0.04,-0.99
92.03,R_ThumbTip,29.16,76.82,110.58,0.01,0.12,-0.53,-0.84
92.03,R_IndexTip,36.79,75.55,115.45,-0.11,-0.21,0.05,-0.97
92.03,R_MiddleTip,38.75,76.04,116.22,-0.05,-0.16,0.09,-0.98
92.03,R_RingTip,39.85,75.63,114.50,-0.08,-0.12,0.14,-0.98
92.03,R_LittleTip,40.47,76.18,111.31,-0.03,-0.09,0.20,-0.97
92.03,R_ThumbDistal,29.81,77.00,108.04,0.01,0.12,-0.53,-0.84
92.03,R_IndexIntermediate,34.86,76.66,110.99,-0.12,-0.19,0.04,-0.97
92.03,R_MiddleIntermediate,37.02,76.93,110.96,-0.11,-0.15,0.06,-0.98
92.03,R_RingIntermediate,38.53,76.63,109.31,-0.10,-0.14,0.13,-0.98
92.03,R_LittleIntermediate,39.54,76.58,106.91,-0.05,-0.14,0.20,-0.97
92.03,R_IndexProximal,33.47,77.64,107.30,-0.12,-0.18,0.01,-0.98
92.03,R_MiddleProximal,35.75,78.01,106.68,-0.11,-0.15,0.05,-0.98
92.03,R_ThumbProximal,29.97,77.23,104.43,-0.02,0.03,-0.46,-0.89
92.03,R_RingProximal,37.49,77.54,105.37,-0.10,-0.14,0.10,-0.98
92.03,L_LittleProximal,-1.07,46.13,94.37,-0.70,-0.29,0.05,-0.65
92.03,MediumCube,0.00,78.17,145.00,0.00,0.00,0.00,1.00
92.05,Main Camera,-2.24,119.30,71.05,0.02,-0.01,-0.05,1.00
92.05,R_Palm,34.81,78.04,103.57,-0.05,-0.13,0.04,-0.99
92.05,R_ThumbTip,29.18,76.76,110.60,0.01,0.12,-0.53,-0.84
92.05,R_IndexTip,36.79,75.49,115.49,-0.11,-0.21,0.05,-0.97
92.05,R_MiddleTip,38.77,76.00,116.25,-0.05,-0.16,0.09,-0.98
92.05,R_RingTip,39.87,75.58,114.53,-0.08,-0.11,0.14,-0.98
92.05,R_LittleTip,40.50,76.13,111.34,-0.03,-0.09,0.20,-0.98
92.05,R_ThumbDistal,29.83,76.94,108.06,0.01,0.12,-0.53,-0.84
92.05,R_IndexIntermediate,34.87,76.60,111.02,-0.12,-0.19,0.04,-0.97
92.05,R_MiddleIntermediate,37.04,76.88,110.99,-0.11,-0.15,0.06,-0.98
92.05,R_RingIntermediate,38.55,76.58,109.34,-0.10,-0.14,0.13,-0.98
92.05,R_LittleIntermediate,39.57,76.53,106.94,-0.05,-0.14,0.20,-0.97
92.05,R_IndexProximal,33.49,77.58,107.33,-0.12,-0.18,0.01,-0.98
92.05,R_MiddleProximal,35.77,77.95,106.71,-0.11,-0.15,0.05,-0.98
92.05,R_ThumbProximal,30.00,77.17,104.45,-0.02,0.03,-0.46,-0.88
92.05,R_RingProximal,37.51,77.49,105.40,-0.10,-0.14,0.10,-0.98
92.05,L_LittleProximal,-1.13,46.16,94.47,-0.70,-0.29,0.05,-0.65
92.05,MediumCube,0.00,78.17,145.00,0.00,0.00,0.00,1.00
92.06,Main Camera,-2.21,119.28,71.05,0.02,0.00,-0.05,1.00
92.06,R_Palm,34.87,77.97,103.61,-0.05,-0.13,0.04,-0.99
92.06,R_ThumbTip,29.21,76.70,110.63,0.02,0.13,-0.53,-0.84
92.06,R_IndexTip,36.84,75.42,115.53,-0.11,-0.21,0.05,-0.97
92.06,R_MiddleTip,38.82,75.94,116.29,-0.04,-0.16,0.09,-0.98
92.06,R_RingTip,39.92,75.51,114.57,-0.08,-0.11,0.14,-0.98
92.06,R_LittleTip,40.57,76.06,111.38,-0.03,-0.09,0.20,-0.98
92.06,R_ThumbDistal,29.88,76.87,108.09,0.02,0.13,-0.53,-0.84
92.06,R_IndexIntermediate,34.92,76.53,111.06,-0.12,-0.18,0.04,-0.97
92.06,R_MiddleIntermediate,37.09,76.81,111.03,-0.11,-0.15,0.06,-0.98
92.06,R_RingIntermediate,38.61,76.52,109.38,-0.10,-0.14,0.13,-0.98
92.06,R_LittleIntermediate,39.63,76.46,106.98,-0.05,-0.14,0.20,-0.97
92.06,R_IndexProximal,33.55,77.51,107.36,-0.12,-0.17,0.01,-0.98
92.06,R_MiddleProximal,35.83,77.88,106.75,-0.11,-0.15,0.05,-0.98
92.06,R_ThumbProximal,30.05,77.09,104.49,-0.02,0.04,-0.46,-0.88
92.06,R_RingProximal,37.57,77.42,105.44,-0.10,-0.14,0.10,-0.98
92.06,L_LittleProximal,-1.20,46.42,94.59,-0.70,-0.29,0.05,-0.65
92.06,MediumCube,0.00,78.17,145.00,0.00,0.00,0.00,1.00
92.08,Main Camera,-2.19,119.28,71.06,0.02,0.00,-0.05,1.00
92.08,R_Palm,34.88,77.93,103.63,-0.05,-0.13,0.04,-0.99
92.08,R_ThumbTip,29.18,76.69,110.65,0.02,0.13,-0.53,-0.84
92.08,R_IndexTip,36.83,75.38,115.55,-0.11,-0.21,0.05,-0.97
92.08,R_MiddleTip,38.81,75.91,116.31,-0.04,-0.16,0.09,-0.98
92.08,R_RingTip,39.93,75.48,114.59,-0.08,-0.11,0.14,-0.98
92.08,R_LittleTip,40.58,76.02,111.40,-0.03,-0.09,0.20,-0.98
92.08,R_ThumbDistal,29.87,76.85,108.11,0.02,0.13,-0.53,-0.84
92.08,R_IndexIntermediate,34.92,76.50,111.08,-0.12,-0.18,0.04,-0.97
92.08,R_MiddleIntermediate,37.10,76.78,111.05,-0.11,-0.15,0.06,-0.98
92.08,R_RingIntermediate,38.62,76.48,109.40,-0.10,-0.14,0.13,-0.98
92.08,R_LittleIntermediate,39.64,76.42,107.00,-0.05,-0.14,0.20,-0.97
92.08,R_IndexProximal,33.56,77.48,107.38,-0.12,-0.17,0.01,-0.98
92.08,R_MiddleProximal,35.84,77.85,106.77,-0.11,-0.15,0.05,-0.98
92.08,R_ThumbProximal,30.06,77.06,104.51,-0.01,0.04,-0.46,-0.88
92.08,R_RingProximal,37.58,77.39,105.46,-0.10,-0.14,0.10,-0.98
92.08,L_LittleProximal,-1.14,46.67,94.54,-0.70,-0.29,0.05,-0.65
92.08,MediumCube,0.00,78.17,145.00,0.00,0.00,0.00,1.00
92.09,Main Camera,-2.18,119.27,71.06,0.02,0.00,-0.05,1.00
92.09,R_Palm,34.89,77.92,103.64,-0.05,-0.13,0.04,-0.99
92.09,R_ThumbTip,29.17,76.68,110.66,0.02,0.13,-0.53,-0.84
92.09,R_IndexTip,36.83,75.37,115.57,-0.11,-0.21,0.05,-0.97
92.09,R_MiddleTip,38.82,75.90,116.33,-0.04,-0.16,0.09,-0.98
92.09,R_RingTip,39.94,75.48,114.61,-0.08,-0.11,0.13,-0.98
92.09,R_LittleTip,40.60,76.01,111.41,-0.03,-0.09,0.20,-0.98
92.09,R_ThumbDistal,29.87,76.83,108.12,0.02,0.13,-0.53,-0.84
92.09,R_IndexIntermediate,34.93,76.48,111.09,-0.12,-0.18,0.04,-0.97
92.09,R_MiddleIntermediate,37.11,76.77,111.07,-0.11,-0.15,0.06,-0.98
92.09,R_RingIntermediate,38.63,76.48,109.42,-0.10,-0.14,0.13,-0.98
92.09,R_LittleIntermediate,39.66,76.41,107.02,-0.04,-0.14,0.20,-0.97
92.09,R_IndexProximal,33.57,77.46,107.40,-0.12,-0.17,0.01,-0.98
92.09,R_MiddleProximal,35.85,77.84,106.78,-0.11,-0.15,0.05,-0.98
92.09,R_ThumbProximal,30.08,77.03,104.52,-0.01,0.04,-0.46,-0.88
92.09,R_RingProximal,37.59,77.37,105.48,-0.10,-0.14,0.10,-0.98
92.09,L_LittleProximal,-1.10,46.79,94.42,-0.70,-0.29,0.05,-0.65
92.09,MediumCube,0.00,78.17,145.00,0.00,0.00,0.00,1.00
92.11,Main Camera,-2.14,119.27,71.05,0.02,0.00,-0.05,1.00
92.11,R_Palm,34.89,77.89,103.67,-0.05,-0.13,0.04,-0.99
92.11,R_ThumbTip,29.15,76.66,110.68,0.02,0.13,-0.53,-0.84
92.11,R_IndexTip,36.81,75.36,115.61,-0.11,-0.21,0.05,-0.97
92.11,R_MiddleTip,38.81,75.90,116.37,-0.04,-0.16,0.09,-0.98
92.11,R_RingTip,39.94,75.47,114.64,-0.08,-0.11,0.13,-0.98
92.11,R_LittleTip,40.61,76.00,111.44,-0.03,-0.09,0.20,-0.98
92.11,R_ThumbDistal,29.86,76.81,108.15,0.02,0.13,-0.53,-0.84
92.11,R_IndexIntermediate,34.92,76.46,111.12,-0.12,-0.18,0.04,-0.97
92.11,R_MiddleIntermediate,37.10,76.76,111.10,-0.11,-0.15,0.06,-0.98
92.11,R_RingIntermediate,38.63,76.46,109.45,-0.10,-0.14,0.13,-0.98
92.11,R_LittleIntermediate,39.66,76.39,107.05,-0.04,-0.14,0.20,-0.97
92.11,R_IndexProximal,33.57,77.44,107.42,-0.12,-0.17,0.01,-0.98
92.11,R_MiddleProximal,35.85,77.82,106.81,-0.11,-0.14,0.05,-0.98
92.11,R_ThumbProximal,30.08,77.01,104.54,-0.01,0.04,-0.46,-0.88
92.11,R_RingProximal,37.59,77.35,105.51,-0.10,-0.14,0.10,-0.98
92.11,L_LittleProximal,-1.09,46.82,94.34,-0.71,-0.29,0.05,-0.65
92.11,MediumCube,0.00,78.17,145.00,0.00,0.00,0.00,1.00
92.12,Main Camera,-2.14,119.26,71.06,0.02,0.00,-0.05,1.00
92.12,R_Palm,34.91,77.88,103.69,-0.05,-0.13,0.03,-0.99
92.12,R_ThumbTip,29.17,76.65,110.69,0.03,0.13,-0.53,-0.84
92.12,R_IndexTip,36.83,75.37,115.63,-0.11,-0.21,0.05,-0.97
92.12,R_MiddleTip,38.83,75.93,116.39,-0.04,-0.16,0.09,-0.98
92.12,R_RingTip,39.96,75.50,114.67,-0.08,-0.11,0.13,-0.98
92.12,R_LittleTip,40.64,76.02,111.47,-0.03,-0.09,0.20,-0.98
92.12,R_ThumbDistal,29.88,76.79,108.16,0.03,0.13,-0.53,-0.84
92.12,R_IndexIntermediate,34.94,76.46,111.14,-0.12,-0.18,0.04,-0.98
92.12,R_MiddleIntermediate,37.12,76.77,111.12,-0.10,-0.15,0.06,-0.98
92.12,R_RingIntermediate,38.65,76.48,109.47,-0.10,-0.14,0.13,-0.98
92.12,R_LittleIntermediate,39.69,76.41,107.07,-0.04,-0.14,0.20,-0.97
92.12,R_IndexProximal,33.59,77.43,107.44,-0.12,-0.17,0.01,-0.98
92.12,R_MiddleProximal,35.87,77.81,106.83,-0.11,-0.14,0.05,-0.98
92.12,R_ThumbProximal,30.10,76.98,104.56,-0.01,0.04,-0.47,-0.88
92.12,R_RingProximal,37.62,77.36,105.53,-0.09,-0.14,0.09,-0.98
92.12,L_LittleProximal,-1.08,46.80,94.28,-0.71,-0.28,0.05,-0.65
92.12,MediumCube,0.00,78.17,145.00,0.00,0.00,0.00,1.00
92.13,Main Camera,-2.13,119.24,71.08,0.02,0.00,-0.05,1.00
92.13,R_Palm,34.94,77.88,103.71,-0.05,-0.13,0.03,-0.99
92.13,R_ThumbTip,29.19,76.63,110.71,0.03,0.13,-0.54,-0.83
92.13,R_IndexTip,36.85,75.39,115.66,-0.11,-0.21,0.04,-0.97
92.13,R_MiddleTip,38.85,75.97,116.42,-0.04,-0.16,0.09,-0.98
92.13,R_RingTip,39.99,75.55,114.70,-0.08,-0.11,0.13,-0.98
92.13,R_LittleTip,40.68,76.06,111.49,-0.03,-0.09,0.20,-0.98
92.13,R_ThumbDistal,29.91,76.76,108.18,0.03,0.13,-0.54,-0.83
92.13,R_IndexIntermediate,34.96,76.47,111.17,-0.12,-0.18,0.03,-0.98
92.13,R_MiddleIntermediate,37.15,76.79,111.15,-0.10,-0.15,0.06,-0.98
92.13,R_RingIntermediate,38.68,76.50,109.50,-0.09,-0.14,0.12,-0.98
92.13,R_LittleIntermediate,39.73,76.43,107.10,-0.04,-0.14,0.19,-0.97
92.13,R_IndexProximal,33.62,77.42,107.46,-0.12,-0.17,0.01,-0.98
92.13,R_MiddleProximal,35.89,77.82,106.85,-0.11,-0.14,0.05,-0.98
92.13,R_ThumbProximal,30.13,76.95,104.57,-0.01,0.04,-0.47,-0.88
92.13,R_RingProximal,37.65,77.37,105.55,-0.09,-0.13,0.09,-0.98
92.13,L_LittleProximal,-1.06,46.80,94.22,-0.71,-0.28,0.05,-0.65
92.13,MediumCube,0.00,78.17,145.00,0.00,0.00,0.00,1.00
92.14,Main Camera,-2.13,119.23,71.10,0.02,0.00,-0.05,1.00
92.14,R_Palm,34.94,77.88,103.71,-0.05,-0.13,0.03,-0.99
92.14,R_ThumbTip,29.17,76.63,110.71,0.03,0.13,-0.54,-0.83
92.14,R_IndexTip,36.83,75.40,115.67,-0.11,-0.21,0.04,-0.97
92.14,R_MiddleTip,38.83,76.00,116.44,-0.04,-0.16,0.08,-0.98
92.14,R_RingTip,39.98,75.57,114.71,-0.08,-0.11,0.13,-0.98
92.14,R_LittleTip,40.68,76.08,111.51,-0.03,-0.09,0.19,-0.98
92.14,R_ThumbDistal,29.90,76.76,108.18,0.03,0.13,-0.54,-0.83
92.14,R_IndexIntermediate,34.95,76.48,111.18,-0.12,-0.18,0.03,-0.98
92.14,R_MiddleIntermediate,37.14,76.81,111.16,-0.10,-0.15,0.06,-0.98
92.14,R_RingIntermediate,38.67,76.52,109.51,-0.09,-0.14,0.12,-0.98
92.14,R_LittleIntermediate,39.73,76.45,107.11,-0.04,-0.14,0.19,-0.97
92.14,R_IndexProximal,33.61,77.43,107.47,-0.12,-0.17,0.01,-0.98
92.14,R_MiddleProximal,35.89,77.83,106.86,-0.11,-0.14,0.05,-0.98
92.14,R_ThumbProximal,30.13,76.94,104.58,-0.01,0.04,-0.47,-0.88
92.14,R_RingProximal,37.64,77.38,105.56,-0.09,-0.13,0.09,-0.98
92.14,L_LittleProximal,-1.06,46.77,94.19,-0.71,-0.28,0.04,-0.64
92.14,MediumCube,0.00,78.17,145.00,0.00,0.00,0.00,1.00
92.16,Main Camera,-2.14,119.21,71.11,0.02,0.00,-0.05,1.00
92.16,R_Palm,34.93,77.88,103.71,-0.05,-0.13,0.03,-0.99
92.16,R_ThumbTip,29.14,76.63,110.70,0.03,0.13,-0.54,-0.83
92.16,R_IndexTip,36.81,75.40,115.67,-0.11,-0.21,0.04,-0.97
92.16,R_MiddleTip,38.82,76.00,116.43,-0.04,-0.16,0.08,-0.98
92.16,R_RingTip,39.97,75.58,114.71,-0.08,-0.11,0.13,-0.98
92.16,R_LittleTip,40.68,76.08,111.50,-0.03,-0.09,0.19,-0.98
92.16,R_ThumbDistal,29.88,76.76,108.17,0.03,0.13,-0.54,-0.83
92.16,R_IndexIntermediate,34.94,76.47,111.17,-0.12,-0.18,0.03,-0.98
92.16,R_MiddleIntermediate,37.13,76.81,111.15,-0.10,-0.15,0.06,-0.98
92.16,R_RingIntermediate,38.67,76.52,109.51,-0.09,-0.14,0.12,-0.98
92.16,R_LittleIntermediate,39.72,76.45,107.11,-0.04,-0.14,0.19,-0.97
92.16,R_IndexProximal,33.60,77.42,107.46,-0.12,-0.17,0.01,-0.98
92.16,R_MiddleProximal,35.88,77.83,106.85,-0.11,-0.14,0.05,-0.98
92.16,R_ThumbProximal,30.13,76.93,104.57,0.00,0.04,-0.47,-0.88
92.16,R_RingProximal,37.64,77.38,105.56,-0.09,-0.13,0.09,-0.98
92.16,L_LittleProximal,-1.08,46.71,94.19,-0.71,-0.28,0.04,-0.64
92.16,MediumCube,0.00,78.17,145.00,0.00,0.00,0.00,1.00
92.17,Main Camera,-2.15,119.19,71.13,0.02,0.00,-0.05,1.00
92.17,R_Palm,34.92,77.89,103.71,-0.05,-0.13,0.03,-0.99
92.17,R_ThumbTip,29.12,76.64,110.70,0.03,0.13,-0.54,-0.83
92.17,R_IndexTip,36.79,75.41,115.68,-0.11,-0.21,0.04,-0.97
92.17,R_MiddleTip,38.80,76.02,116.44,-0.04,-0.16,0.08,-0.98
92.17,R_RingTip,39.96,75.60,114.72,-0.08,-0.11,0.13,-0.98
92.17,R_LittleTip,40.68,76.10,111.51,-0.03,-0.09,0.19,-0.98
92.17,R_ThumbDistal,29.86,76.77,108.17,0.03,0.13,-0.54,-0.83
92.17,R_IndexIntermediate,34.92,76.48,111.18,-0.12,-0.18,0.03,-0.98
92.17,R_MiddleIntermediate,37.11,76.83,111.16,-0.10,-0.15,0.06,-0.98
92.17,R_RingIntermediate,38.66,76.54,109.51,-0.09,-0.14,0.12,-0.98
92.17,R_LittleIntermediate,39.71,76.47,107.11,-0.04,-0.14,0.19,-0.97
92.17,R_IndexProximal,33.59,77.44,107.46,-0.12,-0.17,0.01,-0.98
92.17,R_MiddleProximal,35.87,77.84,106.86,-0.11,-0.14,0.05,-0.98
92.17,R_ThumbProximal,30.11,76.94,104.57,0.00,0.04,-0.47,-0.88
92.17,R_RingProximal,37.62,77.40,105.56,-0.09,-0.13,0.09,-0.98
92.17,L_LittleProximal,-1.09,46.65,94.26,-0.71,-0.28,0.04,-0.64
92.17,MediumCube,0.00,78.17,145.00,0.00,0.00,0.00,1.00
92.19,Main Camera,-2.16,119.18,71.16,0.03,0.00,-0.05,1.00
92.19,R_Palm,34.91,77.91,103.71,-0.05,-0.13,0.03,-0.99
92.19,R_ThumbTip,29.11,76.65,110.69,0.03,0.13,-0.54,-0.83
92.19,R_IndexTip,36.78,75.42,115.67,-0.11,-0.21,0.04,-0.97
92.19,R_MiddleTip,38.79,76.03,116.43,-0.04,-0.16,0.08,-0.98
92.19,R_RingTip,39.95,75.61,114.71,-0.08,-0.11,0.13,-0.98
92.19,R_LittleTip,40.68,76.11,111.50,-0.03,-0.09,0.19,-0.98
92.19,R_ThumbDistal,29.85,76.78,108.17,0.03,0.13,-0.54,-0.83
92.19,R_IndexIntermediate,34.91,76.49,111.17,-0.12,-0.18,0.03,-0.98
92.19,R_MiddleIntermediate,37.10,76.84,111.15,-0.10,-0.15,0.06,-0.98
92.19,R_RingIntermediate,38.65,76.55,109.51,-0.09,-0.14,0.12,-0.98
92.19,R_LittleIntermediate,39.71,76.48,107.11,-0.04,-0.14,0.19,-0.97
92.19,R_IndexProximal,33.58,77.45,107.46,-0.12,-0.17,0.01,-0.98
92.19,R_MiddleProximal,35.86,77.85,106.85,-0.11,-0.14,0.05,-0.98
92.19,R_ThumbProximal,30.11,76.95,104.57,0.00,0.04,-0.47,-0.88
92.19,R_RingProximal,37.62,77.41,105.56,-0.09,-0.13,0.09,-0.98
92.19,L_LittleProximal,-1.08,46.56,94.31,-0.71,-0.29,0.04,-0.64
92.19,MediumCube,0.00,78.17,145.00,0.00,0.00,0.00,1.00
92.20,Main Camera,-2.18,119.15,71.20,0.03,0.00,-0.05,1.00
92.20,R_Palm,34.90,77.92,103.70,-0.05,-0.13,0.03,-0.99
92.20,R_ThumbTip,29.09,76.66,110.68,0.03,0.13,-0.54,-0.83
92.20,R_IndexTip,36.76,75.43,115.67,-0.11,-0.21,0.04,-0.97
92.20,R_MiddleTip,38.78,76.04,116.43,-0.04,-0.16,0.08,-0.98
92.20,R_RingTip,39.95,75.62,114.70,-0.08,-0.11,0.13,-0.98
92.20,R_LittleTip,40.68,76.12,111.49,-0.03,-0.09,0.19,-0.98
92.20,R_ThumbDistal,29.84,76.79,108.16,0.03,0.13,-0.54,-0.83
92.20,R_IndexIntermediate,34.90,76.50,111.17,-0.12,-0.18,0.03,-0.98
92.20,R_MiddleIntermediate,37.09,76.85,111.15,-0.10,-0.15,0.06,-0.98
92.20,R_RingIntermediate,38.64,76.57,109.50,-0.09,-0.14,0.12,-0.98
92.20,R_LittleIntermediate,39.71,76.49,107.10,-0.04,-0.14,0.19,-0.97
92.20,R_IndexProximal,33.58,77.46,107.45,-0.12,-0.17,0.01,-0.98
92.20,R_MiddleProximal,35.85,77.87,106.84,-0.11,-0.14,0.05,-0.98
92.20,R_ThumbProximal,30.10,76.96,104.56,0.00,0.04,-0.47,-0.88
92.20,R_RingProximal,37.61,77.43,105.55,-0.09,-0.13,0.09,-0.98
92.20,L_LittleProximal,-1.06,46.47,94.36,-0.71,-0.29,0.03,-0.64
92.20,MediumCube,0.00,78.17,145.00,0.00,0.00,0.00,1.00
92.21,Main Camera,-2.21,119.13,71.23,0.03,0.00,-0.05,1.00
92.21,R_Palm,34.89,77.92,103.70,-0.05,-0.13,0.03,-0.99
92.21,R_ThumbTip,29.07,76.67,110.68,0.03,0.14,-0.54,-0.83
92.21,R_IndexTip,36.73,75.43,115.67,-0.11,-0.20,0.04,-0.97
92.21,R_MiddleTip,38.76,76.05,116.43,-0.04,-0.16,0.08,-0.98
92.21,R_RingTip,39.93,75.63,114.70,-0.08,-0.11,0.13,-0.98
92.21,R_LittleTip,40.68,76.12,111.49,-0.03,-0.09,0.19,-0.98
92.21,R_ThumbDistal,29.83,76.80,108.16,0.03,0.14,-0.54,-0.83
92.21,R_IndexIntermediate,34.88,76.51,111.17,-0.12,-0.18,0.03,-0.98
92.21,R_MiddleIntermediate,37.08,76.86,111.15,-0.10,-0.15,0.06,-0.98
92.21,R_RingIntermediate,38.63,76.57,109.50,-0.09,-0.14,0.12,-0.98
92.21,R_LittleIntermediate,39.70,76.50,107.10,-0.04,-0.14,0.19,-0.97
92.21,R_IndexProximal,33.56,77.47,107.45,-0.12,-0.17,0.01,-0.98
92.21,R_MiddleProximal,35.84,77.87,106.84,-0.11,-0.14,0.04,-0.98
92.21,R_ThumbProximal,30.09,76.96,104.56,0.00,0.04,-0.47,-0.88
92.21,R_RingProximal,37.59,77.43,105.55,-0.09,-0.13,0.09,-0.98
92.21,L_LittleProximal,-1.06,46.43,94.38,-0.71,-0.29,0.03,-0.64
92.21,MediumCube,0.00,78.17,145.00,0.00,0.00,0.00,1.00
92.23,Main Camera,-2.26,119.08,71.28,0.03,0.00,-0.05,1.00
92.23,R_Palm,34.89,77.92,103.68,-0.05,-0.13,0.03,-0.99
92.23,R_ThumbTip,29.06,76.68,110.66,0.03,0.14,-0.54,-0.83
92.23,R_IndexTip,36.72,75.43,115.66,-0.11,-0.20,0.04,-0.97
92.23,R_MiddleTip,38.76,76.05,116.41,-0.04,-0.16,0.08,-0.98
92.23,R_RingTip,39.93,75.63,114.69,-0.08,-0.11,0.13,-0.98
92.23,R_LittleTip,40.70,76.12,111.46,-0.03,-0.09,0.19,-0.98
92.23,R_ThumbDistal,29.82,76.80,108.14,0.03,0.14,-0.54,-0.83
92.23,R_IndexIntermediate,34.88,76.50,111.15,-0.12,-0.18,0.03,-0.98
92.23,R_MiddleIntermediate,37.07,76.86,111.13,-0.10,-0.15,0.06,-0.98
92.23,R_RingIntermediate,38.63,76.57,109.49,-0.09,-0.14,0.12,-0.98
92.23,R_LittleIntermediate,39.71,76.49,107.08,-0.04,-0.14,0.19,-0.97
92.23,R_IndexProximal,33.56,77.46,107.43,-0.12,-0.17,0.01,-0.98
92.23,R_MiddleProximal,35.84,77.87,106.83,-0.11,-0.14,0.04,-0.98
92.23,R_ThumbProximal,30.09,76.96,104.54,0.00,0.04,-0.47,-0.88
92.23,R_RingProximal,37.59,77.43,105.53,-0.09,-0.13,0.09,-0.98
92.23,L_LittleProximal,-1.10,46.40,94.32,-0.71,-0.29,0.03,-0.64
92.23,MediumCube,0.00,78.17,145.00,0.00,0.00,0.00,1.00
92.24,Main Camera,-2.30,119.04,71.32,0.03,0.00,-0.05,1.00
92.24,R_Palm,34.87,77.92,103.68,-0.05,-0.13,0.03,-0.99
92.24,R_ThumbTip,29.03,76.69,110.66,0.04,0.14,-0.54,-0.83
92.24,R_IndexTip,36.69,75.43,115.67,-0.11,-0.20,0.04,-0.97
92.24,R_MiddleTip,38.73,76.06,116.42,-0.04,-0.16,0.08,-0.98
92.24,R_RingTip,39.91,75.64,114.69,-0.08,-0.11,0.13,-0.98
92.24,R_LittleTip,40.70,76.12,111.47,-0.03,-0.10,0.19,-0.98
92.24,R_ThumbDistal,29.80,76.81,108.14,0.04,0.14,-0.54,-0.83
92.24,R_IndexIntermediate,34.85,76.51,111.15,-0.12,-0.18,0.03,-0.98
92.24,R_MiddleIntermediate,37.05,76.86,111.14,-0.10,-0.15,0.06,-0.98
92.24,R_RingIntermediate,38.61,76.58,109.49,-0.09,-0.14,0.12,-0.98
92.24,R_LittleIntermediate,39.70,76.49,107.08,-0.04,-0.14,0.19,-0.97
92.24,R_IndexProximal,33.54,77.47,107.44,-0.12,-0.17,0.01,-0.98
92.24,R_MiddleProximal,35.82,77.88,106.83,-0.11,-0.14,0.04,-0.98
92.24,R_ThumbProximal,30.07,76.96,104.54,0.00,0.04,-0.47,-0.88
92.24,R_RingProximal,37.57,77.43,105.54,-0.09,-0.13,0.09,-0.98
92.24,L_LittleProximal,-1.13,46.39,94.26,-0.71,-0.29,0.03,-0.64
92.24,MediumCube,0.00,78.17,145.00,0.00,0.00,0.00,1.00
92.26,Main Camera,-2.34,119.01,71.36,0.03,0.00,-0.05,1.00
92.26,R_Palm,34.87,77.93,103.66,-0.05,-0.13,0.03,-0.99
92.26,R_ThumbTip,29.02,76.70,110.63,0.04,0.14,-0.54,-0.83
92.26,R_IndexTip,36.68,75.44,115.64,-0.11,-0.20,0.04,-0.97
92.26,R_MiddleTip,38.72,76.06,116.40,-0.04,-0.16,0.08,-0.98
92.26,R_RingTip,39.91,75.65,114.67,-0.08,-0.11,0.13,-0.98
92.26,R_LittleTip,40.72,76.11,111.44,-0.03,-0.10,0.19,-0.98
92.26,R_ThumbDistal,29.79,76.81,108.11,0.04,0.14,-0.54,-0.83
92.26,R_IndexIntermediate,34.85,76.51,111.13,-0.12,-0.17,0.03,-0.98
92.26,R_MiddleIntermediate,37.05,76.87,111.11,-0.10,-0.15,0.06,-0.98
92.26,R_RingIntermediate,38.61,76.59,109.47,-0.09,-0.14,0.12,-0.98
92.26,R_LittleIntermediate,39.71,76.49,107.06,-0.04,-0.14,0.19,-0.97
92.26,R_IndexProximal,33.54,77.47,107.41,-0.12,-0.16,0.01,-0.98
92.26,R_MiddleProximal,35.82,77.88,106.80,-0.11,-0.14,0.04,-0.98
92.26,R_ThumbProximal,30.07,76.97,104.51,0.00,0.04,-0.47,-0.88
92.26,R_RingProximal,37.58,77.44,105.51,-0.09,-0.13,0.09,-0.98
92.26,L_LittleProximal,-1.17,46.37,94.22,-0.71,-0.28,0.03,-0.64
92.26,MediumCube,0.00,78.17,145.00,0.00,0.00,0.00,1.00
92.27,Main Camera,-2.38,118.96,71.40,0.03,0.00,-0.04,1.00
92.27,R_Palm,34.87,77.92,103.65,-0.05,-0.13,0.03,-0.99
92.27,R_ThumbTip,29.01,76.71,110.61,0.04,0.14,-0.54,-0.83
92.27,R_IndexTip,36.67,75.43,115.64,-0.11,-0.20,0.04,-0.97
92.27,R_MiddleTip,38.72,76.06,116.39,-0.04,-0.16,0.08,-0.98
92.27,R_RingTip,39.91,75.65,114.66,-0.08,-0.11,0.13,-0.98
92.27,R_LittleTip,40.73,76.11,111.43,-0.03,-0.10,0.19,-0.98
92.27,R_ThumbDistal,29.79,76.81,108.10,0.04,0.14,-0.54,-0.83
92.27,R_IndexIntermediate,34.84,76.51,111.12,-0.12,-0.17,0.03,-0.98
92.27,R_MiddleIntermediate,37.05,76.86,111.10,-0.10,-0.15,0.06,-0.98
92.27,R_RingIntermediate,38.61,76.58,109.46,-0.09,-0.14,0.12,-0.98
92.27,R_LittleIntermediate,39.71,76.49,107.05,-0.04,-0.14,0.19,-0.97
92.27,R_IndexProximal,33.54,77.47,107.40,-0.12,-0.16,0.01,-0.98
92.27,R_MiddleProximal,35.82,77.88,106.79,-0.11,-0.14,0.04,-0.98
92.27,R_ThumbProximal,30.07,76.96,104.50,0.00,0.04,-0.47,-0.88
92.27,R_RingProximal,37.58,77.44,105.50,-0.09,-0.13,0.09,-0.98
92.27,L_LittleProximal,-1.16,46.34,94.18,-0.72,-0.28,0.03,-0.64
92.27,MediumCube,0.00,78.17,145.00,0.00,0.00,0.00,1.00
92.28,Main Camera,-2.44,118.93,71.44,0.03,0.00,-0.04,1.00
92.28,R_Palm,34.88,77.92,103.63,-0.05,-0.13,0.03,-0.99
92.28,R_ThumbTip,29.00,76.71,110.60,0.04,0.14,-0.54,-0.83
92.28,R_IndexTip,36.66,75.43,115.63,-0.11,-0.20,0.04,-0.97
92.28,R_MiddleTip,38.71,76.06,116.38,-0.04,-0.16,0.08,-0.98
92.28,R_RingTip,39.91,75.64,114.65,-0.08,-0.11,0.13,-0.98
92.28,R_LittleTip,40.74,76.10,111.41,-0.03,-0.10,0.19,-0.98
92.28,R_ThumbDistal,29.79,76.82,108.09,0.04,0.14,-0.54,-0.83
92.28,R_IndexIntermediate,34.84,76.51,111.11,-0.12,-0.17,0.03,-0.98
92.28,R_MiddleIntermediate,37.05,76.86,111.09,-0.10,-0.15,0.06,-0.98
92.28,R_RingIntermediate,38.61,76.58,109.44,-0.09,-0.14,0.12,-0.98
92.28,R_LittleIntermediate,39.71,76.49,107.03,-0.04,-0.14,0.19,-0.97
92.28,R_IndexProximal,33.54,77.47,107.39,-0.12,-0.16,0.01,-0.98
92.28,R_MiddleProximal,35.82,77.88,106.78,-0.11,-0.14,0.05,-0.98
92.28,R_ThumbProximal,30.07,76.96,104.49,0.00,0.04,-0.47,-0.88
92.28,R_RingProximal,37.58,77.43,105.49,-0.09,-0.13,0.09,-0.98
92.28,L_LittleProximal,-1.13,46.29,94.13,-0.72,-0.28,0.03,-0.63
92.28,MediumCube,0.00,78.17,145.00,0.00,0.00,0.00,1.00
92.30,Main Camera,-2.49,118.90,71.48,0.04,0.00,-0.04,1.00
92.30,R_Palm,34.88,77.93,103.63,-0.05,-0.13,0.03,-0.99
92.30,R_ThumbTip,28.99,76.73,110.60,0.04,0.14,-0.54,-0.83
92.30,R_IndexTip,36.65,75.45,115.63,-0.11,-0.20,0.04,-0.97
92.30,R_MiddleTip,38.71,76.07,116.38,-0.04,-0.16,0.08,-0.98
92.30,R_RingTip,39.91,75.66,114.65,-0.08,-0.11,0.13,-0.98
92.30,R_LittleTip,40.75,76.11,111.41,-0.03,-0.10,0.19,-0.98
92.30,R_ThumbDistal,29.78,76.83,108.09,0.04,0.14,-0.54,-0.83
92.30,R_IndexIntermediate,34.83,76.52,111.11,-0.12,-0.17,0.03,-0.98
92.30,R_MiddleIntermediate,37.04,76.88,111.09,-0.10,-0.15,0.06,-0.98
92.30,R_RingIntermediate,38.61,76.60,109.45,-0.09,-0.14,0.12,-0.98
92.30,R_LittleIntermediate,39.72,76.49,107.04,-0.04,-0.15,0.19,-0.97
92.30,R_IndexProximal,33.54,77.48,107.39,-0.12,-0.16,0.01,-0.98
92.30,R_MiddleProximal,35.82,77.89,106.78,-0.11,-0.14,0.05,-0.98
92.30,R_ThumbProximal,30.07,76.97,104.49,0.00,0.04,-0.47,-0.88
92.30,R_RingProximal,37.58,77.44,105.49,-0.09,-0.13,0.09,-0.98
92.30,L_LittleProximal,-1.09,46.29,94.13,-0.72,-0.28,0.03,-0.63
92.30,MediumCube,0.00,78.17,145.00,0.00,0.00,0.00,1.00
92.31,Main Camera,-2.55,118.87,71.53,0.04,0.00,-0.04,1.00
92.31,R_Palm,34.87,77.94,103.63,-0.05,-0.13,0.03,-0.99
92.31,R_ThumbTip,28.98,76.74,110.60,0.04,0.14,-0.54,-0.83
92.31,R_IndexTip,36.63,75.45,115.63,-0.11,-0.20,0.04,-0.97
92.31,R_MiddleTip,38.70,76.08,116.38,-0.04,-0.16,0.08,-0.98
92.31,R_RingTip,39.90,75.66,114.65,-0.08,-0.11,0.13,-0.98
92.31,R_LittleTip,40.75,76.11,111.41,-0.03,-0.10,0.19,-0.98
92.31,R_ThumbDistal,29.77,76.84,108.09,0.04,0.14,-0.54,-0.83
92.31,R_IndexIntermediate,34.82,76.53,111.11,-0.12,-0.17,0.03,-0.98
92.31,R_MiddleIntermediate,37.04,76.88,111.09,-0.10,-0.15,0.06,-0.98
92.31,R_RingIntermediate,38.60,76.60,109.45,-0.09,-0.14,0.12,-0.98
92.31,R_LittleIntermediate,39.72,76.50,107.03,-0.04,-0.15,0.19,-0.97
92.31,R_IndexProximal,33.54,77.49,107.38,-0.12,-0.16,0.01,-0.98
92.31,R_MiddleProximal,35.81,77.89,106.78,-0.11,-0.14,0.05,-0.98
92.31,R_ThumbProximal,30.06,76.98,104.48,0.00,0.04,-0.47,-0.88
92.31,R_RingProximal,37.57,77.45,105.49,-0.09,-0.13,0.09,-0.98
92.31,L_LittleProximal,-1.08,46.31,94.16,-0.72,-0.28,0.03,-0.63
92.31,MediumCube,0.00,78.17,145.00,0.00,0.00,0.00,1.00
92.33,Main Camera,-2.61,118.84,71.58,0.04,0.00,-0.04,1.00
92.33,R_Palm,34.88,77.93,103.63,-0.05,-0.13,0.03,-0.99
92.33,R_ThumbTip,28.98,76.75,110.60,0.04,0.14,-0.54,-0.83
92.33,R_IndexTip,36.64,75.45,115.64,-0.11,-0.20,0.04,-0.97
92.33,R_MiddleTip,38.71,76.07,116.38,-0.04,-0.16,0.08,-0.98
92.33,R_RingTip,39.92,75.66,114.65,-0.08,-0.11,0.13,-0.98
92.33,R_LittleTip,40.77,76.10,111.41,-0.03,-0.10,0.19,-0.98
92.33,R_ThumbDistal,29.78,76.84,108.09,0.04,0.14,-0.54,-0.83
92.33,R_IndexIntermediate,34.83,76.52,111.11,-0.12,-0.17,0.03,-0.98
92.33,R_MiddleIntermediate,37.05,76.87,111.09,-0.10,-0.15,0.06,-0.98
92.33,R_RingIntermediate,38.62,76.59,109.45,-0.09,-0.14,0.12,-0.98
92.33,R_LittleIntermediate,39.73,76.49,107.03,-0.04,-0.15,0.19,-0.97
92.33,R_IndexProximal,33.55,77.48,107.39,-0.12,-0.16,0.01,-0.98
92.33,R_MiddleProximal,35.82,77.88,106.78,-0.11,-0.14,0.05,-0.98
92.33,R_ThumbProximal,30.07,76.98,104.49,0.00,0.04,-0.47,-0.88
92.33,R_RingProximal,37.58,77.44,105.49,-0.09,-0.13,0.09,-0.98
92.33,L_LittleProximal,-1.09,46.33,94.16,-0.72,-0.29,0.03,-0.63
92.33,MediumCube,0.00,78.17,145.00,0.00,0.00,0.00,1.00
92.34,Main Camera,-2.69,118.81,71.62,0.04,0.00,-0.04,1.00
92.34,R_Palm,34.88,77.93,103.64,-0.04,-0.13,0.03,-0.99
92.34,R_ThumbTip,28.98,76.79,110.61,0.04,0.14,-0.54,-0.83
92.34,R_IndexTip,36.63,75.47,115.65,-0.11,-0.20,0.04,-0.97
92.34,R_MiddleTip,38.71,76.10,116.39,-0.04,-0.16,0.09,-0.98
92.34,R_RingTip,39.92,75.68,114.66,-0.08,-0.11,0.13,-0.98
92.34,R_LittleTip,40.77,76.10,111.41,-0.03,-0.10,0.19,-0.98
92.34,R_ThumbDistal,29.77,76.87,108.10,0.04,0.14,-0.54,-0.83
92.34,R_IndexIntermediate,34.83,76.54,111.12,-0.12,-0.17,0.03,-0.98
92.34,R_MiddleIntermediate,37.05,76.89,111.10,-0.10,-0.15,0.06,-0.98
92.34,R_RingIntermediate,38.61,76.60,109.45,-0.09,-0.14,0.12,-0.98
92.34,R_LittleIntermediate,39.73,76.48,107.04,-0.04,-0.15,0.19,-0.97
92.34,R_IndexProximal,33.55,77.50,107.39,-0.12,-0.16,0.01,-0.98
92.34,R_MiddleProximal,35.83,77.89,106.79,-0.10,-0.14,0.05,-0.98
92.34,R_ThumbProximal,30.07,77.00,104.50,0.00,0.04,-0.47,-0.88
92.34,R_RingProximal,37.58,77.44,105.50,-0.09,-0.13,0.09,-0.98
92.34,L_LittleProximal,-1.12,46.38,94.20,-0.72,-0.29,0.03,-0.63
92.34,MediumCube,0.00,78.17,145.00,0.00,0.00,0.00,1.00
92.35,Main Camera,-2.77,118.76,71.67,0.04,0.00,-0.04,1.00
92.35,R_Palm,34.88,77.94,103.65,-0.04,-0.13,0.03,-0.99
92.35,R_ThumbTip,28.97,76.86,110.63,0.05,0.14,-0.53,-0.83
92.35,R_IndexTip,36.62,75.52,115.67,-0.10,-0.20,0.05,-0.97
92.35,R_MiddleTip,38.71,76.15,116.40,-0.04,-0.16,0.09,-0.98
92.35,R_RingTip,39.92,75.72,114.67,-0.08,-0.11,0.13,-0.98
92.35,R_LittleTip,40.78,76.11,111.42,-0.02,-0.10,0.20,-0.97
92.35,R_ThumbDistal,29.77,76.93,108.12,0.05,0.14,-0.53,-0.83
92.35,R_IndexIntermediate,34.83,76.58,111.14,-0.12,-0.17,0.04,-0.98
92.35,R_MiddleIntermediate,37.05,76.92,111.11,-0.10,-0.15,0.06,-0.98
92.35,R_RingIntermediate,38.62,76.62,109.46,-0.09,-0.14,0.13,-0.98
92.35,R_LittleIntermediate,39.73,76.48,107.04,-0.04,-0.15,0.20,-0.97
92.35,R_IndexProximal,33.55,77.53,107.40,-0.12,-0.16,0.01,-0.98
92.35,R_MiddleProximal,35.83,77.91,106.79,-0.10,-0.14,0.05,-0.98
92.35,R_ThumbProximal,30.06,77.03,104.51,0.01,0.04,-0.47,-0.88
92.35,R_RingProximal,37.58,77.44,105.50,-0.09,-0.13,0.09,-0.98
92.35,L_LittleProximal,-1.18,46.47,94.25,-0.72,-0.29,0.03,-0.63
92.35,MediumCube,0.00,78.17,145.00,0.00,0.00,0.00,1.00
92.37,Main Camera,-2.86,118.75,71.72,0.04,0.00,-0.04,1.00
92.37,R_Palm,34.87,77.95,103.64,-0.04,-0.13,0.04,-0.99
92.37,R_ThumbTip,28.95,76.92,110.62,0.05,0.14,-0.53,-0.83
92.37,R_IndexTip,36.60,75.57,115.67,-0.10,-0.20,0.05,-0.97
92.37,R_MiddleTip,38.69,76.20,116.40,-0.03,-0.16,0.09,-0.98
92.37,R_RingTip,39.91,75.76,114.67,-0.07,-0.11,0.13,-0.98
92.37,R_LittleTip,40.77,76.14,111.42,-0.02,-0.10,0.20,-0.97
92.37,R_ThumbDistal,29.76,76.97,108.11,0.05,0.14,-0.53,-0.83
92.37,R_IndexIntermediate,34.81,76.62,111.13,-0.12,-0.17,0.04,-0.98
92.37,R_MiddleIntermediate,37.03,76.96,111.10,-0.10,-0.15,0.06,-0.98
92.37,R_RingIntermediate,38.60,76.65,109.46,-0.09,-0.14,0.13,-0.98
92.37,R_LittleIntermediate,39.72,76.49,107.04,-0.04,-0.15,0.20,-0.97
92.37,R_IndexProximal,33.54,77.56,107.40,-0.12,-0.16,0.01,-0.98
92.37,R_MiddleProximal,35.82,77.93,106.78,-0.10,-0.14,0.05,-0.98
92.37,R_ThumbProximal,30.05,77.06,104.51,0.01,0.04,-0.47,-0.88
92.37,R_RingProximal,37.57,77.45,105.50,-0.09,-0.13,0.09,-0.98
92.37,L_LittleProximal,-1.15,46.50,94.21,-0.72,-0.29,0.03,-0.63
92.37,MediumCube,0.00,78.17,145.00,0.00,0.00,0.00,1.00
92.38,Main Camera,-2.95,118.73,71.77,0.04,0.00,-0.04,1.00
92.38,R_Palm,34.85,77.97,103.62,-0.04,-0.13,0.04,-0.99
92.38,R_ThumbTip,28.92,76.96,110.60,0.05,0.14,-0.53,-0.83
92.38,R_IndexTip,36.56,75.61,115.66,-0.10,-0.20,0.05,-0.97
92.38,R_MiddleTip,38.66,76.24,116.39,-0.03,-0.15,0.09,-0.98
92.38,R_RingTip,39.88,75.80,114.66,-0.07,-0.11,0.13,-0.98
92.38,R_LittleTip,40.75,76.16,111.41,-0.02,-0.10,0.20,-0.97
92.38,R_ThumbDistal,29.73,77.01,108.09,0.05,0.14,-0.53,-0.83
92.38,R_IndexIntermediate,34.78,76.66,111.12,-0.12,-0.17,0.04,-0.98
92.38,R_MiddleIntermediate,37.01,76.99,111.09,-0.10,-0.14,0.06,-0.98
92.38,R_RingIntermediate,38.58,76.67,109.45,-0.09,-0.14,0.13,-0.98
92.38,R_LittleIntermediate,39.70,76.51,107.03,-0.04,-0.15,0.20,-0.97
92.38,R_IndexProximal,33.52,77.59,107.38,-0.12,-0.16,0.01,-0.98
92.38,R_MiddleProximal,35.80,77.96,106.76,-0.10,-0.14,0.05,-0.98
92.38,R_ThumbProximal,30.03,77.09,104.49,0.01,0.04,-0.46,-0.88
92.38,R_RingProximal,37.55,77.47,105.48,-0.08,-0.13,0.10,-0.98
92.38,L_LittleProximal,-1.15,46.49,94.19,-0.72,-0.29,0.03,-0.63
92.38,MediumCube,0.00,78.17,145.00,0.00,0.00,0.00,1.00
92.40,Main Camera,-3.06,118.70,71.84,0.04,0.00,-0.04,1.00
92.40,R_Palm,34.85,77.98,103.60,-0.04,-0.13,0.04,-0.99
92.40,R_ThumbTip,28.91,76.98,110.57,0.05,0.14,-0.53,-0.83
92.40,R_IndexTip,36.55,75.62,115.64,-0.10,-0.20,0.05,-0.97
92.40,R_MiddleTip,38.65,76.25,116.37,-0.03,-0.15,0.09,-0.98
92.40,R_RingTip,39.87,75.81,114.64,-0.07,-0.11,0.14,-0.98
92.40,R_LittleTip,40.74,76.17,111.39,-0.02,-0.10,0.20,-0.97
92.40,R_ThumbDistal,29.72,77.02,108.07,0.05,0.14,-0.53,-0.83
92.40,R_IndexIntermediate,34.77,76.66,111.10,-0.12,-0.17,0.04,-0.98
92.40,R_MiddleIntermediate,37.00,77.00,111.07,-0.10,-0.14,0.06,-0.98
92.40,R_RingIntermediate,38.57,76.68,109.43,-0.09,-0.14,0.13,-0.98
92.40,R_LittleIntermediate,39.69,76.51,107.01,-0.04,-0.15,0.20,-0.97
92.40,R_IndexProximal,33.51,77.60,107.36,-0.12,-0.16,0.01,-0.98
92.40,R_MiddleProximal,35.79,77.97,106.74,-0.10,-0.14,0.05,-0.98
92.40,R_ThumbProximal,30.02,77.10,104.47,0.01,0.04,-0.46,-0.88
92.40,R_RingProximal,37.54,77.48,105.46,-0.08,-0.13,0.10,-0.98
92.40,L_LittleProximal,-1.12,46.46,94.19,-0.72,-0.29,0.03,-0.63
92.40,MediumCube,0.00,78.17,145.00,0.00,0.00,0.00,1.00
92.41,Main Camera,-3.16,118.66,71.89,0.04,0.00,-0.04,1.00
92.41,R_Palm,34.85,77.97,103.59,-0.04,-0.13,0.04,-0.99
92.41,R_ThumbTip,28.91,76.98,110.57,0.05,0.14,-0.53,-0.83
92.41,R_IndexTip,36.55,75.61,115.63,-0.10,-0.20,0.05,-0.97
92.41,R_MiddleTip,38.65,76.25,116.36,-0.03,-0.15,0.09,-0.98
92.41,R_RingTip,39.87,75.80,114.63,-0.07,-0.11,0.14,-0.98
92.41,R_LittleTip,40.75,76.16,111.37,-0.02,-0.10,0.20,-0.97
92.41,R_ThumbDistal,29.72,77.02,108.06,0.05,0.14,-0.53,-0.83
92.41,R_IndexIntermediate,34.77,76.66,111.09,-0.12,-0.17,0.04,-0.98
92.41,R_MiddleIntermediate,37.00,77.00,111.06,-0.10,-0.14,0.06,-0.98
92.41,R_RingIntermediate,38.57,76.68,109.42,-0.09,-0.14,0.13,-0.98
92.41,R_LittleIntermediate,39.70,76.51,107.00,-0.04,-0.15,0.20,-0.97
92.41,R_IndexProximal,33.51,77.60,107.35,-0.12,-0.16,0.01,-0.98
92.41,R_MiddleProximal,35.80,77.96,106.74,-0.10,-0.14,0.05,-0.98
92.41,R_ThumbProximal,30.03,77.10,104.46,0.01,0.04,-0.46,-0.88
92.41,R_RingProximal,37.55,77.48,105.45,-0.08,-0.13,0.10,-0.98
92.41,L_LittleProximal,-1.10,46.43,94.25,-0.72,-0.29,0.02,-0.63
92.41,MediumCube,0.00,78.17,145.00,0.00,0.00,0.00,1.00
92.42,Main Camera,-3.27,118.63,71.95,0.04,0.00,-0.03,1.00
92.42,R_Palm,34.84,77.97,103.58,-0.04,-0.13,0.04,-0.99
92.42,R_ThumbTip,28.89,76.99,110.56,0.05,0.14,-0.53,-0.83
92.42,R_IndexTip,36.53,75.60,115.63,-0.10,-0.20,0.05,-0.97
92.42,R_MiddleTip,38.64,76.23,116.36,-0.03,-0.15,0.09,-0.98
92.42,R_RingTip,39.86,75.79,114.62,-0.07,-0.11,0.14,-0.98
92.42,R_LittleTip,40.74,76.14,111.37,-0.02,-0.10,0.20,-0.97
92.42,R_ThumbDistal,29.70,77.03,108.06,0.05,0.14,-0.53,-0.83
92.42,R_IndexIntermediate,34.76,76.65,111.09,-0.12,-0.17,0.04,-0.98
92.42,R_MiddleIntermediate,36.99,76.99,111.05,-0.10,-0.14,0.06,-0.98
92.42,R_RingIntermediate,38.56,76.66,109.41,-0.09,-0.14,0.13,-0.98
92.42,R_LittleIntermediate,39.68,76.49,106.99,-0.04,-0.15,0.20,-0.97
92.42,R_IndexProximal,33.50,77.60,107.34,-0.12,-0.16,0.02,-0.98
92.42,R_MiddleProximal,35.78,77.96,106.73,-0.10,-0.14,0.05,-0.98
92.42,R_ThumbProximal,30.01,77.10,104.46,0.01,0.04,-0.46,-0.89
92.42,R_RingProximal,37.53,77.47,105.45,-0.08,-0.13,0.10,-0.98
92.42,L_LittleProximal,-1.05,46.35,94.24,-0.72,-0.29,0.02,-0.63
92.42,MediumCube,0.00,78.17,145.00,0.00,0.00,0.00,1.00
92.44,Main Camera,-3.38,118.61,72.02,0.05,0.00,-0.03,1.00
92.44,R_Palm,34.82,77.96,103.58,-0.04,-0.13,0.04,-0.99
92.44,R_ThumbTip,28.87,77.00,110.56,0.05,0.14,-0.53,-0.84
92.44,R_IndexTip,36.51,75.58,115.62,-0.10,-0.20,0.05,-0.97
92.44,R_MiddleTip,38.62,76.21,116.35,-0.03,-0.15,0.09,-0.98
92.44,R_RingTip,39.85,75.76,114.62,-0.07,-0.11,0.14,-0.98
92.44,R_LittleTip,40.73,76.11,111.36,-0.02,-0.10,0.20,-0.97
92.44,R_ThumbDistal,29.69,77.04,108.06,0.05,0.14,-0.53,-0.84
92.44,R_IndexIntermediate,34.74,76.64,111.08,-0.12,-0.17,0.04,-0.98
92.44,R_MiddleIntermediate,36.98,76.97,111.05,-0.10,-0.14,0.07,-0.98
92.44,R_RingIntermediate,38.55,76.64,109.40,-0.09,-0.14,0.13,-0.98
92.44,R_LittleIntermediate,39.67,76.47,106.99,-0.04,-0.15,0.20,-0.97
92.44,R_IndexProximal,33.49,77.59,107.34,-0.12,-0.16,0.02,-0.98
92.44,R_MiddleProximal,35.77,77.95,106.72,-0.10,-0.14,0.06,-0.98
92.44,R_ThumbProximal,29.99,77.11,104.45,0.01,0.04,-0.46,-0.89
92.44,R_RingProximal,37.52,77.45,105.44,-0.08,-0.13,0.10,-0.98
92.44,L_LittleProximal,-0.99,46.27,94.22,-0.72,-0.28,0.02,-0.63
92.44,MediumCube,0.00,78.17,145.00,0.00,0.00,0.00,1.00
92.45,Main Camera,-3.50,118.59,72.09,0.05,0.00,-0.03,1.00
92.45,R_Palm,34.84,77.98,103.59,-0.04,-0.13,0.04,-0.99
92.45,R_ThumbTip,28.90,77.04,110.59,0.05,0.13,-0.53,-0.84
92.45,R_IndexTip,36.55,75.61,115.63,-0.10,-0.20,0.06,-0.97
92.45,R_MiddleTip,38.67,76.22,116.35,-0.03,-0.16,0.10,-0.98
92.45,R_RingTip,39.88,75.77,114.62,-0.07,-0.11,0.14,-0.98
92.45,R_LittleTip,40.76,76.12,111.36,-0.02,-0.10,0.20,-0.97
92.45,R_ThumbDistal,29.71,77.07,108.08,0.05,0.13,-0.53,-0.84
92.45,R_IndexIntermediate,34.77,76.67,111.10,-0.12,-0.17,0.04,-0.98
92.45,R_MiddleIntermediate,37.01,76.99,111.06,-0.10,-0.15,0.07,-0.98
92.45,R_RingIntermediate,38.57,76.65,109.41,-0.09,-0.14,0.13,-0.98
92.45,R_LittleIntermediate,39.69,76.47,106.99,-0.04,-0.15,0.20,-0.97
92.45,R_IndexProximal,33.51,77.62,107.36,-0.12,-0.16,0.02,-0.98
92.45,R_MiddleProximal,35.79,77.96,106.73,-0.10,-0.14,0.06,-0.98
92.45,R_ThumbProximal,30.00,77.14,104.48,0.01,0.04,-0.46,-0.89
92.45,R_RingProximal,37.54,77.46,105.45,-0.08,-0.14,0.10,-0.98
92.45,L_LittleProximal,-0.96,46.24,94.21,-0.72,-0.28,0.01,-0.63
92.45,MediumCube,0.00,78.17,145.00,0.00,0.00,0.00,1.00
92.46,Main Camera,-3.62,118.57,72.18,0.05,0.00,-0.03,1.00
92.46,R_Palm,34.85,77.96,103.60,-0.04,-0.13,0.04,-0.99
92.46,R_ThumbTip,28.92,77.05,110.61,0.05,0.13,-0.53,-0.84
92.46,R_IndexTip,36.58,75.58,115.63,-0.10,-0.20,0.06,-0.97
92.46,R_MiddleTip,38.70,76.19,116.35,-0.03,-0.16,0.10,-0.98
92.46,R_RingTip,39.91,75.74,114.61,-0.07,-0.11,0.14,-0.98
92.46,R_LittleTip,40.79,76.08,111.35,-0.02,-0.10,0.20,-0.97
92.46,R_ThumbDistal,29.72,77.07,108.10,0.05,0.13,-0.53,-0.84
92.46,R_IndexIntermediate,34.80,76.65,111.10,-0.12,-0.17,0.05,-0.98
92.46,R_MiddleIntermediate,37.03,76.96,111.05,-0.10,-0.15,0.07,-0.98
92.46,R_RingIntermediate,38.59,76.63,109.40,-0.09,-0.14,0.14,-0.98
92.46,R_LittleIntermediate,39.70,76.44,106.98,-0.04,-0.15,0.20,-0.97
92.46,R_IndexProximal,33.53,77.61,107.36,-0.12,-0.16,0.02,-0.98
92.46,R_MiddleProximal,35.82,77.94,106.74,-0.10,-0.14,0.06,-0.98
92.46,R_ThumbProximal,30.02,77.14,104.49,0.01,0.04,-0.46,-0.89
92.46,R_RingProximal,37.55,77.43,105.44,-0.08,-0.14,0.10,-0.98
92.46,L_LittleProximal,-0.98,46.23,94.24,-0.72,-0.28,0.01,-0.63
92.46,MediumCube,0.00,78.17,145.00,0.00,0.00,0.00,1.00
92.48,Main Camera,-3.75,118.54,72.27,0.05,0.00,-0.03,1.00
92.48,R_Palm,34.87,77.96,103.60,-0.04,-0.13,0.04,-0.99
92.48,R_ThumbTip,28.94,77.05,110.61,0.05,0.13,-0.53,-0.84
92.48,R_IndexTip,36.60,75.59,115.64,-0.10,-0.20,0.06,-0.97
92.48,R_MiddleTip,38.72,76.20,116.35,-0.03,-0.16,0.10,-0.98
92.48,R_RingTip,39.93,75.75,114.62,-0.07,-0.11,0.14,-0.98
92.48,R_LittleTip,40.81,76.08,111.35,-0.02,-0.10,0.21,-0.97
92.48,R_ThumbDistal,29.74,77.08,108.11,0.05,0.13,-0.53,-0.84
92.48,R_IndexIntermediate,34.82,76.66,111.11,-0.12,-0.17,0.05,-0.98
92.48,R_MiddleIntermediate,37.05,76.97,111.06,-0.10,-0.15,0.07,-0.98
92.48,R_RingIntermediate,38.61,76.63,109.41,-0.09,-0.14,0.14,-0.98
92.48,R_LittleIntermediate,39.72,76.44,106.98,-0.04,-0.15,0.21,-0.97
92.48,R_IndexProximal,33.55,77.61,107.37,-0.12,-0.16,0.02,-0.98
92.48,R_MiddleProximal,35.84,77.95,106.74,-0.10,-0.14,0.06,-0.98
92.48,R_ThumbProximal,30.03,77.14,104.50,0.01,0.04,-0.46,-0.89
92.48,R_RingProximal,37.57,77.44,105.45,-0.08,-0.14,0.10,-0.98
92.48,L_LittleProximal,-0.93,46.23,94.23,-0.72,-0.28,0.01,-0.63
92.48,MediumCube,0.00,78.17,145.00,0.00,0.00,0.00,1.00
92.49,Main Camera,-3.88,118.51,72.37,0.05,0.00,-0.02,1.00
92.49,R_Palm,34.88,77.95,103.62,-0.04,-0.13,0.04,-0.99
92.49,R_ThumbTip,28.95,77.04,110.63,0.05,0.13,-0.53,-0.84
92.49,R_IndexTip,36.60,75.57,115.66,-0.10,-0.20,0.06,-0.97
92.49,R_MiddleTip,38.73,76.18,116.37,-0.03,-0.16,0.10,-0.98
92.49,R_RingTip,39.94,75.74,114.63,-0.07,-0.11,0.14,-0.98
92.49,R_LittleTip,40.82,76.07,111.37,-0.02,-0.10,0.21,-0.97
92.49,R_ThumbDistal,29.75,77.07,108.12,0.05,0.13,-0.53,-0.84
92.49,R_IndexIntermediate,34.82,76.64,111.12,-0.12,-0.17,0.05,-0.98
92.49,R_MiddleIntermediate,37.06,76.95,111.08,-0.10,-0.15,0.07,-0.98
92.49,R_RingIntermediate,38.62,76.62,109.43,-0.09,-0.14,0.14,-0.98
92.49,R_LittleIntermediate,39.74,76.42,107.00,-0.04,-0.15,0.21,-0.97
92.49,R_IndexProximal,33.56,77.60,107.39,-0.12,-0.16,0.02,-0.98
92.49,R_MiddleProximal,35.85,77.94,106.76,-0.10,-0.14,0.06,-0.98
92.49,R_ThumbProximal,30.04,77.13,104.52,0.01,0.04,-0.46,-0.89
92.49,R_RingProximal,37.58,77.42,105.47,-0.08,-0.14,0.10,-0.98
92.49,L_LittleProximal,-0.87,46.23,94.23,-0.72,-0.28,0.00,-0.63
92.49,MediumCube,0.00,78.17,145.00,0.00,0.00,0.00,1.00
92.51,Main Camera,-4.01,118.48,72.48,0.05,-0.01,-0.02,1.00
92.51,R_Palm,34.90,77.93,103.66,-0.04,-0.13,0.04,-0.99
92.51,R_ThumbTip,28.96,77.02,110.67,0.05,0.13,-0.53,-0.84
92.51,R_IndexTip,36.62,75.55,115.70,-0.10,-0.20,0.06,-0.97
92.51,R_MiddleTip,38.74,76.16,116.41,-0.03,-0.16,0.10,-0.98
92.51,R_RingTip,39.96,75.72,114.67,-0.07,-0.11,0.14,-0.98
92.51,R_LittleTip,40.84,76.05,111.41,-0.02,-0.10,0.21,-0.97
92.51,R_ThumbDistal,29.77,77.05,108.16,0.05,0.13,-0.53,-0.84
92.51,R_IndexIntermediate,34.84,76.63,111.16,-0.12,-0.17,0.05,-0.98
92.51,R_MiddleIntermediate,37.08,76.94,111.12,-0.10,-0.15,0.07,-0.98
92.51,R_RingIntermediate,38.64,76.60,109.46,-0.09,-0.14,0.14,-0.98
92.51,R_LittleIntermediate,39.76,76.41,107.04,-0.04,-0.15,0.21,-0.97
92.51,R_IndexProximal,33.59,77.58,107.42,-0.12,-0.16,0.02,-0.98
92.51,R_MiddleProximal,35.87,77.92,106.80,-0.10,-0.14,0.06,-0.98
92.51,R_ThumbProximal,30.06,77.11,104.55,0.01,0.04,-0.46,-0.89
92.51,R_RingProximal,37.61,77.41,105.50,-0.08,-0.14,0.10,-0.98
92.51,L_LittleProximal,-0.87,46.24,94.22,-0.72,-0.29,0.00,-0.63
92.51,MediumCube,0.00,78.17,145.00,0.00,0.00,0.00,1.00
92.52,Main Camera,-4.13,118.44,72.59,0.05,-0.01,-0.02,1.00
92.52,R_Palm,34.94,77.88,103.69,-0.04,-0.13,0.04,-0.99
92.52,R_ThumbTip,28.99,76.97,110.70,0.05,0.13,-0.53,-0.84
92.52,R_IndexTip,36.65,75.50,115.74,-0.10,-0.20,0.06,-0.97
92.52,R_MiddleTip,38.78,76.11,116.45,-0.03,-0.16,0.10,-0.98
92.52,R_RingTip,40.00,75.67,114.71,-0.07,-0.11,0.14,-0.98
92.52,R_LittleTip,40.88,75.99,111.44,-0.02,-0.10,0.21,-0.97
92.52,R_ThumbDistal,29.80,77.00,108.19,0.05,0.13,-0.53,-0.84
92.52,R_IndexIntermediate,34.87,76.57,111.20,-0.12,-0.17,0.05,-0.98
92.52,R_MiddleIntermediate,37.11,76.89,111.15,-0.10,-0.15,0.07,-0.98
92.52,R_RingIntermediate,38.68,76.55,109.50,-0.09,-0.14,0.14,-0.98
92.52,R_LittleIntermediate,39.79,76.36,107.08,-0.04,-0.15,0.20,-0.97
92.52,R_IndexProximal,33.62,77.53,107.46,-0.12,-0.16,0.02,-0.98
92.52,R_MiddleProximal,35.90,77.87,106.83,-0.10,-0.14,0.06,-0.98
92.52,R_ThumbProximal,30.10,77.06,104.59,0.01,0.04,-0.46,-0.89
92.52,R_RingProximal,37.64,77.36,105.54,-0.08,-0.14,0.10,-0.98
92.52,L_LittleProximal,-0.85,46.23,94.21,-0.72,-0.29,0.00,-0.63
92.52,MediumCube,0.00,78.17,145.00,0.00,0.00,0.00,1.00
92.53,Main Camera,-4.27,118.41,72.72,0.05,-0.01,-0.02,1.00
92.53,R_Palm,34.97,77.83,103.74,-0.04,-0.13,0.04,-0.99
92.53,R_ThumbTip,29.03,76.90,110.74,0.05,0.13,-0.53,-0.84
92.53,R_IndexTip,36.69,75.44,115.78,-0.11,-0.20,0.06,-0.97
92.53,R_MiddleTip,38.81,76.05,116.49,-0.04,-0.16,0.10,-0.98
92.53,R_RingTip,40.03,75.61,114.75,-0.07,-0.11,0.14,-0.98
92.53,R_LittleTip,40.92,75.93,111.48,-0.02,-0.10,0.21,-0.97
92.53,R_ThumbDistal,29.83,76.93,108.23,0.05,0.13,-0.53,-0.84
92.53,R_IndexIntermediate,34.91,76.51,111.24,-0.12,-0.17,0.05,-0.98
92.53,R_MiddleIntermediate,37.15,76.83,111.19,-0.10,-0.15,0.07,-0.98
92.53,R_RingIntermediate,38.72,76.49,109.54,-0.09,-0.14,0.14,-0.98
92.53,R_LittleIntermediate,39.83,76.30,107.12,-0.04,-0.15,0.20,-0.97
92.53,R_IndexProximal,33.66,77.47,107.50,-0.12,-0.16,0.02,-0.98
92.53,R_MiddleProximal,35.94,77.81,106.88,-0.10,-0.14,0.06,-0.98
92.53,R_ThumbProximal,30.13,77.00,104.63,0.01,0.04,-0.46,-0.89
92.53,R_RingProximal,37.68,77.30,105.58,-0.08,-0.14,0.10,-0.98
92.53,L_LittleProximal,-0.84,46.22,94.20,-0.72,-0.29,-0.01,-0.63
92.53,MediumCube,0.00,78.17,145.00,0.00,0.00,0.00,1.00
92.55,Main Camera,-4.40,118.38,72.83,0.05,-0.01,-0.02,1.00
92.55,R_Palm,34.99,77.83,103.77,-0.04,-0.13,0.04,-0.99
92.55,R_ThumbTip,29.05,76.90,110.78,0.05,0.13,-0.53,-0.84
92.55,R_IndexTip,36.70,75.43,115.81,-0.11,-0.20,0.06,-0.97
92.55,R_MiddleTip,38.83,76.05,116.52,-0.04,-0.16,0.10,-0.98
92.55,R_RingTip,40.06,75.61,114.78,-0.07,-0.11,0.14,-0.98
92.55,R_LittleTip,40.94,75.93,111.51,-0.02,-0.11,0.21,-0.97
92.55,R_ThumbDistal,29.85,76.93,108.27,0.05,0.13,-0.53,-0.84
92.55,R_IndexIntermediate,34.93,76.51,111.27,-0.12,-0.17,0.05,-0.98
92.55,R_MiddleIntermediate,37.17,76.83,111.23,-0.10,-0.15,0.07,-0.98
92.55,R_RingIntermediate,38.74,76.49,109.57,-0.09,-0.14,0.14,-0.98
92.55,R_LittleIntermediate,39.85,76.30,107.15,-0.04,-0.15,0.20,-0.97
92.55,R_IndexProximal,33.68,77.48,107.54,-0.12,-0.16,0.02,-0.98
92.55,R_MiddleProximal,35.96,77.81,106.91,-0.10,-0.14,0.06,-0.98
92.55,R_ThumbProximal,30.15,77.00,104.67,0.01,0.04,-0.46,-0.89
92.55,R_RingProximal,37.70,77.30,105.62,-0.08,-0.14,0.10,-0.98
92.55,L_LittleProximal,-0.85,46.16,94.16,-0.72,-0.29,-0.01,-0.63
92.55,MediumCube,0.00,78.17,145.00,0.00,0.00,0.00,1.00
92.56,Main Camera,-4.54,118.36,72.96,0.05,-0.01,-0.01,1.00
92.56,R_Palm,35.00,77.82,103.77,-0.04,-0.13,0.04,-0.99
92.56,R_ThumbTip,29.06,76.89,110.78,0.05,0.13,-0.53,-0.84
92.56,R_IndexTip,36.71,75.43,115.81,-0.11,-0.20,0.06,-0.97
92.56,R_MiddleTip,38.85,76.04,116.52,-0.04,-0.16,0.10,-0.98
92.56,R_RingTip,40.07,75.60,114.78,-0.07,-0.11,0.14,-0.98
92.56,R_LittleTip,40.96,75.91,111.51,-0.02,-0.11,0.21,-0.97
92.56,R_ThumbDistal,29.86,76.93,108.27,0.05,0.13,-0.53,-0.84
92.56,R_IndexIntermediate,34.94,76.51,111.27,-0.12,-0.17,0.05,-0.98
92.56,R_MiddleIntermediate,37.18,76.82,111.23,-0.10,-0.15,0.07,-0.98
92.56,R_RingIntermediate,38.75,76.49,109.57,-0.09,-0.14,0.14,-0.98
92.56,R_LittleIntermediate,39.87,76.29,107.15,-0.04,-0.15,0.21,-0.97
92.56,R_IndexProximal,33.69,77.47,107.54,-0.12,-0.16,0.02,-0.98
92.56,R_MiddleProximal,35.97,77.81,106.91,-0.10,-0.14,0.06,-0.98
92.56,R_ThumbProximal,30.16,77.00,104.67,0.01,0.04,-0.46,-0.89
92.56,R_RingProximal,37.71,77.30,105.61,-0.08,-0.14,0.10,-0.98
92.56,L_LittleProximal,-0.82,46.18,94.19,-0.72,-0.29,0.00,-0.63
92.56,MediumCube,0.00,78.17,145.00,0.00,0.00,0.00,1.00
92.58,Main Camera,-4.67,118.33,73.09,0.05,-0.01,-0.01,1.00
92.58,R_Palm,35.02,77.82,103.76,-0.04,-0.13,0.04,-0.99
92.58,R_ThumbTip,29.08,76.91,110.78,0.05,0.13,-0.53,-0.84
92.58,R_IndexTip,36.74,75.43,115.80,-0.11,-0.20,0.06,-0.97
92.58,R_MiddleTip,38.88,76.05,116.50,-0.04,-0.16,0.10,-0.98
92.58,R_RingTip,40.10,75.59,114.76,-0.07,-0.11,0.14,-0.98
92.58,R_LittleTip,40.99,75.91,111.49,-0.02,-0.11,0.21,-0.97
92.58,R_ThumbDistal,29.88,76.94,108.27,0.05,0.13,-0.53,-0.84
92.58,R_IndexIntermediate,34.97,76.51,111.27,-0.12,-0.17,0.05,-0.98
92.58,R_MiddleIntermediate,37.21,76.83,111.21,-0.10,-0.15,0.07,-0.98
92.58,R_RingIntermediate,38.77,76.48,109.56,-0.09,-0.14,0.14,-0.98
92.58,R_LittleIntermediate,39.89,76.28,107.13,-0.04,-0.15,0.21,-0.97
92.58,R_IndexProximal,33.71,77.48,107.53,-0.12,-0.16,0.02,-0.98
92.58,R_MiddleProximal,35.99,77.81,106.90,-0.10,-0.14,0.06,-0.98
92.58,R_ThumbProximal,30.17,77.01,104.67,0.01,0.04,-0.46,-0.89
92.58,R_RingProximal,37.73,77.29,105.60,-0.08,-0.14,0.10,-0.98
92.58,L_LittleProximal,-0.81,46.16,94.19,-0.72,-0.29,0.00,-0.63
92.58,MediumCube,0.00,78.17,145.00,0.00,0.00,0.00,1.00
92.59,Main Camera,-4.81,118.32,73.23,0.05,-0.01,-0.01,1.00
92.59,R_Palm,35.04,77.81,103.77,-0.04,-0.14,0.05,-0.99
92.59,R_ThumbTip,29.11,76.91,110.80,0.05,0.13,-0.52,-0.84
92.59,R_IndexTip,36.78,75.41,115.81,-0.11,-0.20,0.06,-0.97
92.59,R_MiddleTip,38.93,76.04,116.50,-0.04,-0.16,0.10,-0.98
92.59,R_RingTip,40.15,75.58,114.76,-0.07,-0.12,0.14,-0.98
92.59,R_LittleTip,41.03,75.88,111.48,-0.02,-0.11,0.21,-0.97
92.59,R_ThumbDistal,29.90,76.94,108.29,0.05,0.13,-0.52,-0.84
92.59,R_IndexIntermediate,35.00,76.51,111.28,-0.12,-0.17,0.05,-0.98
92.59,R_MiddleIntermediate,37.25,76.82,111.22,-0.10,-0.15,0.07,-0.98
92.59,R_RingIntermediate,38.81,76.47,109.55,-0.09,-0.14,0.14,-0.98
92.59,R_LittleIntermediate,39.91,76.26,107.12,-0.04,-0.15,0.21,-0.97
92.59,R_IndexProximal,33.74,77.47,107.54,-0.12,-0.16,0.02,-0.98
92.59,R_MiddleProximal,36.02,77.80,106.90,-0.10,-0.14,0.06,-0.98
92.59,R_ThumbProximal,30.19,77.01,104.68,0.01,0.04,-0.46,-0.89
92.59,R_RingProximal,37.75,77.28,105.60,-0.08,-0.14,0.10,-0.98
92.59,L_LittleProximal,-0.83,46.16,94.26,-0.72,-0.29,0.00,-0.63
92.59,MediumCube,0.00,78.17,145.00,0.00,0.00,0.00,1.00
92.60,Main Camera,-4.95,118.30,73.37,0.05,-0.01,-0.01,1.00
92.60,R_Palm,35.05,77.81,103.78,-0.04,-0.14,0.05,-0.99
92.60,R_ThumbTip,29.12,76.91,110.82,0.05,0.13,-0.52,-0.84
92.60,R_IndexTip,36.79,75.41,115.82,-0.11,-0.20,0.06,-0.97
92.60,R_MiddleTip,38.95,76.04,116.51,-0.03,-0.16,0.10,-0.98
92.60,R_RingTip,40.17,75.57,114.76,-0.07,-0.12,0.14,-0.98
92.60,R_LittleTip,41.05,75.87,111.49,-0.02,-0.11,0.21,-0.97
92.60,R_ThumbDistal,29.91,76.94,108.31,0.05,0.13,-0.52,-0.84
92.60,R_IndexIntermediate,35.01,76.51,111.29,-0.12,-0.17,0.05,-0.98
92.60,R_MiddleIntermediate,37.27,76.82,111.23,-0.10,-0.15,0.07,-0.98
92.60,R_RingIntermediate,38.82,76.47,109.56,-0.09,-0.14,0.14,-0.98
92.60,R_LittleIntermediate,39.93,76.25,107.13,-0.04,-0.16,0.21,-0.96
92.60,R_IndexProximal,33.76,77.48,107.56,-0.12,-0.16,0.02,-0.98
92.60,R_MiddleProximal,36.03,77.80,106.91,-0.10,-0.14,0.06,-0.98
92.60,R_ThumbProximal,30.20,77.01,104.71,0.01,0.04,-0.46,-0.89
92.60,R_RingProximal,37.76,77.28,105.61,-0.08,-0.14,0.11,-0.98
92.60,L_LittleProximal,-0.86,46.16,94.32,-0.72,-0.29,0.00,-0.63
92.60,MediumCube,0.00,78.17,145.00,0.00,0.00,0.00,1.00
92.62,Main Camera,-5.08,118.29,73.54,0.05,-0.01,0.00,1.00
92.62,R_Palm,35.06,77.81,103.80,-0.04,-0.14,0.05,-0.99
92.62,R_ThumbTip,29.13,76.91,110.84,0.05,0.13,-0.52,-0.84
92.62,R_IndexTip,36.81,75.41,115.84,-0.11,-0.20,0.06,-0.97
92.62,R_MiddleTip,38.98,76.04,116.53,-0.03,-0.16,0.10,-0.98
92.62,R_RingTip,40.19,75.57,114.77,-0.07,-0.12,0.14,-0.98
92.62,R_LittleTip,41.08,75.86,111.50,-0.02,-0.11,0.21,-0.97
92.62,R_ThumbDistal,29.92,76.94,108.33,0.05,0.13,-0.52,-0.84
92.62,R_IndexIntermediate,35.03,76.51,111.31,-0.12,-0.17,0.05,-0.98
92.62,R_MiddleIntermediate,37.28,76.81,111.24,-0.10,-0.15,0.07,-0.98
92.62,R_RingIntermediate,38.84,76.46,109.58,-0.09,-0.14,0.14,-0.98
92.62,R_LittleIntermediate,39.95,76.25,107.14,-0.04,-0.16,0.21,-0.96
92.62,R_IndexProximal,33.77,77.47,107.58,-0.12,-0.16,0.02,-0.98
92.62,R_MiddleProximal,36.05,77.80,106.93,-0.10,-0.14,0.06,-0.98
92.62,R_ThumbProximal,30.21,77.01,104.73,0.01,0.04,-0.46,-0.89
92.62,R_RingProximal,37.77,77.27,105.63,-0.08,-0.14,0.11,-0.98
92.62,L_LittleProximal,-0.89,46.16,94.38,-0.72,-0.29,0.01,-0.63
92.62,MediumCube,0.00,78.17,145.00,0.00,0.00,0.00,1.00
92.63,Main Camera,-5.23,118.27,73.70,0.04,-0.01,0.00,1.00
92.63,R_Palm,35.05,77.81,103.82,-0.04,-0.14,0.05,-0.99
92.63,R_ThumbTip,29.11,76.92,110.87,0.05,0.13,-0.52,-0.84
92.63,R_IndexTip,36.80,75.41,115.87,-0.11,-0.20,0.06,-0.97
92.63,R_MiddleTip,38.98,76.05,116.55,-0.03,-0.16,0.10,-0.98
92.63,R_RingTip,40.20,75.58,114.80,-0.07,-0.12,0.15,-0.98
92.63,R_LittleTip,41.08,75.86,111.51,-0.02,-0.11,0.21,-0.97
92.63,R_ThumbDistal,29.91,76.94,108.36,0.05,0.13,-0.52,-0.84
92.63,R_IndexIntermediate,35.02,76.51,111.33,-0.12,-0.17,0.05,-0.98
92.63,R_MiddleIntermediate,37.28,76.82,111.27,-0.10,-0.15,0.07,-0.98
92.63,R_RingIntermediate,38.84,76.47,109.60,-0.08,-0.14,0.14,-0.98
92.63,R_LittleIntermediate,39.95,76.25,107.16,-0.04,-0.16,0.21,-0.96
92.63,R_IndexProximal,33.77,77.48,107.60,-0.12,-0.16,0.02,-0.98
92.63,R_MiddleProximal,36.05,77.80,106.95,-0.10,-0.14,0.06,-0.98
92.63,R_ThumbProximal,30.20,77.01,104.75,0.01,0.04,-0.46,-0.89
92.63,R_RingProximal,37.77,77.28,105.65,-0.08,-0.14,0.11,-0.98
92.63,L_LittleProximal,-0.95,46.22,94.61,-0.71,-0.29,0.02,-0.64
92.63,MediumCube,0.00,78.17,145.00,0.00,0.00,0.00,1.00
92.64,Main Camera,-5.37,118.24,73.87,0.04,-0.01,0.00,1.00
92.64,R_Palm,35.06,77.80,103.81,-0.04,-0.14,0.05,-0.99
92.64,R_ThumbTip,29.11,76.90,110.86,0.05,0.13,-0.52,-0.84
92.64,R_IndexTip,36.82,75.39,115.85,-0.11,-0.20,0.06,-0.97
92.64,R_MiddleTip,39.01,76.03,116.53,-0.03,-0.16,0.10,-0.98
92.64,R_RingTip,40.23,75.56,114.78,-0.07,-0.12,0.15,-0.98
92.64,R_LittleTip,41.11,75.83,111.49,-0.02,-0.11,0.21,-0.97
92.64,R_ThumbDistal,29.91,76.93,108.35,0.05,0.13,-0.52,-0.84
92.64,R_IndexIntermediate,35.04,76.50,111.33,-0.12,-0.17,0.05,-0.98
92.64,R_MiddleIntermediate,37.31,76.81,111.25,-0.10,-0.15,0.07,-0.98
92.64,R_RingIntermediate,38.86,76.45,109.58,-0.08,-0.15,0.14,-0.98
92.64,R_LittleIntermediate,39.96,76.22,107.14,-0.04,-0.16,0.21,-0.96
92.64,R_IndexProximal,33.79,77.48,107.59,-0.12,-0.16,0.03,-0.98
92.64,R_MiddleProximal,36.06,77.79,106.94,-0.10,-0.14,0.06,-0.98
92.64,R_ThumbProximal,30.20,77.00,104.75,0.01,0.04,-0.46,-0.89
92.64,R_RingProximal,37.78,77.26,105.63,-0.08,-0.14,0.11,-0.98
92.64,L_LittleProximal,-1.04,46.28,94.73,-0.70,-0.29,0.03,-0.65
92.64,MediumCube,0.00,78.17,145.00,0.00,0.00,0.00,1.00
92.66,Main Camera,-5.51,118.23,74.06,0.04,-0.01,0.01,1.00
92.66,R_Palm,35.08,77.82,103.83,-0.04,-0.14,0.05,-0.99
92.66,R_ThumbTip,29.11,76.90,110.89,0.05,0.14,-0.52,-0.84
92.66,R_IndexTip,36.86,75.44,115.87,-0.11,-0.20,0.06,-0.97
92.66,R_MiddleTip,39.05,76.08,116.55,-0.03,-0.16,0.10,-0.98
92.66,R_RingTip,40.27,75.59,114.78,-0.07,-0.12,0.15,-0.98
92.66,R_LittleTip,41.15,75.85,111.49,-0.02,-0.11,0.21,-0.97
92.66,R_ThumbDistal,29.91,76.94,108.38,0.05,0.14,-0.52,-0.84
92.66,R_IndexIntermediate,35.07,76.55,111.35,-0.12,-0.17,0.05,-0.98
92.66,R_MiddleIntermediate,37.34,76.84,111.27,-0.09,-0.15,0.08,-0.98
92.66,R_RingIntermediate,38.89,76.47,109.59,-0.08,-0.15,0.14,-0.98
92.66,R_LittleIntermediate,39.98,76.24,107.15,-0.04,-0.16,0.21,-0.96
92.66,R_IndexProximal,33.81,77.51,107.61,-0.12,-0.16,0.03,-0.98
92.66,R_MiddleProximal,36.09,77.82,106.95,-0.10,-0.15,0.07,-0.98
92.66,R_ThumbProximal,30.21,77.02,104.78,0.01,0.04,-0.45,-0.89
92.66,R_RingProximal,37.80,77.28,105.64,-0.08,-0.14,0.11,-0.98
92.66,L_LittleProximal,-1.08,46.35,94.69,-0.70,-0.28,0.03,-0.65
92.66,MediumCube,0.00,78.17,145.00,0.00,0.00,0.00,1.00
92.67,Main Camera,-5.67,118.20,74.24,0.04,-0.01,0.01,1.00
92.67,R_Palm,35.10,77.85,103.84,-0.03,-0.14,0.05,-0.99
92.67,R_ThumbTip,29.11,76.93,110.92,0.05,0.14,-0.52,-0.84
92.67,R_IndexTip,36.89,75.49,115.90,-0.11,-0.20,0.07,-0.97
92.67,R_MiddleTip,39.10,76.13,116.56,-0.03,-0.16,0.11,-0.98
92.67,R_RingTip,40.31,75.63,114.79,-0.07,-0.12,0.15,-0.98
92.67,R_LittleTip,41.20,75.87,111.50,-0.02,-0.12,0.21,-0.97
92.67,R_ThumbDistal,29.91,76.96,108.42,0.05,0.14,-0.52,-0.84
92.67,R_IndexIntermediate,35.11,76.59,111.37,-0.12,-0.17,0.06,-0.98
92.67,R_MiddleIntermediate,37.37,76.89,111.28,-0.09,-0.15,0.08,-0.98
92.67,R_RingIntermediate,38.92,76.50,109.60,-0.08,-0.15,0.14,-0.97
92.67,R_LittleIntermediate,40.01,76.25,107.16,-0.04,-0.16,0.21,-0.96
92.67,R_IndexProximal,33.84,77.55,107.64,-0.12,-0.16,0.03,-0.98
92.67,R_MiddleProximal,36.11,77.85,106.97,-0.10,-0.15,0.07,-0.98
92.67,R_ThumbProximal,30.21,77.05,104.81,0.01,0.04,-0.45,-0.89
92.67,R_RingProximal,37.82,77.30,105.65,-0.08,-0.14,0.11,-0.98
92.67,L_LittleProximal,-1.10,46.44,94.60,-0.70,-0.27,0.04,-0.66
92.67,MediumCube,0.00,78.17,145.00,0.00,0.00,0.00,1.00
92.69,Main Camera,-5.82,118.16,74.44,0.04,-0.01,0.01,1.00
92.69,R_Palm,35.11,77.87,103.86,-0.03,-0.14,0.05,-0.99
92.69,R_ThumbTip,29.12,76.96,110.96,0.05,0.14,-0.52,-0.84
92.69,R_IndexTip,36.93,75.55,115.92,-0.11,-0.20,0.07,-0.97
92.69,R_MiddleTip,39.15,76.19,116.57,-0.03,-0.16,0.11,-0.98
92.69,R_RingTip,40.36,75.67,114.80,-0.07,-0.12,0.15,-0.98
92.69,R_LittleTip,41.25,75.89,111.50,-0.02,-0.12,0.22,-0.97
92.69,R_ThumbDistal,29.92,76.99,108.45,0.05,0.14,-0.52,-0.84
92.69,R_IndexIntermediate,35.14,76.65,111.40,-0.12,-0.17,0.06,-0.98
92.69,R_MiddleIntermediate,37.41,76.93,111.29,-0.09,-0.15,0.08,-0.98
92.69,R_RingIntermediate,38.95,76.53,109.61,-0.08,-0.15,0.15,-0.97
92.69,R_LittleIntermediate,40.04,76.27,107.16,-0.03,-0.16,0.22,-0.96
92.69,R_IndexProximal,33.87,77.60,107.66,-0.11,-0.16,0.03,-0.98
92.69,R_MiddleProximal,36.14,77.88,106.98,-0.09,-0.15,0.07,-0.98
92.69,R_ThumbProximal,30.22,77.08,104.85,0.01,0.04,-0.45,-0.89
92.69,R_RingProximal,37.84,77.32,105.67,-0.08,-0.14,0.11,-0.98
92.69,L_LittleProximal,-1.11,46.52,94.51,-0.70,-0.27,0.04,-0.66
92.69,MediumCube,0.00,78.17,145.00,0.00,0.00,0.00,1.00
92.70,Main Camera,-5.97,118.11,74.64,0.04,-0.01,0.01,1.00
92.70,R_Palm,35.13,77.90,103.88,-0.03,-0.14,0.06,-0.99
92.70,R_ThumbTip,29.12,76.99,110.99,0.05,0.14,-0.52,-0.84
92.70,R_IndexTip,36.97,75.59,115.94,-0.11,-0.20,0.07,-0.97
92.70,R_MiddleTip,39.19,76.23,116.58,-0.03,-0.16,0.11,-0.98
92.70,R_RingTip,40.40,75.70,114.81,-0.07,-0.12,0.15,-0.98
92.70,R_LittleTip,41.30,75.90,111.49,-0.02,-0.12,0.22,-0.97
92.70,R_ThumbDistal,29.93,77.02,108.48,0.05,0.14,-0.52,-0.84
92.70,R_IndexIntermediate,35.17,76.69,111.42,-0.12,-0.17,0.06,-0.98
92.70,R_MiddleIntermediate,37.45,76.97,111.31,-0.09,-0.15,0.08,-0.98
92.70,R_RingIntermediate,38.98,76.56,109.62,-0.08,-0.15,0.15,-0.97
92.70,R_LittleIntermediate,40.07,76.28,107.17,-0.03,-0.17,0.22,-0.96
92.70,R_IndexProximal,33.90,77.64,107.68,-0.11,-0.16,0.03,-0.98
92.70,R_MiddleProximal,36.17,77.92,107.00,-0.09,-0.15,0.07,-0.98
92.70,R_ThumbProximal,30.23,77.11,104.88,0.01,0.04,-0.45,-0.89
92.70,R_RingProximal,37.87,77.35,105.68,-0.08,-0.15,0.12,-0.98
92.70,L_LittleProximal,-1.09,46.49,94.54,-0.70,-0.27,0.04,-0.67
92.70,MediumCube,0.00,78.17,145.00,0.00,0.00,0.00,1.00
92.71,Main Camera,-6.12,118.07,74.86,0.04,-0.01,0.02,1.00
92.71,R_Palm,35.14,77.92,103.87,-0.03,-0.14,0.06,-0.99
92.71,R_ThumbTip,29.11,77.00,110.98,0.05,0.14,-0.52,-0.84
92.71,R_IndexTip,36.98,75.60,115.93,-0.11,-0.20,0.07,-0.97
92.71,R_MiddleTip,39.21,76.23,116.57,-0.03,-0.17,0.11,-0.98
92.71,R_RingTip,40.42,75.70,114.79,-0.07,-0.12,0.16,-0.98
92.71,R_LittleTip,41.35,75.88,111.46,-0.02,-0.12,0.22,-0.97
92.71,R_ThumbDistal,29.92,77.04,108.47,0.05,0.14,-0.52,-0.84
92.71,R_IndexIntermediate,35.18,76.71,111.41,-0.12,-0.17,0.06,-0.98
92.71,R_MiddleIntermediate,37.46,76.98,111.30,-0.09,-0.15,0.08,-0.98
92.71,R_RingIntermediate,38.99,76.57,109.60,-0.08,-0.15,0.15,-0.97
92.71,R_LittleIntermediate,40.10,76.28,107.15,-0.04,-0.17,0.22,-0.96
92.71,R_IndexProximal,33.91,77.67,107.68,-0.11,-0.16,0.04,-0.98
92.71,R_MiddleProximal,36.18,77.94,106.99,-0.09,-0.15,0.07,-0.98
92.71,R_ThumbProximal,30.23,77.14,104.87,0.01,0.04,-0.45,-0.89
92.71,R_RingProximal,37.87,77.36,105.66,-0.08,-0.15,0.12,-0.98
92.71,L_LittleProximal,-1.12,46.41,94.54,-0.70,-0.27,0.04,-0.67
92.71,MediumCube,0.00,78.17,145.00,0.00,0.00,0.00,1.00
92.73,Main Camera,-6.28,118.02,75.10,0.04,-0.01,0.02,1.00
92.73,R_Palm,35.15,77.99,103.88,-0.03,-0.14,0.06,-0.99
92.73,R_ThumbTip,29.10,77.05,110.99,0.05,0.14,-0.52,-0.84
92.73,R_IndexTip,36.98,75.64,115.94,-0.11,-0.20,0.07,-0.97
92.73,R_MiddleTip,39.22,76.27,116.58,-0.03,-0.17,0.11,-0.98
92.73,R_RingTip,40.43,75.74,114.80,-0.07,-0.12,0.16,-0.98
92.73,R_LittleTip,41.40,75.91,111.46,-0.02,-0.13,0.22,-0.97
92.73,R_ThumbDistal,29.92,77.10,108.48,0.05,0.14,-0.52,-0.84
92.73,R_IndexIntermediate,35.19,76.77,111.42,-0.12,-0.17,0.06,-0.98
92.73,R_MiddleIntermediate,37.47,77.03,111.31,-0.09,-0.15,0.08,-0.98
92.73,R_RingIntermediate,39.01,76.62,109.62,-0.08,-0.15,0.15,-0.97
92.73,R_LittleIntermediate,40.13,76.33,107.15,-0.04,-0.17,0.22,-0.96
92.73,R_IndexProximal,33.92,77.73,107.69,-0.11,-0.16,0.04,-0.98
92.73,R_MiddleProximal,36.19,78.00,107.00,-0.10,-0.15,0.07,-0.98
92.73,R_ThumbProximal,30.23,77.20,104.88,0.01,0.05,-0.45,-0.89
92.73,R_RingProximal,37.89,77.42,105.68,-0.08,-0.15,0.12,-0.98
92.73,L_LittleProximal,-1.08,46.28,94.50,-0.70,-0.26,0.04,-0.67
92.73,MediumCube,0.00,78.17,145.00,0.00,0.00,0.00,1.00
92.74,Main Camera,-6.41,117.97,75.34,0.04,-0.01,0.02,1.00
92.74,R_Palm,35.17,78.07,103.90,-0.03,-0.14,0.06,-0.99
92.74,R_ThumbTip,29.10,77.12,111.00,0.05,0.14,-0.52,-0.84
92.74,R_IndexTip,36.99,75.70,115.96,-0.11,-0.20,0.07,-0.97
92.74,R_MiddleTip,39.23,76.34,116.59,-0.03,-0.17,0.11,-0.98
92.74,R_RingTip,40.45,75.80,114.81,-0.07,-0.12,0.16,-0.98
92.74,R_LittleTip,41.45,75.97,111.47,-0.02,-0.13,0.22,-0.97
92.74,R_ThumbDistal,29.92,77.17,108.49,0.05,0.14,-0.52,-0.84
92.74,R_IndexIntermediate,35.20,76.84,111.44,-0.12,-0.17,0.06,-0.98
92.74,R_MiddleIntermediate,37.49,77.11,111.32,-0.09,-0.15,0.09,-0.98
92.74,R_RingIntermediate,39.03,76.69,109.63,-0.08,-0.15,0.15,-0.97
92.74,R_LittleIntermediate,40.16,76.40,107.17,-0.04,-0.18,0.22,-0.96
92.74,R_IndexProximal,33.94,77.81,107.71,-0.12,-0.16,0.04,-0.98
92.74,R_MiddleProximal,36.21,78.07,107.02,-0.10,-0.15,0.07,-0.98
92.74,R_ThumbProximal,30.24,77.28,104.89,0.01,0.05,-0.45,-0.89
92.74,R_RingProximal,37.90,77.50,105.69,-0.08,-0.15,0.12,-0.98
92.74,L_LittleProximal,-1.05,46.14,94.45,-0.70,-0.26,0.04,-0.67
92.74,MediumCube,0.00,78.17,145.00,0.00,0.00,0.00,1.00
92.76,Main Camera,-6.58,117.91,75.59,0.04,-0.01,0.03,1.00
92.76,R_Palm,35.19,78.15,103.92,-0.03,-0.14,0.06,-0.99
92.76,R_ThumbTip,29.09,77.19,111.00,0.05,0.14,-0.52,-0.84
92.76,R_IndexTip,37.00,75.77,115.97,-0.11,-0.20,0.07,-0.97
92.76,R_MiddleTip,39.25,76.40,116.61,-0.03,-0.16,0.11,-0.98
92.76,R_RingTip,40.47,75.87,114.82,-0.07,-0.12,0.16,-0.98
92.76,R_LittleTip,41.50,76.02,111.47,-0.02,-0.13,0.22,-0.97
92.76,R_ThumbDistal,29.91,77.25,108.50,0.05,0.14,-0.52,-0.84
92.76,R_IndexIntermediate,35.22,76.92,111.45,-0.12,-0.17,0.06,-0.98
92.76,R_MiddleIntermediate,37.50,77.18,111.34,-0.09,-0.15,0.09,-0.98
92.76,R_RingIntermediate,39.04,76.77,109.65,-0.08,-0.15,0.15,-0.97
92.76,R_LittleIntermediate,40.19,76.47,107.18,-0.04,-0.18,0.22,-0.96
92.76,R_IndexProximal,33.96,77.89,107.72,-0.12,-0.16,0.04,-0.98
92.76,R_MiddleProximal,36.23,78.15,107.03,-0.10,-0.15,0.07,-0.98
92.76,R_ThumbProximal,30.25,77.36,104.91,0.01,0.05,-0.45,-0.89
92.76,R_RingProximal,37.92,77.58,105.71,-0.08,-0.15,0.12,-0.98
92.76,L_LittleProximal,-1.01,46.00,94.41,-0.70,-0.26,0.04,-0.67
92.76,MediumCube,0.00,78.17,145.00,0.00,0.00,0.00,1.00
92.77,Main Camera,-6.71,117.85,75.86,0.04,-0.02,0.03,1.00
92.77,R_Palm,35.24,78.17,103.95,-0.03,-0.14,0.06,-0.99
92.77,R_ThumbTip,29.09,77.23,111.02,0.05,0.14,-0.52,-0.84
92.77,R_IndexTip,37.04,75.76,116.00,-0.11,-0.20,0.07,-0.97
92.77,R_MiddleTip,39.30,76.40,116.63,-0.03,-0.16,0.11,-0.98
92.77,R_RingTip,40.53,75.86,114.85,-0.07,-0.12,0.16,-0.98
92.77,R_LittleTip,41.57,76.02,111.50,-0.03,-0.13,0.22,-0.97
92.77,R_ThumbDistal,29.93,77.28,108.52,0.05,0.14,-0.52,-0.84
92.77,R_IndexIntermediate,35.27,76.92,111.48,-0.12,-0.17,0.06,-0.98
92.77,R_MiddleIntermediate,37.55,77.19,111.37,-0.09,-0.15,0.09,-0.98
92.77,R_RingIntermediate,39.10,76.77,109.67,-0.08,-0.15,0.15,-0.97
92.77,R_LittleIntermediate,40.25,76.48,107.21,-0.04,-0.18,0.22,-0.96
92.77,R_IndexProximal,34.01,77.90,107.75,-0.12,-0.16,0.04,-0.98
92.77,R_MiddleProximal,36.28,78.17,107.07,-0.10,-0.15,0.07,-0.98
92.77,R_ThumbProximal,30.28,77.40,104.93,0.01,0.05,-0.45,-0.89
92.77,R_RingProximal,37.97,77.60,105.74,-0.08,-0.15,0.12,-0.98
92.77,L_LittleProximal,-1.01,46.00,94.45,-0.70,-0.26,0.04,-0.67
92.77,MediumCube,0.00,78.17,145.00,0.00,0.00,0.00,1.00
92.79,Main Camera,-6.87,117.79,76.12,0.04,-0.02,0.03,1.00
92.79,R_Palm,35.27,78.22,104.06,-0.03,-0.14,0.06,-0.99
92.79,R_ThumbTip,29.07,77.26,111.11,0.05,0.15,-0.51,-0.84
92.79,R_IndexTip,37.06,75.78,116.11,-0.11,-0.20,0.07,-0.97
92.79,R_MiddleTip,39.32,76.42,116.75,-0.04,-0.16,0.11,-0.98
92.79,R_RingTip,40.55,75.89,114.97,-0.07,-0.12,0.16,-0.98
92.79,R_LittleTip,41.60,76.05,111.61,-0.03,-0.13,0.22,-0.97
92.79,R_ThumbDistal,29.92,77.32,108.62,0.05,0.15,-0.51,-0.84
92.79,R_IndexIntermediate,35.29,76.96,111.60,-0.12,-0.17,0.06,-0.98
92.79,R_MiddleIntermediate,37.58,77.23,111.48,-0.10,-0.15,0.08,-0.98
92.79,R_RingIntermediate,39.13,76.82,109.79,-0.09,-0.15,0.15,-0.97
92.79,R_LittleIntermediate,40.28,76.53,107.32,-0.04,-0.18,0.22,-0.96
92.79,R_IndexProximal,34.04,77.94,107.87,-0.12,-0.16,0.04,-0.98
92.79,R_MiddleProximal,36.31,78.22,107.18,-0.10,-0.15,0.07,-0.98
92.79,R_ThumbProximal,30.29,77.45,105.03,0.01,0.05,-0.45,-0.89
92.79,R_RingProximal,38.01,77.65,105.86,-0.08,-0.15,0.12,-0.98
92.79,L_LittleProximal,-1.02,45.84,94.53,-0.70,-0.26,0.03,-0.67
92.79,MediumCube,0.00,78.17,145.00,0.00,0.00,0.00,1.00
92.81,Main Camera,-7.13,117.66,76.65,0.04,-0.02,0.04,1.00
92.81,R_Palm,35.44,78.37,104.36,-0.04,-0.14,0.05,-0.99
92.81,R_ThumbTip,29.05,77.22,111.30,0.04,0.16,-0.52,-0.84
92.81,R_IndexTip,37.15,75.67,116.36,-0.13,-0.20,0.06,-0.97
92.81,R_MiddleTip,39.40,76.37,117.05,-0.05,-0.16,0.10,-0.98
92.81,R_RingTip,40.67,75.94,115.28,-0.08,-0.12,0.15,-0.98
92.81,R_LittleTip,41.79,76.20,111.94,-0.04,-0.13,0.21,-0.97
92.81,R_ThumbDistal,29.91,77.36,108.81,0.04,0.16,-0.52,-0.84
92.81,R_IndexIntermediate,35.42,76.98,111.87,-0.14,-0.17,0.05,-0.97
92.81,R_MiddleIntermediate,37.70,77.29,111.79,-0.11,-0.15,0.07,-0.98
92.81,R_RingIntermediate,39.28,76.94,110.11,-0.09,-0.15,0.14,-0.97
92.81,R_LittleIntermediate,40.48,76.72,107.65,-0.05,-0.18,0.21,-0.96
92.81,R_IndexProximal,34.19,78.02,108.15,-0.13,-0.16,0.03,-0.98
92.81,R_MiddleProximal,36.46,78.35,107.49,-0.11,-0.14,0.06,-0.98
92.81,R_ThumbProximal,30.39,77.55,105.23,0.01,0.07,-0.45,-0.89
92.81,R_RingProximal,38.18,77.83,106.18,-0.09,-0.14,0.11,-0.98
92.81,L_LittleProximal,-0.74,45.19,94.54,-0.69,-0.25,0.03,-0.67
92.81,MediumCube,0.00,78.17,145.00,0.00,0.00,0.00,1.00
92.83,Main Camera,-7.25,117.59,76.91,0.04,-0.02,0.04,1.00
92.83,R_Palm,35.47,78.45,104.46,-0.04,-0.14,0.04,-0.99
92.83,R_ThumbTip,29.00,77.26,111.35,0.03,0.16,-0.51,-0.84
92.83,R_IndexTip,37.13,75.60,116.43,-0.14,-0.19,0.06,-0.97
92.83,R_MiddleTip,39.38,76.32,117.14,-0.06,-0.16,0.10,-0.98
92.83,R_RingTip,40.69,75.96,115.38,-0.09,-0.12,0.14,-0.98
92.83,R_LittleTip,41.82,76.24,112.06,-0.04,-0.13,0.21,-0.97
92.83,R_ThumbDistal,29.85,77.43,108.86,0.03,0.16,-0.51,-0.84
92.83,R_IndexIntermediate,35.42,77.01,111.96,-0.15,-0.17,0.05,-0.97
92.83,R_MiddleIntermediate,37.71,77.33,111.89,-0.12,-0.15,0.07,-0.98
92.83,R_RingIntermediate,39.30,77.00,110.22,-0.10,-0.15,0.14,-0.97
92.83,R_LittleIntermediate,40.53,76.81,107.77,-0.05,-0.18,0.21,-0.96
92.83,R_IndexProximal,34.20,78.08,108.24,-0.13,-0.16,0.02,-0.98
92.83,R_MiddleProximal,36.48,78.42,107.60,-0.11,-0.14,0.06,-0.98
92.83,R_ThumbProximal,30.37,77.62,105.29,0.01,0.08,-0.45,-0.89
92.83,R_RingProximal,38.21,77.92,106.30,-0.10,-0.14,0.10,-0.98
92.83,L_LittleProximal,-0.51,44.88,94.75,-0.69,-0.25,0.04,-0.67
92.83,MediumCube,0.00,78.17,145.00,0.00,0.00,0.00,1.00
92.84,Main Camera,-7.35,117.55,77.19,0.05,-0.02,0.04,1.00
92.84,R_Palm,35.49,78.52,104.54,-0.04,-0.14,0.04,-0.99
92.84,R_ThumbTip,28.96,77.29,111.39,0.03,0.16,-0.51,-0.84
92.84,R_IndexTip,37.12,75.53,116.49,-0.15,-0.19,0.06,-0.97
92.84,R_MiddleTip,39.36,76.27,117.22,-0.07,-0.16,0.10,-0.98
92.84,R_RingTip,40.71,75.98,115.46,-0.09,-0.12,0.14,-0.98
92.84,R_LittleTip,41.85,76.28,112.15,-0.05,-0.13,0.20,-0.97
92.84,R_ThumbDistal,29.79,77.48,108.90,0.03,0.16,-0.51,-0.84
92.84,R_IndexIntermediate,35.42,77.03,112.04,-0.16,-0.16,0.05,-0.97
92.84,R_MiddleIntermediate,37.71,77.37,111.97,-0.12,-0.15,0.07,-0.98
92.84,R_RingIntermediate,39.32,77.06,110.31,-0.10,-0.15,0.13,-0.97
92.84,R_LittleIntermediate,40.56,76.89,107.87,-0.06,-0.18,0.20,-0.96
92.84,R_IndexProximal,34.21,78.13,108.32,-0.14,-0.16,0.02,-0.98
92.84,R_MiddleProximal,36.49,78.49,107.69,-0.12,-0.14,0.06,-0.98
92.84,R_ThumbProximal,30.36,77.69,105.34,0.01,0.08,-0.45,-0.89
92.84,R_RingProximal,38.23,78.00,106.39,-0.10,-0.14,0.10,-0.98
92.84,L_LittleProximal,-0.32,44.61,94.91,-0.69,-0.25,0.04,-0.67
92.84,MediumCube,0.00,78.17,145.00,0.00,0.00,0.00,1.00
92.85,Main Camera,-7.45,117.49,77.46,0.05,-0.02,0.05,1.00
92.85,R_Palm,35.51,78.58,104.62,-0.04,-0.13,0.04,-0.99
92.85,R_ThumbTip,28.91,77.32,111.43,0.02,0.16,-0.51,-0.84
92.85,R_IndexTip,37.10,75.47,116.53,-0.16,-0.19,0.06,-0.97
92.85,R_MiddleTip,39.36,76.22,117.27,-0.08,-0.16,0.10,-0.98
92.85,R_RingTip,40.73,75.99,115.53,-0.10,-0.12,0.14,-0.98
92.85,R_LittleTip,41.87,76.30,112.24,-0.05,-0.13,0.20,-0.97
92.85,R_ThumbDistal,29.74,77.53,108.94,0.02,0.16,-0.51,-0.84
92.85,R_IndexIntermediate,35.43,77.05,112.10,-0.17,-0.16,0.05,-0.97
92.85,R_MiddleIntermediate,37.72,77.40,112.04,-0.13,-0.15,0.07,-0.98
92.85,R_RingIntermediate,39.35,77.11,110.39,-0.11,-0.15,0.13,-0.97
92.85,R_LittleIntermediate,40.59,76.97,107.96,-0.06,-0.18,0.20,-0.96
92.85,R_IndexProximal,34.22,78.19,108.40,-0.14,-0.15,0.02,-0.98
92.85,R_MiddleProximal,36.50,78.56,107.77,-0.12,-0.14,0.05,-0.98
92.85,R_ThumbProximal,30.34,77.74,105.38,0.01,0.09,-0.45,-0.89
92.85,R_RingProximal,38.24,78.07,106.48,-0.10,-0.14,0.10,-0.98
92.85,L_LittleProximal,-0.16,44.37,95.04,-0.69,-0.25,0.04,-0.67
92.85,MediumCube,0.00,78.17,145.00,0.00,0.00,0.00,1.00
92.87,Main Camera,-7.55,117.42,77.73,0.05,-0.02,0.05,1.00
92.87,R_Palm,35.61,78.64,104.75,-0.04,-0.13,0.03,-0.99
92.87,R_ThumbTip,29.03,77.24,111.53,0.01,0.16,-0.52,-0.84
92.87,R_IndexTip,37.16,75.36,116.61,-0.18,-0.19,0.06,-0.96
92.87,R_MiddleTip,39.46,76.12,117.36,-0.09,-0.16,0.10,-0.98
92.87,R_RingTip,40.89,75.98,115.64,-0.10,-0.13,0.14,-0.98
92.87,R_LittleTip,42.03,76.29,112.36,-0.06,-0.14,0.20,-0.97
92.87,R_ThumbDistal,29.84,77.50,109.03,0.01,0.16,-0.52,-0.84
92.87,R_IndexIntermediate,35.51,77.07,112.22,-0.18,-0.16,0.04,-0.97
92.87,R_MiddleIntermediate,37.82,77.43,112.16,-0.14,-0.15,0.07,-0.98
92.87,R_RingIntermediate,39.47,77.16,110.52,-0.11,-0.15,0.13,-0.97
92.87,R_LittleIntermediate,40.74,77.03,108.10,-0.07,-0.18,0.20,-0.96
92.87,R_IndexProximal,34.31,78.24,108.52,-0.15,-0.15,0.01,-0.98
92.87,R_MiddleProximal,36.59,78.63,107.91,-0.13,-0.14,0.05,-0.98
92.87,R_ThumbProximal,30.44,77.76,105.48,0.01,0.09,-0.45,-0.89
92.87,R_RingProximal,38.35,78.15,106.62,-0.11,-0.15,0.09,-0.98
92.87,L_LittleProximal,-0.08,44.40,95.13,-0.69,-0.25,0.04,-0.67
92.87,MediumCube,0.00,78.17,145.00,0.00,0.00,0.00,1.00
92.88,Main Camera,-7.63,117.35,78.00,0.05,-0.02,0.05,1.00
92.88,R_Palm,35.72,78.71,104.88,-0.04,-0.13,0.03,-0.99
92.88,R_ThumbTip,29.15,77.18,111.62,0.01,0.16,-0.52,-0.84
92.88,R_IndexTip,37.22,75.29,116.69,-0.19,-0.19,0.05,-0.96
92.88,R_MiddleTip,39.57,76.04,117.45,-0.10,-0.16,0.09,-0.98
92.88,R_RingTip,41.03,75.97,115.75,-0.11,-0.13,0.13,-0.98
92.88,R_LittleTip,42.18,76.29,112.49,-0.07,-0.14,0.20,-0.97
92.88,R_ThumbDistal,29.94,77.48,109.13,0.01,0.16,-0.52,-0.84
92.88,R_IndexIntermediate,35.59,77.09,112.33,-0.19,-0.16,0.04,-0.97
92.88,R_MiddleIntermediate,37.93,77.47,112.29,-0.15,-0.15,0.06,-0.97
92.88,R_RingIntermediate,39.60,77.22,110.65,-0.12,-0.16,0.13,-0.97
92.88,R_LittleIntermediate,40.87,77.10,108.25,-0.08,-0.19,0.20,-0.96
92.88,R_IndexProximal,34.40,78.30,108.65,-0.15,-0.15,0.01,-0.98
92.88,R_MiddleProximal,36.68,78.70,108.04,-0.13,-0.14,0.05,-0.98
92.88,R_ThumbProximal,30.53,77.78,105.57,0.00,0.09,-0.45,-0.89
92.88,R_RingProximal,38.45,78.24,106.77,-0.11,-0.15,0.09,-0.98
92.88,L_LittleProximal,0.01,44.40,95.19,-0.69,-0.26,0.04,-0.67
92.88,MediumCube,0.00,78.17,145.00,0.00,0.00,0.00,1.00
92.90,Main Camera,-7.69,117.28,78.25,0.05,-0.02,0.05,1.00
92.90,R_Palm,35.89,78.87,105.06,-0.04,-0.13,0.02,-0.99
92.90,R_ThumbTip,29.26,77.15,111.73,0.00,0.17,-0.53,-0.83
92.90,R_IndexTip,37.34,75.39,116.86,-0.19,-0.19,0.05,-0.96
92.90,R_MiddleTip,39.75,76.08,117.60,-0.11,-0.16,0.09,-0.98
92.90,R_RingTip,41.26,75.98,115.89,-0.12,-0.13,0.13,-0.97
92.90,R_LittleTip,42.45,76.27,112.63,-0.09,-0.15,0.20,-0.97
92.90,R_ThumbDistal,30.07,77.50,109.25,0.00,0.17,-0.53,-0.83
92.90,R_IndexIntermediate,35.72,77.22,112.51,-0.19,-0.16,0.04,-0.97
92.90,R_MiddleIntermediate,38.09,77.60,112.47,-0.16,-0.15,0.06,-0.97
92.90,R_RingIntermediate,39.80,77.37,110.83,-0.13,-0.16,0.12,-0.97
92.90,R_LittleIntermediate,41.10,77.23,108.43,-0.10,-0.19,0.19,-0.96
92.90,R_IndexProximal,34.55,78.44,108.82,-0.15,-0.15,0.00,-0.98
92.90,R_MiddleProximal,36.83,78.86,108.23,-0.13,-0.15,0.04,-0.98
92.90,R_ThumbProximal,30.69,77.85,105.71,0.00,0.10,-0.46,-0.88
92.90,R_RingProximal,38.61,78.42,106.97,-0.12,-0.16,0.09,-0.98
92.90,L_LittleProximal,0.02,44.64,95.24,-0.69,-0.26,0.04,-0.67
92.90,MediumCube,0.00,78.17,145.00,0.00,0.00,0.00,1.00
92.91,Main Camera,-7.76,117.22,78.52,0.05,-0.02,0.05,1.00
92.91,R_Palm,36.04,79.02,105.23,-0.04,-0.12,0.02,-0.99
92.91,R_ThumbTip,29.37,77.10,111.83,0.00,0.18,-0.53,-0.83
92.91,R_IndexTip,37.44,75.47,117.02,-0.20,-0.18,0.04,-0.96
92.91,R_MiddleTip,39.90,76.10,117.74,-0.12,-0.16,0.08,-0.98
92.91,R_RingTip,41.45,75.99,116.02,-0.14,-0.14,0.13,-0.97
92.91,R_LittleTip,42.65,76.28,112.78,-0.10,-0.15,0.19,-0.96
92.91,R_ThumbDistal,30.19,77.50,109.36,0.00,0.18,-0.53,-0.83
92.91,R_IndexIntermediate,35.84,77.33,112.67,-0.20,-0.16,0.03,-0.97
92.91,R_MiddleIntermediate,38.23,77.72,112.63,-0.17,-0.15,0.05,-0.97
92.91,R_RingIntermediate,39.97,77.50,111.00,-0.14,-0.16,0.12,-0.97
92.91,R_LittleIntermediate,41.29,77.37,108.62,-0.11,-0.20,0.19,-0.95
92.91,R_IndexProximal,34.68,78.55,108.98,-0.15,-0.15,0.00,-0.98
92.91,R_MiddleProximal,36.96,79.01,108.41,-0.14,-0.15,0.04,-0.98
92.91,R_ThumbProximal,30.83,77.92,105.82,-0.01,0.11,-0.47,-0.88
92.91,R_RingProximal,38.75,78.60,107.16,-0.12,-0.16,0.08,-0.98
92.91,L_LittleProximal,0.05,44.91,95.31,-0.69,-0.26,0.04,-0.67
92.91,MediumCube,0.00,78.17,145.00,0.00,0.00,0.00,1.00
92.92,Main Camera,-7.80,117.16,78.78,0.05,-0.02,0.05,1.00
92.92,R_Palm,36.17,79.15,105.38,-0.04,-0.12,0.01,-0.99
92.92,R_ThumbTip,29.46,77.05,111.90,-0.01,0.18,-0.54,-0.82
92.92,R_IndexTip,37.51,75.51,117.14,-0.20,-0.18,0.04,-0.96
92.92,R_MiddleTip,40.02,76.09,117.84,-0.13,-0.16,0.08,-0.97
92.92,R_RingTip,41.60,75.99,116.13,-0.15,-0.14,0.12,-0.97
92.92,R_LittleTip,42.82,76.30,112.90,-0.11,-0.16,0.19,-0.96
92.92,R_ThumbDistal,30.29,77.49,109.44,-0.01,0.18,-0.54,-0.82
92.92,R_IndexIntermediate,35.93,77.41,112.81,-0.20,-0.15,0.02,-0.97
92.92,R_MiddleIntermediate,38.35,77.81,112.77,-0.18,-0.15,0.05,-0.97
92.92,R_RingIntermediate,40.11,77.62,111.15,-0.15,-0.17,0.11,-0.97
92.92,R_LittleIntermediate,41.44,77.50,108.78,-0.12,-0.20,0.19,-0.95
92.92,R_IndexProximal,34.78,78.65,109.12,-0.16,-0.14,-0.01,-0.98
92.92,R_MiddleProximal,37.06,79.14,108.57,-0.14,-0.15,0.03,-0.98
92.92,R_ThumbProximal,30.95,77.97,105.92,-0.01,0.11,-0.47,-0.87
92.92,R_RingProximal,38.87,78.75,107.33,-0.13,-0.16,0.07,-0.98
92.92,L_LittleProximal,0.09,45.14,95.38,-0.70,-0.26,0.04,-0.67
92.92,MediumCube,0.00,78.17,145.00,0.00,0.00,0.00,1.00
92.94,Main Camera,-7.84,117.09,79.03,0.05,-0.02,0.05,1.00
92.94,R_Palm,36.38,79.45,105.69,-0.04,-0.12,0.01,-0.99
92.94,R_ThumbTip,29.62,77.20,112.15,-0.02,0.19,-0.54,-0.82
92.94,R_IndexTip,37.67,75.76,117.43,-0.21,-0.18,0.04,-0.96
92.94,R_MiddleTip,40.27,76.29,118.10,-0.14,-0.17,0.08,-0.97
92.94,R_RingTip,41.88,76.13,116.37,-0.17,-0.14,0.13,-0.97
92.94,R_LittleTip,43.14,76.38,113.12,-0.13,-0.17,0.20,-0.96
92.94,R_ThumbDistal,30.46,77.69,109.71,-0.02,0.19,-0.54,-0.82
92.94,R_IndexIntermediate,36.11,77.73,113.12,-0.21,-0.15,0.03,-0.97
92.94,R_MiddleIntermediate,38.58,78.12,113.07,-0.19,-0.16,0.05,-0.97
92.94,R_RingIntermediate,40.36,77.92,111.45,-0.16,-0.17,0.12,-0.96
92.94,R_LittleIntermediate,41.72,77.75,109.06,-0.14,-0.21,0.19,-0.95
92.94,R_IndexProximal,34.98,78.96,109.42,-0.16,-0.14,-0.01,-0.98
92.94,R_MiddleProximal,37.26,79.45,108.88,-0.14,-0.15,0.03,-0.98
92.94,R_ThumbProximal,31.13,78.22,106.19,-0.02,0.12,-0.47,-0.87
92.94,R_RingProximal,39.07,79.05,107.65,-0.13,-0.17,0.08,-0.97
92.94,L_LittleProximal,0.12,45.12,95.36,-0.69,-0.26,0.04,-0.67
92.94,MediumCube,0.00,78.17,145.00,0.00,0.00,0.00,1.00
92.95,Main Camera,-7.88,117.01,79.29,0.06,-0.02,0.05,1.00
92.95,R_Palm,36.58,79.94,106.19,-0.04,-0.12,0.01,-0.99
92.95,R_ThumbTip,29.71,77.31,112.53,-0.03,0.20,-0.54,-0.81
92.95,R_IndexTip,37.85,76.23,117.92,-0.22,-0.18,0.04,-0.96
92.95,R_MiddleTip,40.52,76.71,118.55,-0.15,-0.17,0.08,-0.97
92.95,R_RingTip,42.15,76.50,116.80,-0.18,-0.15,0.13,-0.96
92.95,R_LittleTip,43.46,76.71,113.53,-0.14,-0.18,0.20,-0.95
92.95,R_ThumbDistal,30.58,77.91,110.12,-0.03,0.20,-0.54,-0.81
92.95,R_IndexIntermediate,36.30,78.24,113.62,-0.21,-0.15,0.03,-0.97
92.95,R_MiddleIntermediate,38.81,78.62,113.56,-0.20,-0.16,0.05,-0.97
92.95,R_RingIntermediate,40.61,78.40,111.93,-0.17,-0.18,0.12,-0.96
92.95,R_LittleIntermediate,41.99,78.20,109.54,-0.15,-0.22,0.20,-0.94
92.95,R_IndexProximal,35.18,79.47,109.91,-0.16,-0.14,-0.01,-0.98
92.95,R_MiddleProximal,37.46,79.94,109.37,-0.14,-0.16,0.03,-0.98
92.95,R_ThumbProximal,31.29,78.59,106.64,-0.03,0.13,-0.48,-0.87
92.95,R_RingProximal,39.27,79.54,108.15,-0.13,-0.17,0.08,-0.97
92.95,L_LittleProximal,0.17,44.98,95.40,-0.69,-0.26,0.05,-0.67
92.95,MediumCube,0.00,78.17,145.00,0.00,0.00,0.00,1.00
92.96,Main Camera,-7.92,116.95,79.54,0.06,-0.02,0.05,1.00
92.96,R_Palm,36.28,80.85,106.81,-0.02,-0.12,0.04,-0.99
92.96,R_ThumbTip,29.11,77.69,112.95,-0.04,0.23,-0.55,-0.80
92.96,R_IndexTip,37.38,77.57,118.68,-0.20,-0.17,0.06,-0.96
92.96,R_MiddleTip,40.15,77.94,119.26,-0.14,-0.17,0.11,-0.97
92.96,R_RingTip,41.75,77.58,117.53,-0.17,-0.14,0.16,-0.96
92.96,R_LittleTip,43.04,77.51,114.24,-0.13,-0.17,0.23,-0.95
92.96,R_ThumbDistal,30.04,78.44,110.60,-0.04,0.23,-0.55,-0.80
92.96,R_IndexIntermediate,35.93,79.49,114.30,-0.20,-0.14,0.05,-0.97
92.96,R_MiddleIntermediate,38.48,79.75,114.22,-0.18,-0.16,0.08,-0.97
92.96,R_RingIntermediate,40.27,79.39,112.60,-0.16,-0.17,0.14,-0.96
92.96,R_LittleIntermediate,41.62,78.99,110.22,-0.15,-0.22,0.22,-0.94
92.96,R_IndexProximal,34.86,80.60,110.55,-0.14,-0.14,0.02,-0.98
92.96,R_MiddleProximal,37.15,80.96,109.99,-0.12,-0.16,0.06,-0.98
92.96,R_ThumbProximal,30.85,79.34,107.20,-0.05,0.16,-0.49,-0.86
92.96,R_RingProximal,38.95,80.43,108.79,-0.11,-0.17,0.10,-0.97
92.96,L_LittleProximal,0.35,44.95,95.33,-0.69,-0.26,0.05,-0.67
92.96,MediumCube,0.00,78.17,145.00,0.00,0.00,0.00,1.00
92.98,Main Camera,-7.95,116.89,79.82,0.06,-0.02,0.05,1.00
92.98,R_Palm,36.08,81.62,107.31,0.00,-0.11,0.06,-0.99
92.98,R_ThumbTip,28.79,78.43,113.43,-0.04,0.24,-0.55,-0.80
92.98,R_IndexTip,37.04,78.76,119.29,-0.19,-0.17,0.09,-0.96
92.98,R_MiddleTip,39.89,79.00,119.83,-0.13,-0.17,0.14,-0.97
92.98,R_RingTip,41.47,78.49,118.11,-0.16,-0.14,0.18,-0.96
92.98,R_LittleTip,42.72,78.18,114.83,-0.13,-0.17,0.25,-0.94
92.98,R_ThumbDistal,29.74,79.20,111.09,-0.04,0.24,-0.55,-0.80
92.98,R_IndexIntermediate,35.67,80.59,114.85,-0.18,-0.14,0.08,-0.97
92.98,R_MiddleIntermediate,38.27,80.73,114.75,-0.17,-0.15,0.10,-0.97
92.98,R_RingIntermediate,40.03,80.22,113.15,-0.15,-0.17,0.17,-0.96
92.98,R_LittleIntermediate,41.36,79.63,110.78,-0.14,-0.22,0.25,-0.93
92.98,R_IndexProximal,34.65,81.59,111.05,-0.12,-0.13,0.04,-0.98
92.98,R_MiddleProximal,36.96,81.82,110.48,-0.11,-0.16,0.08,-0.98
92.98,R_ThumbProximal,30.58,80.12,107.70,-0.05,0.17,-0.49,-0.86
92.98,R_RingProximal,38.72,81.17,109.30,-0.09,-0.17,0.13,-0.97
92.98,L_LittleProximal,0.54,44.91,95.28,-0.69,-0.26,0.05,-0.67
92.98,MediumCube,0.00,78.17,145.00,0.00,0.00,0.00,1.00
92.99,Main Camera,-7.97,116.83,80.09,0.06,-0.02,0.05,1.00
92.99,R_Palm,35.34,82.68,107.97,0.03,-0.11,0.08,-0.99
92.99,R_ThumbTip,27.98,79.60,114.17,-0.04,0.24,-0.55,-0.80
92.99,R_IndexTip,36.20,80.42,120.06,-0.18,-0.16,0.11,-0.96
92.99,R_MiddleTip,39.08,80.53,120.58,-0.11,-0.16,0.16,-0.97
92.99,R_RingTip,40.59,79.79,118.88,-0.14,-0.13,0.21,-0.96
92.99,R_LittleTip,41.84,79.31,115.64,-0.11,-0.16,0.28,-0.94
92.99,R_ThumbDistal,28.94,80.34,111.83,-0.04,0.24,-0.55,-0.80
92.99,R_IndexIntermediate,34.92,82.13,115.56,-0.17,-0.13,0.10,-0.97
92.99,R_MiddleIntermediate,37.52,82.11,115.43,-0.15,-0.15,0.13,-0.97
92.99,R_RingIntermediate,39.25,81.41,113.86,-0.13,-0.16,0.20,-0.96
92.99,R_LittleIntermediate,40.54,80.65,111.53,-0.13,-0.21,0.28,-0.93
92.99,R_IndexProximal,33.92,82.94,111.71,-0.09,-0.13,0.07,-0.98
92.99,R_MiddleProximal,36.23,83.05,111.12,-0.09,-0.15,0.11,-0.98
92.99,R_ThumbProximal,29.78,81.22,108.42,-0.05,0.16,-0.49,-0.86
92.99,R_RingProximal,37.97,82.25,109.98,-0.08,-0.17,0.15,-0.97
92.99,L_LittleProximal,0.61,44.86,95.35,-0.69,-0.26,0.05,-0.67
92.99,MediumCube,0.00,78.17,145.00,0.00,0.00,0.00,1.00
93.01,Main Camera,-8.00,116.76,80.37,0.06,-0.01,0.05,1.00
93.01,R_Palm,34.81,83.53,108.50,0.05,-0.11,0.10,-0.99
93.01,R_ThumbTip,27.41,80.49,114.75,-0.04,0.23,-0.55,-0.80
93.01,R_IndexTip,35.61,81.71,120.66,-0.17,-0.15,0.13,-0.96
93.01,R_MiddleTip,38.50,81.67,121.16,-0.10,-0.16,0.18,-0.97
93.01,R_RingTip,39.96,80.78,119.49,-0.14,-0.13,0.23,-0.96
93.01,R_LittleTip,41.21,80.18,116.28,-0.10,-0.16,0.30,-0.94
93.01,R_ThumbDistal,28.37,81.22,112.41,-0.04,0.23,-0.55,-0.80
93.01,R_IndexIntermediate,34.38,83.34,116.10,-0.15,-0.13,0.12,-0.97
93.01,R_MiddleIntermediate,36.99,83.17,115.96,-0.14,-0.15,0.15,-0.97
93.01,R_RingIntermediate,38.68,82.34,114.42,-0.12,-0.16,0.22,-0.96
93.01,R_LittleIntermediate,39.95,81.46,112.14,-0.12,-0.20,0.30,-0.93
93.01,R_IndexProximal,33.40,84.01,112.22,-0.07,-0.13,0.08,-0.99
93.01,R_MiddleProximal,35.72,84.01,111.63,-0.07,-0.15,0.13,-0.98
93.01,R_ThumbProximal,29.21,82.08,109.00,-0.05,0.16,-0.49,-0.86
93.01,R_RingProximal,37.42,83.11,110.52,-0.07,-0.17,0.17,-0.97
93.01,L_LittleProximal,0.67,44.81,95.41,-0.69,-0.26,0.05,-0.68
93.01,MediumCube,0.00,78.17,145.00,0.00,0.00,0.00,1.00
93.02,Main Camera,-8.02,116.68,80.64,0.07,-0.01,0.05,1.00
93.02,R_Palm,34.40,84.25,108.96,0.06,-0.11,0.11,-0.99
93.02,R_ThumbTip,26.98,81.18,115.24,-0.04,0.23,-0.55,-0.80
93.02,R_IndexTip,35.15,82.77,121.15,-0.16,-0.15,0.15,-0.96
93.02,R_MiddleTip,38.06,82.59,121.63,-0.10,-0.16,0.20,-0.96
93.02,R_RingTip,39.48,81.59,119.99,-0.13,-0.12,0.25,-0.95
93.02,R_LittleTip,40.74,80.89,116.81,-0.09,-0.15,0.32,-0.93
93.02,R_ThumbDistal,27.93,81.91,112.90,-0.04,0.23,-0.55,-0.80
93.02,R_IndexIntermediate,33.98,84.34,116.56,-0.15,-0.12,0.14,-0.97
93.02,R_MiddleIntermediate,36.59,84.05,116.41,-0.13,-0.14,0.17,-0.97
93.02,R_RingIntermediate,38.25,83.12,114.90,-0.12,-0.16,0.23,-0.95
93.02,R_LittleIntermediate,39.50,82.13,112.65,-0.11,-0.20,0.31,-0.92
93.02,R_IndexProximal,33.01,84.89,112.66,-0.06,-0.13,0.10,-0.99
93.02,R_MiddleProximal,35.32,84.82,112.07,-0.06,-0.15,0.14,-0.98
93.02,R_ThumbProximal,28.77,82.78,109.49,-0.05,0.16,-0.49,-0.85
93.02,R_RingProximal,37.00,83.84,110.99,-0.06,-0.17,0.19,-0.97
93.02,L_LittleProximal,0.74,44.76,95.48,-0.69,-0.26,0.05,-0.68
93.02,MediumCube,0.00,78.17,145.00,0.00,0.00,0.00,1.00
93.03,Main Camera,-8.05,116.60,80.91,0.07,-0.01,0.05,1.00
93.03,R_Palm,33.36,84.91,109.77,0.08,-0.11,0.12,-0.98
93.03,R_ThumbTip,26.00,81.77,116.06,-0.04,0.23,-0.56,-0.79
93.03,R_IndexTip,33.88,83.54,121.95,-0.17,-0.14,0.15,-0.96
93.03,R_MiddleTip,36.77,83.34,122.47,-0.10,-0.15,0.21,-0.96
93.03,R_RingTip,38.25,82.41,120.89,-0.14,-0.11,0.25,-0.95
93.03,R_LittleTip,39.57,81.63,117.76,-0.09,-0.14,0.33,-0.93
93.03,R_ThumbDistal,26.93,82.50,113.71,-0.04,0.23,-0.56,-0.79
93.03,R_IndexIntermediate,32.83,85.17,117.34,-0.15,-0.11,0.14,-0.97
93.03,R_MiddleIntermediate,35.43,84.85,117.23,-0.14,-0.13,0.17,-0.97
93.03,R_RingIntermediate,37.14,83.93,115.77,-0.11,-0.15,0.24,-0.95
93.03,R_LittleIntermediate,38.41,82.85,113.57,-0.11,-0.19,0.32,-0.92
93.03,R_IndexProximal,31.92,85.69,113.42,-0.05,-0.12,0.10,-0.99
93.03,R_MiddleProximal,34.24,85.59,112.86,-0.06,-0.14,0.15,-0.98
93.03,R_ThumbProximal,27.75,83.35,110.29,-0.04,0.16,-0.50,-0.85
93.03,R_RingProximal,35.93,84.57,111.83,-0.05,-0.16,0.19,-0.97
93.03,L_LittleProximal,0.93,44.66,95.69,-0.69,-0.26,0.05,-0.68
93.03,MediumCube,0.00,78.17,145.00,0.00,0.00,0.00,1.00
93.05,Main Camera,-8.08,116.51,81.19,0.07,-0.01,0.05,1.00
93.05,R_Palm,32.55,85.53,110.44,0.09,-0.10,0.12,-0.98
93.05,R_ThumbTip,25.23,82.28,116.73,-0.04,0.23,-0.57,-0.79
93.05,R_IndexTip,32.89,84.28,122.60,-0.17,-0.13,0.16,-0.96
93.05,R_MiddleTip,35.78,84.08,123.16,-0.11,-0.14,0.21,-0.96
93.05,R_RingTip,37.30,83.16,121.63,-0.14,-0.10,0.26,-0.95
93.05,R_LittleTip,38.66,82.30,118.54,-0.09,-0.14,0.34,-0.93
93.05,R_ThumbDistal,26.15,83.02,114.38,-0.04,0.23,-0.57,-0.79
93.05,R_IndexIntermediate,31.94,85.95,117.99,-0.15,-0.11,0.15,-0.97
93.05,R_MiddleIntermediate,34.55,85.61,117.90,-0.14,-0.13,0.18,-0.97
93.05,R_RingIntermediate,36.28,84.66,116.49,-0.11,-0.14,0.25,-0.95
93.05,R_LittleIntermediate,37.56,83.49,114.33,-0.11,-0.18,0.33,-0.92
93.05,R_IndexProximal,31.09,86.43,114.05,-0.05,-0.11,0.11,-0.99
93.05,R_MiddleProximal,33.41,86.30,113.51,-0.06,-0.14,0.16,-0.98
93.05,R_ThumbProximal,26.96,83.88,110.96,-0.04,0.16,-0.51,-0.84
93.05,R_RingProximal,35.10,85.23,112.53,-0.04,-0.15,0.20,-0.97
93.05,L_LittleProximal,1.13,44.55,95.88,-0.69,-0.26,0.05,-0.67
93.05,MediumCube,0.00,78.17,145.00,0.00,0.00,0.00,1.00
93.07,Main Camera,-8.13,116.42,81.47,0.07,-0.01,0.05,1.00
93.07,R_Palm,31.54,86.09,111.48,0.10,-0.09,0.12,-0.98
93.07,R_ThumbTip,24.36,82.57,117.74,-0.04,0.23,-0.58,-0.78
93.07,R_IndexTip,31.59,84.51,123.55,-0.21,-0.12,0.15,-0.96
93.07,R_MiddleTip,34.51,84.35,124.16,-0.14,-0.13,0.21,-0.96
93.07,R_RingTip,36.07,83.64,122.70,-0.16,-0.09,0.26,-0.95
93.07,R_LittleTip,37.51,82.86,119.67,-0.11,-0.13,0.33,-0.93
93.07,R_ThumbDistal,25.25,83.36,115.39,-0.04,0.23,-0.58,-0.78
93.07,R_IndexIntermediate,30.78,86.41,119.01,-0.18,-0.10,0.14,-0.97
93.07,R_MiddleIntermediate,33.43,86.19,118.96,-0.16,-0.12,0.18,-0.96
93.07,R_RingIntermediate,35.20,85.31,117.58,-0.13,-0.13,0.24,-0.95
93.07,R_LittleIntermediate,36.53,84.14,115.45,-0.12,-0.18,0.33,-0.92
93.07,R_IndexProximal,30.00,87.01,115.07,-0.06,-0.10,0.10,-0.99
93.07,R_MiddleProximal,32.34,86.90,114.56,-0.06,-0.13,0.15,-0.98
93.07,R_ThumbProximal,26.01,84.27,111.97,-0.05,0.16,-0.53,-0.83
93.07,R_RingProximal,34.06,85.86,113.61,-0.04,-0.15,0.20,-0.97
93.07,L_LittleProximal,1.54,44.50,96.03,-0.70,-0.26,0.05,-0.67
93.07,MediumCube,0.00,78.17,145.00,0.00,0.00,0.00,1.00
93.09,Main Camera,-8.23,116.25,82.04,0.07,-0.01,0.05,1.00
93.09,R_Palm,29.95,87.18,113.13,0.11,-0.08,0.11,-0.98
93.09,R_ThumbTip,22.99,83.12,119.28,-0.06,0.24,-0.61,-0.76
93.09,R_IndexTip,29.57,85.34,125.05,-0.24,-0.10,0.15,-0.95
93.09,R_MiddleTip,32.52,85.22,125.73,-0.19,-0.11,0.21,-0.95
93.09,R_RingTip,34.15,84.74,124.40,-0.19,-0.08,0.26,-0.94
93.09,R_LittleTip,35.68,83.98,121.48,-0.13,-0.11,0.33,-0.93
93.09,R_ThumbDistal,23.83,84.01,116.94,-0.06,0.24,-0.61,-0.76
93.09,R_IndexIntermediate,28.94,87.51,120.60,-0.20,-0.08,0.13,-0.97
93.09,R_MiddleIntermediate,31.66,87.38,120.62,-0.19,-0.11,0.17,-0.96
93.09,R_RingIntermediate,33.49,86.58,119.32,-0.14,-0.12,0.24,-0.95
93.09,R_LittleIntermediate,34.88,85.37,117.26,-0.13,-0.16,0.33,-0.92
93.09,R_IndexProximal,28.29,88.17,116.64,-0.07,-0.09,0.10,-0.99
93.09,R_MiddleProximal,30.64,88.09,116.20,-0.06,-0.12,0.15,-0.98
93.09,R_ThumbProximal,24.53,85.03,113.55,-0.06,0.16,-0.55,-0.82
93.09,R_RingProximal,32.40,87.06,115.32,-0.03,-0.14,0.19,-0.97
93.09,L_LittleProximal,2.18,44.41,96.19,-0.71,-0.27,0.06,-0.65
93.09,MediumCube,0.00,78.17,145.00,0.00,0.00,0.00,1.00
93.10,Main Camera,-8.29,116.15,82.32,0.07,-0.01,0.05,1.00
93.10,R_Palm,28.98,87.40,114.21,0.10,-0.05,0.10,-0.99
93.10,R_ThumbTip,21.85,83.08,119.95,-0.05,0.26,-0.62,-0.74
93.10,R_IndexTip,28.01,85.37,126.03,-0.26,-0.08,0.13,-0.95
93.10,R_MiddleTip,30.90,85.06,126.76,-0.23,-0.09,0.20,-0.95
93.10,R_RingTip,32.56,84.71,125.57,-0.23,-0.05,0.25,-0.94
93.10,R_LittleTip,34.28,84.13,122.78,-0.16,-0.09,0.32,-0.93
93.10,R_ThumbDistal,22.78,84.02,117.67,-0.05,0.26,-0.62,-0.74
93.10,R_IndexIntermediate,27.58,87.64,121.61,-0.22,-0.06,0.12,-0.97
93.10,R_MiddleIntermediate,30.34,87.57,121.76,-0.22,-0.08,0.16,-0.96
93.10,R_RingIntermediate,32.23,86.83,120.56,-0.17,-0.09,0.23,-0.95
93.10,R_LittleIntermediate,33.75,85.67,118.57,-0.15,-0.14,0.31,-0.93
93.10,R_IndexProximal,27.12,88.32,117.64,-0.08,-0.06,0.08,-0.99
93.10,R_MiddleProximal,29.49,88.31,117.31,-0.07,-0.10,0.13,-0.98
93.10,R_ThumbProximal,23.60,85.11,114.32,-0.06,0.18,-0.56,-0.80
93.10,R_RingProximal,31.32,87.32,116.52,-0.04,-0.12,0.18,-0.98
93.10,L_LittleProximal,2.24,44.56,96.25,-0.71,-0.28,0.07,-0.65
93.10,MediumCube,0.00,78.17,145.00,0.00,0.00,0.00,1.00
93.12,Main Camera,-8.35,116.05,82.61,0.07,-0.01,0.05,1.00
93.12,R_Palm,28.09,87.69,115.13,0.10,-0.03,0.09,-0.99
93.12,R_ThumbTip,20.83,83.13,120.51,-0.04,0.27,-0.63,-0.73
93.12,R_IndexTip,26.61,85.52,126.85,-0.27,-0.06,0.11,-0.95
93.12,R_MiddleTip,29.48,85.13,127.64,-0.26,-0.07,0.19,-0.94
93.12,R_RingTip,31.17,84.85,126.55,-0.26,-0.03,0.24,-0.94
93.12,R_LittleTip,33.03,84.38,123.89,-0.19,-0.06,0.31,-0.93
93.12,R_ThumbDistal,21.83,84.12,118.29,-0.04,0.27,-0.63,-0.73
93.12,R_IndexIntermediate,26.36,87.89,122.46,-0.23,-0.04,0.10,-0.97
93.12,R_MiddleIntermediate,29.14,87.85,122.73,-0.24,-0.07,0.15,-0.96
93.12,R_RingIntermediate,31.09,87.16,121.62,-0.19,-0.07,0.22,-0.95
93.12,R_LittleIntermediate,32.71,86.03,119.70,-0.17,-0.12,0.30,-0.93
93.12,R_IndexProximal,26.06,88.57,118.47,-0.08,-0.04,0.07,-0.99
93.12,R_MiddleProximal,28.44,88.60,118.26,-0.07,-0.09,0.12,-0.99
93.12,R_ThumbProximal,22.77,85.26,114.99,-0.05,0.20,-0.58,-0.79
93.12,R_RingProximal,30.32,87.65,117.55,-0.04,-0.10,0.17,-0.98
93.12,L_LittleProximal,2.32,44.67,96.30,-0.71,-0.28,0.08,-0.64
93.12,MediumCube,0.00,78.17,145.00,0.00,0.00,0.00,1.00
93.13,Main Camera,-8.41,115.96,82.89,0.08,-0.01,0.05,1.00
93.13,R_Palm,27.12,88.06,115.97,0.10,-0.01,0.09,-0.99
93.13,R_ThumbTip,19.72,83.43,121.12,-0.04,0.29,-0.63,-0.72
93.13,R_IndexTip,25.32,85.88,127.62,-0.28,-0.05,0.11,-0.95
93.13,R_MiddleTip,28.15,85.40,128.44,-0.28,-0.06,0.19,-0.94
93.13,R_RingTip,29.84,85.14,127.41,-0.28,-0.01,0.23,-0.93
93.13,R_LittleTip,31.79,84.76,124.84,-0.20,-0.05,0.31,-0.93
93.13,R_ThumbDistal,20.79,84.44,118.93,-0.04,0.29,-0.63,-0.72
93.13,R_IndexIntermediate,25.18,88.26,123.24,-0.23,-0.02,0.10,-0.97
93.13,R_MiddleIntermediate,27.96,88.23,123.59,-0.25,-0.05,0.14,-0.96
93.13,R_RingIntermediate,29.94,87.57,122.54,-0.20,-0.06,0.21,-0.95
93.13,R_LittleIntermediate,31.62,86.45,120.66,-0.18,-0.11,0.30,-0.93
93.13,R_IndexProximal,24.98,88.94,119.24,-0.08,-0.03,0.07,-0.99
93.13,R_MiddleProximal,27.37,88.98,119.10,-0.07,-0.07,0.12,-0.99
93.13,R_ThumbProximal,21.80,85.59,115.66,-0.05,0.21,-0.58,-0.79
93.13,R_RingProximal,29.28,88.03,118.44,-0.04,-0.09,0.16,-0.98
93.13,L_LittleProximal,2.39,44.69,96.31,-0.71,-0.28,0.08,-0.64
93.13,MediumCube,0.00,78.17,145.00,0.00,0.00,0.00,1.00
93.15,Main Camera,-8.49,115.87,83.19,0.08,-0.01,0.05,1.00
93.15,R_Palm,26.33,88.18,117.08,0.10,-0.01,0.09,-0.99
93.15,R_ThumbTip,18.95,83.43,122.19,-0.04,0.29,-0.63,-0.72
93.15,R_IndexTip,24.53,85.99,128.73,-0.28,-0.05,0.11,-0.95
93.15,R_MiddleTip,27.36,85.49,129.53,-0.29,-0.06,0.19,-0.94
93.15,R_RingTip,29.06,85.29,128.51,-0.28,-0.01,0.23,-0.93
93.15,R_LittleTip,31.05,84.93,125.96,-0.20,-0.05,0.31,-0.93
93.15,R_ThumbDistal,20.02,84.46,120.02,-0.04,0.29,-0.63,-0.72
93.15,R_IndexIntermediate,24.38,88.37,124.35,-0.23,-0.02,0.09,-0.97
93.15,R_MiddleIntermediate,27.17,88.36,124.71,-0.25,-0.05,0.14,-0.96
93.15,R_RingIntermediate,29.17,87.75,123.66,-0.21,-0.06,0.21,-0.95
93.15,R_LittleIntermediate,30.87,86.63,121.78,-0.18,-0.11,0.30,-0.93
93.15,R_IndexProximal,24.19,89.05,120.36,-0.08,-0.03,0.07,-0.99
93.15,R_MiddleProximal,26.58,89.10,120.21,-0.07,-0.07,0.12,-0.99
93.15,R_ThumbProximal,21.03,85.66,116.76,-0.05,0.22,-0.58,-0.78
93.15,R_RingProximal,28.49,88.17,119.57,-0.04,-0.09,0.16,-0.98
93.15,L_LittleProximal,2.43,44.68,96.32,-0.71,-0.29,0.07,-0.64
93.15,MediumCube,0.00,78.17,145.00,0.00,0.00,0.00,1.00
93.16,Main Camera,-8.58,115.79,83.49,0.08,-0.01,0.05,1.00
93.16,R_Palm,25.30,88.54,117.94,0.10,-0.01,0.08,-0.99
93.16,R_ThumbTip,17.98,83.57,122.97,-0.04,0.30,-0.64,-0.71
93.16,R_IndexTip,23.47,86.28,129.57,-0.28,-0.05,0.10,-0.95
93.16,R_MiddleTip,26.31,85.84,130.38,-0.29,-0.06,0.18,-0.94
93.16,R_RingTip,28.04,85.69,129.37,-0.29,-0.01,0.22,-0.93
93.16,R_LittleTip,30.07,85.41,126.83,-0.20,-0.05,0.30,-0.93
93.16,R_ThumbDistal,19.04,84.64,120.81,-0.04,0.30,-0.64,-0.71
93.16,R_IndexIntermediate,23.31,88.68,125.19,-0.23,-0.02,0.09,-0.97
93.16,R_MiddleIntermediate,26.10,88.72,125.56,-0.25,-0.05,0.13,-0.96
93.16,R_RingIntermediate,28.14,88.17,124.52,-0.21,-0.06,0.20,-0.96
93.16,R_LittleIntermediate,29.87,87.09,122.65,-0.17,-0.11,0.29,-0.93
93.16,R_IndexProximal,23.13,89.36,121.20,-0.08,-0.03,0.06,-0.99
93.16,R_MiddleProximal,25.51,89.45,121.07,-0.07,-0.07,0.11,-0.99
93.16,R_ThumbProximal,20.05,85.89,117.57,-0.05,0.22,-0.59,-0.77
93.16,R_RingProximal,27.44,88.55,120.43,-0.03,-0.09,0.15,-0.98
93.16,L_LittleProximal,2.36,44.64,96.37,-0.71,-0.28,0.07,-0.64
93.16,MediumCube,0.00,78.17,145.00,0.00,0.00,0.00,1.00
93.18,Main Camera,-8.67,115.70,83.78,0.08,-0.01,0.05,1.00
93.18,R_Palm,24.36,88.89,118.75,0.10,0.00,0.08,-0.99
93.18,R_ThumbTip,17.12,83.68,123.70,-0.05,0.30,-0.65,-0.70
93.18,R_IndexTip,22.49,86.58,130.36,-0.28,-0.05,0.09,-0.95
93.18,R_MiddleTip,25.33,86.19,131.20,-0.29,-0.06,0.17,-0.94
93.18,R_RingTip,27.08,86.09,130.18,-0.29,-0.01,0.22,-0.93
93.18,R_LittleTip,29.16,85.86,127.68,-0.20,-0.05,0.30,-0.93
93.18,R_ThumbDistal,18.18,84.80,121.56,-0.05,0.30,-0.65,-0.70
93.18,R_IndexIntermediate,22.32,89.00,126.00,-0.23,-0.02,0.08,-0.97
93.18,R_MiddleIntermediate,25.11,89.09,126.38,-0.25,-0.05,0.13,-0.96
93.18,R_RingIntermediate,27.18,88.60,125.36,-0.21,-0.06,0.20,-0.96
93.18,R_LittleIntermediate,28.95,87.55,123.49,-0.17,-0.11,0.28,-0.94
93.18,R_IndexProximal,22.15,89.68,122.00,-0.08,-0.03,0.05,-1.00
93.18,R_MiddleProximal,24.54,89.81,121.89,-0.07,-0.07,0.10,-0.99
93.18,R_ThumbProximal,19.17,86.11,118.34,-0.06,0.23,-0.60,-0.76
93.18,R_RingProximal,26.48,88.93,121.26,-0.03,-0.09,0.15,-0.98
93.18,L_LittleProximal,2.27,44.60,96.44,-0.71,-0.28,0.07,-0.64
93.18,MediumCube,0.00,78.17,145.00,0.00,0.00,0.00,1.00
93.19,Main Camera,-8.76,115.62,84.08,0.08,-0.01,0.05,1.00
93.19,R_Palm,23.48,89.25,119.55,0.10,0.00,0.07,-0.99
93.19,R_ThumbTip,16.34,83.77,124.40,-0.05,0.31,-0.66,-0.69
93.19,R_IndexTip,21.54,86.89,131.13,-0.29,-0.05,0.08,-0.95
93.19,R_MiddleTip,24.38,86.53,131.98,-0.30,-0.06,0.17,-0.94
93.19,R_RingTip,26.15,86.48,130.98,-0.30,-0.01,0.21,-0.93
93.19,R_LittleTip,28.29,86.32,128.50,-0.21,-0.05,0.29,-0.93
93.19,R_ThumbDistal,17.38,84.95,122.28,-0.05,0.31,-0.66,-0.69
93.19,R_IndexIntermediate,21.38,89.32,126.77,-0.24,-0.02,0.07,-0.97
93.19,R_MiddleIntermediate,24.17,89.46,127.19,-0.26,-0.05,0.12,-0.96
93.19,R_RingIntermediate,26.27,89.04,126.18,-0.21,-0.06,0.19,-0.96
93.19,R_LittleIntermediate,28.08,88.01,124.32,-0.17,-0.11,0.28,-0.94
93.19,R_IndexProximal,21.23,90.00,122.78,-0.08,-0.02,0.04,-1.00
93.19,R_MiddleProximal,23.61,90.17,122.68,-0.07,-0.07,0.09,-0.99
93.19,R_ThumbProximal,18.36,86.32,119.09,-0.06,0.23,-0.61,-0.75
93.19,R_RingProximal,25.58,89.33,122.07,-0.02,-0.09,0.14,-0.99
93.19,L_LittleProximal,2.19,44.55,96.52,-0.71,-0.28,0.06,-0.64
93.19,MediumCube,0.00,78.17,145.00,0.00,0.00,0.00,1.00
93.20,Main Camera,-8.87,115.54,84.39,0.08,0.00,0.05,1.00
93.20,R_Palm,22.08,89.89,120.13,0.09,0.01,0.06,-0.99
93.20,R_ThumbTip,14.95,84.20,124.77,-0.05,0.32,-0.66,-0.68
93.20,R_IndexTip,20.00,87.30,131.62,-0.30,-0.04,0.07,-0.95
93.20,R_MiddleTip,22.84,87.01,132.53,-0.31,-0.05,0.16,-0.94
93.20,R_RingTip,24.65,87.06,131.57,-0.31,-0.01,0.20,-0.93
93.20,R_LittleTip,26.83,86.85,129.08,-0.23,-0.04,0.28,-0.93
93.20,R_ThumbDistal,16.02,85.43,122.70,-0.05,0.32,-0.66,-0.68
93.20,R_IndexIntermediate,19.87,89.82,127.32,-0.25,-0.02,0.06,-0.97
93.20,R_MiddleIntermediate,22.66,90.02,127.79,-0.26,-0.05,0.11,-0.96
93.20,R_RingIntermediate,24.79,89.67,126.80,-0.22,-0.05,0.18,-0.96
93.20,R_LittleIntermediate,26.66,88.66,124.95,-0.18,-0.11,0.27,-0.94
93.20,R_IndexProximal,19.77,90.57,123.33,-0.09,-0.02,0.03,-1.00
93.20,R_MiddleProximal,22.15,90.77,123.28,-0.08,-0.06,0.09,-0.99
93.20,R_ThumbProximal,17.02,86.88,119.54,-0.07,0.24,-0.62,-0.75
93.20,R_RingProximal,24.14,89.96,122.69,-0.02,-0.08,0.13,-0.99
93.20,L_LittleProximal,2.23,44.57,96.56,-0.71,-0.28,0.06,-0.64
93.20,MediumCube,0.00,78.17,145.00,0.00,0.00,0.00,1.00
93.21,Main Camera,-8.97,115.46,84.70,0.08,0.00,0.05,1.00
93.21,R_Palm,20.36,90.62,120.76,0.08,0.02,0.06,-0.99
93.21,R_ThumbTip,13.20,84.77,125.15,-0.05,0.34,-0.66,-0.67
93.21,R_IndexTip,18.10,87.77,132.14,-0.31,-0.03,0.07,-0.95
93.21,R_MiddleTip,20.94,87.54,133.11,-0.32,-0.05,0.15,-0.94
93.21,R_RingTip,22.81,87.74,132.22,-0.31,0.00,0.19,-0.93
93.21,R_LittleTip,25.06,87.51,129.71,-0.24,-0.04,0.28,-0.93
93.21,R_ThumbDistal,14.31,86.05,123.13,-0.05,0.34,-0.66,-0.67
93.21,R_IndexIntermediate,18.03,90.40,127.90,-0.26,-0.01,0.06,-0.96
93.21,R_MiddleIntermediate,20.81,90.63,128.42,-0.27,-0.04,0.10,-0.96
93.21,R_RingIntermediate,22.98,90.37,127.47,-0.22,-0.05,0.17,-0.96
93.21,R_LittleIntermediate,24.92,89.39,125.61,-0.19,-0.11,0.26,-0.94
93.21,R_IndexProximal,17.99,91.22,123.93,-0.10,-0.01,0.03,-0.99
93.21,R_MiddleProximal,20.37,91.44,123.92,-0.08,-0.06,0.08,-0.99
93.21,R_ThumbProximal,15.35,87.57,120.02,-0.07,0.25,-0.62,-0.74
93.21,R_RingProximal,22.37,90.66,123.35,-0.03,-0.08,0.12,-0.99
93.21,L_LittleProximal,2.32,44.61,96.59,-0.71,-0.29,0.07,-0.64
93.21,MediumCube,0.00,78.17,145.00,0.00,0.00,0.00,1.00
93.23,Main Camera,-9.09,115.38,85.01,0.08,0.00,0.05,1.00
93.23,R_Palm,19.08,91.14,121.32,0.07,0.02,0.06,-1.00
93.23,R_ThumbTip,11.96,85.14,125.57,-0.06,0.35,-0.66,-0.67
93.23,R_IndexTip,16.72,88.14,132.64,-0.32,-0.03,0.06,-0.95
93.23,R_MiddleTip,19.55,87.89,133.63,-0.32,-0.05,0.15,-0.93
93.23,R_RingTip,21.46,88.20,132.79,-0.31,0.00,0.19,-0.93
93.23,R_LittleTip,23.75,88.00,130.26,-0.25,-0.04,0.28,-0.93
93.23,R_ThumbDistal,13.08,86.46,123.59,-0.06,0.35,-0.66,-0.67
93.23,R_IndexIntermediate,16.68,90.83,128.44,-0.27,0.00,0.05,-0.96
93.23,R_MiddleIntermediate,19.45,91.05,128.98,-0.28,-0.04,0.10,-0.95
93.23,R_RingIntermediate,21.64,90.85,128.05,-0.22,-0.05,0.17,-0.96
93.23,R_LittleIntermediate,23.64,89.94,126.19,-0.20,-0.11,0.26,-0.94
93.23,R_IndexProximal,16.67,91.68,124.47,-0.11,0.00,0.03,-0.99
93.23,R_MiddleProximal,19.05,91.91,124.49,-0.09,-0.05,0.08,-0.99
93.23,R_ThumbProximal,14.12,88.05,120.51,-0.08,0.26,-0.62,-0.74
93.23,R_RingProximal,21.06,91.15,123.93,-0.03,-0.07,0.12,-0.99
93.23,L_LittleProximal,2.45,44.69,96.74,-0.70,-0.29,0.07,-0.64
93.23,MediumCube,0.00,78.17,145.00,0.00,0.00,0.00,1.00
93.24,Main Camera,-9.20,115.29,85.32,0.08,0.00,0.05,0.99
93.24,R_Palm,17.90,91.63,121.92,0.07,0.03,0.06,-1.00
93.24,R_ThumbTip,10.82,85.49,126.05,-0.06,0.35,-0.66,-0.66
93.24,R_IndexTip,15.44,88.51,133.19,-0.32,-0.03,0.06,-0.94
93.24,R_MiddleTip,18.26,88.24,134.19,-0.33,-0.04,0.14,-0.93
93.24,R_RingTip,20.19,88.63,133.39,-0.32,0.00,0.19,-0.93
93.24,R_LittleTip,22.53,88.45,130.85,-0.26,-0.04,0.27,-0.93
93.24,R_ThumbDistal,11.96,86.85,124.10,-0.06,0.35,-0.66,-0.66
93.24,R_IndexIntermediate,15.42,91.24,129.02,-0.27,0.00,0.05,-0.96
93.24,R_MiddleIntermediate,18.19,91.46,129.59,-0.29,-0.04,0.09,-0.95
93.24,R_RingIntermediate,20.40,91.32,128.67,-0.23,-0.04,0.17,-0.96
93.24,R_LittleIntermediate,22.45,90.45,126.81,-0.20,-0.10,0.26,-0.94
93.24,R_IndexProximal,15.45,92.12,125.05,-0.11,0.00,0.02,-0.99
93.24,R_MiddleProximal,17.83,92.36,125.10,-0.10,-0.05,0.07,-0.99
93.24,R_ThumbProximal,12.98,88.49,121.04,-0.08,0.27,-0.62,-0.73
93.24,R_RingProximal,19.85,91.62,124.54,-0.03,-0.07,0.12,-0.99
93.24,L_LittleProximal,2.57,44.77,96.88,-0.70,-0.30,0.08,-0.65
93.24,MediumCube,0.00,78.17,145.00,0.00,0.00,0.00,1.00
93.26,Main Camera,-9.33,115.20,85.63,0.08,0.00,0.06,0.99
93.26,R_Palm,16.77,92.10,122.54,0.06,0.03,0.05,-1.00
93.26,R_ThumbTip,9.74,85.84,126.55,-0.06,0.36,-0.66,-0.66
93.26,R_IndexTip,14.21,88.88,133.76,-0.33,-0.02,0.05,-0.94
93.26,R_MiddleTip,17.02,88.58,134.77,-0.34,-0.04,0.14,-0.93
93.26,R_RingTip,18.98,89.04,134.00,-0.32,0.00,0.18,-0.93
93.26,R_LittleTip,21.37,88.88,131.47,-0.27,-0.04,0.27,-0.92
93.26,R_ThumbDistal,10.89,87.23,124.63,-0.06,0.36,-0.66,-0.66
93.26,R_IndexIntermediate,14.22,91.65,129.61,-0.27,0.00,0.04,-0.96
93.26,R_MiddleIntermediate,16.99,91.86,130.21,-0.29,-0.03,0.09,-0.95
93.26,R_RingIntermediate,19.22,91.78,129.31,-0.23,-0.04,0.16,-0.96
93.26,R_LittleIntermediate,21.31,90.94,127.46,-0.21,-0.10,0.26,-0.94
93.26,R_IndexProximal,14.29,92.55,125.66,-0.11,0.01,0.02,-0.99
93.26,R_MiddleProximal,16.66,92.80,125.73,-0.10,-0.04,0.07,-0.99
93.26,R_ThumbProximal,11.91,88.91,121.60,-0.09,0.27,-0.63,-0.73
93.26,R_RingProximal,18.69,92.07,125.19,-0.03,-0.07,0.11,-0.99
93.26,L_LittleProximal,2.68,44.85,97.00,-0.69,-0.31,0.08,-0.65
93.26,MediumCube,0.00,78.17,145.00,0.00,0.00,0.00,1.00
93.27,Main Camera,-9.46,115.11,85.95,0.09,0.00,0.06,0.99
93.27,R_Palm,16.45,91.73,123.88,0.06,0.04,0.06,-1.00
93.27,R_ThumbTip,9.57,85.37,127.91,-0.06,0.36,-0.66,-0.65
93.27,R_IndexTip,13.79,88.53,135.07,-0.33,-0.02,0.05,-0.94
93.27,R_MiddleTip,16.58,88.15,136.05,-0.35,-0.03,0.14,-0.93
93.27,R_RingTip,18.52,88.56,135.27,-0.34,0.01,0.19,-0.92
93.27,R_LittleTip,20.97,88.37,132.75,-0.29,-0.03,0.28,-0.92
93.27,R_ThumbDistal,10.69,86.78,125.99,-0.06,0.36,-0.66,-0.65
93.27,R_IndexIntermediate,13.85,91.31,130.93,-0.28,0.01,0.05,-0.96
93.27,R_MiddleIntermediate,16.61,91.50,131.54,-0.30,-0.03,0.09,-0.95
93.27,R_RingIntermediate,18.85,91.41,130.66,-0.24,-0.03,0.17,-0.96
93.27,R_LittleIntermediate,20.98,90.55,128.81,-0.22,-0.10,0.26,-0.93
93.27,R_IndexProximal,13.94,92.20,126.97,-0.11,0.01,0.02,-0.99
93.27,R_MiddleProximal,16.32,92.45,127.06,-0.10,-0.04,0.07,-0.99
93.27,R_ThumbProximal,11.66,88.49,122.95,-0.09,0.27,-0.63,-0.72
93.27,R_RingProximal,18.35,91.71,126.53,-0.03,-0.06,0.12,-0.99
93.27,L_LittleProximal,2.78,44.91,97.07,-0.69,-0.31,0.09,-0.65
93.27,MediumCube,0.00,78.17,145.00,0.00,0.00,0.00,1.00
93.28,Main Camera,-9.61,115.00,86.27,0.09,0.00,0.06,0.99
93.28,R_Palm,16.02,91.36,125.27,0.07,0.05,0.06,-0.99
93.28,R_ThumbTip,9.15,84.98,129.24,-0.06,0.36,-0.67,-0.65
93.28,R_IndexTip,13.00,88.30,136.41,-0.33,0.00,0.05,-0.94
93.28,R_MiddleTip,15.77,87.85,137.42,-0.35,-0.02,0.14,-0.92
93.28,R_RingTip,17.71,88.18,136.65,-0.35,0.03,0.18,-0.92
93.28,R_LittleTip,20.28,87.98,134.24,-0.30,-0.02,0.28,-0.91
93.28,R_ThumbDistal,10.30,86.38,127.33,-0.06,0.36,-0.67,-0.65
93.28,R_IndexIntermediate,13.21,91.04,132.24,-0.27,0.02,0.05,-0.96
93.28,R_MiddleIntermediate,15.96,91.22,132.93,-0.30,-0.01,0.09,-0.95
93.28,R_RingIntermediate,18.24,91.09,132.11,-0.25,-0.02,0.17,-0.95
93.28,R_LittleIntermediate,20.43,90.19,130.32,-0.23,-0.09,0.26,-0.93
93.28,R_IndexProximal,13.43,91.88,128.28,-0.11,0.02,0.02,-0.99
93.28,R_MiddleProximal,15.80,92.11,128.43,-0.10,-0.03,0.08,-0.99
93.28,R_ThumbProximal,11.31,88.06,124.29,-0.09,0.27,-0.64,-0.72
93.28,R_RingProximal,17.84,91.35,127.96,-0.02,-0.05,0.12,-0.99
93.28,L_LittleProximal,2.91,44.91,96.88,-0.69,-0.30,0.09,-0.65
93.28,MediumCube,0.00,78.17,145.00,0.00,0.00,0.00,1.00
93.30,Main Camera,-9.76,114.90,86.58,0.09,0.00,0.06,0.99
93.30,R_Palm,15.43,90.98,126.44,0.07,0.06,0.07,-0.99
93.30,R_ThumbTip,8.44,84.67,130.28,-0.04,0.37,-0.67,-0.64
93.30,R_IndexTip,11.98,88.00,137.46,-0.33,0.02,0.05,-0.94
93.30,R_MiddleTip,14.71,87.51,138.52,-0.37,0.00,0.14,-0.92
93.30,R_RingTip,16.66,87.76,137.80,-0.37,0.05,0.19,-0.91
93.30,R_LittleTip,19.29,87.47,135.51,-0.31,0.00,0.28,-0.91
93.30,R_ThumbDistal,9.66,86.04,128.40,-0.04,0.37,-0.67,-0.64
93.30,R_IndexIntermediate,12.37,90.75,133.31,-0.27,0.04,0.05,-0.96
93.30,R_MiddleIntermediate,15.12,90.93,134.09,-0.30,0.01,0.09,-0.95
93.30,R_RingIntermediate,17.42,90.75,133.34,-0.26,0.00,0.17,-0.95
93.30,R_LittleIntermediate,19.64,89.75,131.64,-0.24,-0.07,0.27,-0.93
93.30,R_IndexProximal,12.74,91.58,129.36,-0.10,0.04,0.03,-0.99
93.30,R_MiddleProximal,15.11,91.77,129.58,-0.09,-0.01,0.08,-0.99
93.30,R_ThumbProximal,10.75,87.69,125.37,-0.07,0.28,-0.64,-0.72
93.30,R_RingProximal,17.16,90.99,129.18,-0.02,-0.03,0.13,-0.99
93.30,L_LittleProximal,2.91,44.87,96.67,-0.69,-0.30,0.09,-0.65
93.30,MediumCube,0.00,78.17,145.00,0.00,0.00,0.00,1.00
93.31,Main Camera,-9.92,114.80,86.90,0.09,-0.01,0.06,0.99
93.31,R_Palm,14.74,90.79,127.51,0.07,0.08,0.07,-0.99
93.31,R_ThumbTip,7.66,84.52,131.23,-0.03,0.38,-0.67,-0.64
93.31,R_IndexTip,10.89,87.84,138.38,-0.33,0.03,0.05,-0.94
93.31,R_MiddleTip,13.60,87.36,139.52,-0.38,0.02,0.14,-0.92
93.31,R_RingTip,15.55,87.51,138.83,-0.39,0.07,0.18,-0.90
93.31,R_LittleTip,18.25,87.17,136.65,-0.33,0.02,0.29,-0.90
93.31,R_ThumbDistal,8.93,85.88,129.37,-0.03,0.38,-0.67,-0.64
93.31,R_IndexIntermediate,11.45,90.61,134.27,-0.28,0.06,0.04,-0.96
93.31,R_MiddleIntermediate,14.20,90.82,135.14,-0.31,0.02,0.09,-0.95
93.31,R_RingIntermediate,16.52,90.58,134.46,-0.27,0.02,0.17,-0.95
93.31,R_LittleIntermediate,18.78,89.51,132.84,-0.25,-0.06,0.27,-0.93
93.31,R_IndexProximal,11.98,91.44,130.34,-0.10,0.06,0.03,-0.99
93.31,R_MiddleProximal,14.34,91.62,130.62,-0.09,0.01,0.08,-0.99
93.31,R_ThumbProximal,10.10,87.50,126.35,-0.06,0.28,-0.64,-0.71
93.31,R_RingProximal,16.39,90.80,130.30,-0.02,-0.02,0.13,-0.99
93.31,L_LittleProximal,2.92,44.83,96.50,-0.69,-0.30,0.09,-0.65
93.31,MediumCube,0.00,78.17,145.00,0.00,0.00,0.00,1.00
93.33,Main Camera,-10.07,114.71,87.22,0.09,-0.01,0.06,0.99
93.33,R_Palm,14.23,90.57,128.61,0.07,0.08,0.08,-0.99
93.33,R_ThumbTip,7.10,84.31,132.28,-0.02,0.38,-0.67,-0.64
93.33,R_IndexTip,10.24,87.49,139.38,-0.34,0.04,0.05,-0.94
93.33,R_MiddleTip,12.94,87.10,140.57,-0.38,0.02,0.14,-0.91
93.33,R_RingTip,14.88,87.15,139.86,-0.40,0.07,0.19,-0.90
93.33,R_LittleTip,17.52,86.72,137.70,-0.34,0.02,0.29,-0.89
93.33,R_ThumbDistal,8.40,85.67,130.43,-0.02,0.38,-0.67,-0.64
93.33,R_IndexIntermediate,10.86,90.34,135.33,-0.29,0.07,0.04,-0.96
93.33,R_MiddleIntermediate,13.62,90.60,136.24,-0.31,0.03,0.09,-0.94
93.33,R_RingIntermediate,15.93,90.30,135.58,-0.28,0.02,0.17,-0.95
93.33,R_LittleIntermediate,18.17,89.17,133.98,-0.27,-0.05,0.27,-0.92
93.33,R_IndexProximal,11.44,91.24,131.41,-0.11,0.07,0.03,-0.99
93.33,R_MiddleProximal,13.81,91.41,131.72,-0.09,0.01,0.09,-0.99
93.33,R_ThumbProximal,9.61,87.29,127.43,-0.06,0.29,-0.64,-0.71
93.33,R_RingProximal,15.85,90.58,131.42,-0.03,-0.01,0.13,-0.99
93.33,L_LittleProximal,2.89,44.89,96.46,-0.69,-0.30,0.08,-0.65
93.33,MediumCube,0.00,78.17,145.00,0.00,0.00,0.00,1.00
93.34,Main Camera,-10.23,114.61,87.55,0.09,-0.01,0.06,0.99
93.34,R_Palm,13.66,90.45,129.66,0.07,0.09,0.08,-0.99
93.34,R_ThumbTip,6.49,84.18,133.27,-0.02,0.39,-0.67,-0.64
93.34,R_IndexTip,9.52,87.26,140.32,-0.35,0.05,0.05,-0.93
93.34,R_MiddleTip,12.22,86.93,141.56,-0.39,0.03,0.14,-0.91
93.34,R_RingTip,14.14,86.89,140.83,-0.41,0.08,0.19,-0.89
93.34,R_LittleTip,16.77,86.43,138.71,-0.36,0.03,0.29,-0.89
93.34,R_ThumbDistal,7.82,85.53,131.44,-0.02,0.39,-0.67,-0.64
93.34,R_IndexIntermediate,10.21,90.18,136.33,-0.29,0.07,0.04,-0.95
93.34,R_MiddleIntermediate,12.97,90.49,137.28,-0.32,0.04,0.09,-0.94
93.34,R_RingIntermediate,15.28,90.13,136.64,-0.29,0.03,0.17,-0.94
93.34,R_LittleIntermediate,17.51,88.96,135.06,-0.28,-0.04,0.27,-0.92
93.34,R_IndexProximal,10.84,91.13,132.43,-0.12,0.08,0.03,-0.99
93.34,R_MiddleProximal,13.21,91.29,132.76,-0.09,0.02,0.09,-0.99
93.34,R_ThumbProximal,9.06,87.15,128.46,-0.05,0.29,-0.64,-0.71
93.34,R_RingProximal,15.25,90.45,132.48,-0.04,-0.01,0.14,-0.99
93.34,L_LittleProximal,2.87,44.93,96.42,-0.69,-0.30,0.08,-0.65
93.34,MediumCube,0.00,78.17,145.00,0.00,0.00,0.00,1.00
93.36,Main Camera,-10.41,114.51,87.87,0.09,-0.01,0.06,0.99
93.36,R_Palm,13.04,90.38,130.67,0.07,0.09,0.08,-0.99
93.36,R_ThumbTip,5.84,84.10,134.23,-0.02,0.39,-0.67,-0.63
93.36,R_IndexTip,8.75,87.11,141.22,-0.36,0.05,0.05,-0.93
93.36,R_MiddleTip,11.45,86.83,142.51,-0.40,0.04,0.14,-0.90
93.36,R_RingTip,13.36,86.70,141.76,-0.42,0.09,0.19,-0.88
93.36,R_LittleTip,15.98,86.24,139.69,-0.37,0.04,0.29,-0.88
93.36,R_ThumbDistal,7.20,85.45,132.42,-0.02,0.39,-0.67,-0.63
93.36,R_IndexIntermediate,9.50,90.08,137.29,-0.30,0.08,0.04,-0.95
93.36,R_MiddleIntermediate,12.27,90.43,138.28,-0.32,0.04,0.09,-0.94
93.36,R_RingIntermediate,14.58,90.02,137.66,-0.30,0.04,0.17,-0.94
93.36,R_LittleIntermediate,16.81,88.83,136.10,-0.29,-0.04,0.27,-0.92
93.36,R_IndexProximal,10.20,91.09,133.42,-0.13,0.08,0.03,-0.99
93.36,R_MiddleProximal,12.56,91.23,133.77,-0.09,0.02,0.09,-0.99
93.36,R_ThumbProximal,8.47,87.07,129.45,-0.05,0.29,-0.64,-0.71
93.36,R_RingProximal,14.60,90.38,133.50,-0.04,0.00,0.14,-0.99
93.36,L_LittleProximal,2.86,44.98,96.37,-0.70,-0.30,0.07,-0.65
93.36,MediumCube,0.00,78.17,145.00,0.00,0.00,0.00,1.00
93.37,Main Camera,-10.58,114.40,88.20,0.09,-0.01,0.06,0.99
93.37,R_Palm,11.83,90.76,130.80,0.07,0.09,0.08,-0.99
93.37,R_ThumbTip,4.63,84.41,134.32,-0.01,0.40,-0.67,-0.63
93.37,R_IndexTip,7.52,87.45,141.34,-0.36,0.06,0.04,-0.93
93.37,R_MiddleTip,10.27,87.20,142.63,-0.40,0.03,0.14,-0.91
93.37,R_RingTip,12.18,87.07,141.87,-0.42,0.08,0.18,-0.88
93.37,R_LittleTip,14.74,86.50,139.75,-0.38,0.04,0.29,-0.88
93.37,R_ThumbDistal,6.01,85.76,132.54,-0.01,0.40,-0.67,-0.63
93.37,R_IndexIntermediate,8.27,90.43,137.40,-0.30,0.08,0.04,-0.95
93.37,R_MiddleIntermediate,11.06,90.81,138.41,-0.32,0.04,0.09,-0.94
93.37,R_RingIntermediate,13.37,90.42,137.78,-0.30,0.04,0.17,-0.94
93.37,R_LittleIntermediate,15.58,89.18,136.22,-0.30,-0.04,0.27,-0.91
93.37,R_IndexProximal,8.98,91.44,133.54,-0.13,0.09,0.03,-0.99
93.37,R_MiddleProximal,11.34,91.61,133.89,-0.09,0.02,0.09,-0.99
93.37,R_ThumbProximal,7.31,87.39,129.58,-0.05,0.30,-0.64,-0.71
93.37,R_RingProximal,13.39,90.78,133.63,-0.04,0.00,0.13,-0.99
93.37,L_LittleProximal,2.91,44.95,96.33,-0.70,-0.30,0.07,-0.64
93.37,MediumCube,0.00,78.17,145.00,0.00,0.00,0.00,1.00
93.38,Main Camera,-10.74,114.30,88.53,0.09,-0.01,0.06,0.99
93.38,R_Palm,10.79,90.98,130.79,0.06,0.09,0.06,-0.99
93.38,R_ThumbTip,3.84,84.24,134.23,-0.02,0.41,-0.67,-0.62
93.38,R_IndexTip,6.66,87.33,141.29,-0.37,0.05,0.02,-0.93
93.38,R_MiddleTip,9.45,87.17,142.57,-0.41,0.02,0.12,-0.90
93.38,R_RingTip,11.37,87.12,141.79,-0.43,0.07,0.17,-0.88
93.38,R_LittleTip,13.92,86.67,139.62,-0.39,0.02,0.27,-0.88
93.38,R_ThumbDistal,5.19,85.68,132.49,-0.02,0.41,-0.67,-0.62
93.38,R_IndexIntermediate,7.27,90.40,137.40,-0.31,0.07,0.02,-0.95
93.38,R_MiddleIntermediate,10.06,90.87,138.40,-0.33,0.03,0.07,-0.94
93.38,R_RingIntermediate,12.39,90.58,137.75,-0.31,0.02,0.15,-0.94
93.38,R_LittleIntermediate,14.63,89.44,136.15,-0.31,-0.05,0.25,-0.92
93.38,R_IndexProximal,7.93,91.50,133.56,-0.14,0.08,0.01,-0.99
93.38,R_MiddleProximal,10.28,91.75,133.89,-0.10,0.02,0.07,-0.99
93.38,R_ThumbProximal,6.43,87.41,129.57,-0.06,0.30,-0.65,-0.69
93.38,R_RingProximal,12.36,91.02,133.60,-0.05,-0.01,0.11,-0.99
93.38,L_LittleProximal,3.06,44.87,96.44,-0.71,-0.30,0.06,-0.64
93.38,MediumCube,0.00,78.17,145.00,0.00,0.00,0.00,1.00
93.40,Main Camera,-10.91,114.21,88.85,0.09,-0.01,0.06,0.99
93.40,R_Palm,9.51,91.24,130.92,0.05,0.09,0.04,-0.99
93.40,R_ThumbTip,2.98,84.05,134.27,-0.04,0.41,-0.68,-0.60
93.40,R_IndexTip,5.51,87.23,141.34,-0.38,0.04,0.01,-0.93
93.40,R_MiddleTip,8.33,87.18,142.66,-0.41,0.01,0.11,-0.91
93.40,R_RingTip,10.28,87.23,141.90,-0.43,0.06,0.15,-0.89
93.40,R_LittleTip,12.83,86.86,139.67,-0.39,0.01,0.26,-0.88
93.40,R_ThumbDistal,4.26,85.60,132.57,-0.04,0.41,-0.68,-0.60
93.40,R_IndexIntermediate,6.02,90.39,137.52,-0.32,0.07,0.00,-0.94
93.40,R_MiddleIntermediate,8.80,90.94,138.52,-0.33,0.02,0.06,-0.94
93.40,R_RingIntermediate,11.14,90.73,137.86,-0.31,0.01,0.14,-0.94
93.40,R_LittleIntermediate,13.41,89.71,136.23,-0.31,-0.06,0.24,-0.92
93.40,R_IndexProximal,6.64,91.60,133.70,-0.15,0.08,-0.01,-0.99
93.40,R_MiddleProximal,8.98,91.93,134.04,-0.11,0.01,0.05,-0.99
93.40,R_ThumbProximal,5.40,87.46,129.69,-0.08,0.31,-0.66,-0.68
93.40,R_RingProximal,11.08,91.27,133.72,-0.06,-0.01,0.10,-0.99
93.40,L_LittleProximal,3.19,45.10,96.69,-0.71,-0.31,0.06,-0.64
93.40,MediumCube,0.00,78.17,145.00,0.00,0.00,0.00,1.00
93.41,Main Camera,-11.09,114.11,89.16,0.09,-0.01,0.06,0.99
93.41,R_Palm,8.77,91.21,131.35,0.04,0.09,0.04,-0.99
93.41,R_ThumbTip,2.62,83.71,134.69,-0.06,0.42,-0.69,-0.59
93.41,R_IndexTip,4.81,87.06,141.74,-0.38,0.04,0.01,-0.92
93.41,R_MiddleTip,7.65,87.05,143.10,-0.41,0.01,0.10,-0.91
93.41,R_RingTip,9.64,87.15,142.36,-0.43,0.05,0.15,-0.89
93.41,R_LittleTip,12.17,86.77,140.05,-0.39,0.00,0.25,-0.88
93.41,R_ThumbDistal,3.83,85.33,133.00,-0.06,0.42,-0.69,-0.59
93.41,R_IndexIntermediate,5.29,90.26,137.95,-0.33,0.07,0.00,-0.94
93.41,R_MiddleIntermediate,8.08,90.79,138.94,-0.33,0.02,0.06,-0.94
93.41,R_RingIntermediate,10.42,90.61,138.26,-0.30,0.01,0.14,-0.94
93.41,R_LittleIntermediate,12.69,89.62,136.61,-0.31,-0.06,0.24,-0.92
93.41,R_IndexProximal,5.89,91.53,134.14,-0.16,0.08,-0.01,-0.98
93.41,R_MiddleProximal,8.23,91.85,134.47,-0.12,0.01,0.05,-0.99
93.41,R_ThumbProximal,4.83,87.30,130.14,-0.10,0.31,-0.67,-0.67
93.41,R_RingProximal,10.34,91.21,134.14,-0.07,-0.02,0.10,-0.99
93.41,L_LittleProximal,3.33,45.28,96.96,-0.71,-0.31,0.07,-0.63
93.41,MediumCube,0.00,78.17,145.00,0.00,0.00,0.00,1.00
93.42,Main Camera,-11.28,114.01,89.48,0.10,-0.01,0.07,0.99
93.42,R_Palm,8.01,91.21,131.84,0.04,0.08,0.04,-0.99
93.42,R_ThumbTip,2.14,83.47,135.12,-0.07,0.42,-0.69,-0.58
93.42,R_IndexTip,4.07,86.97,142.22,-0.38,0.04,0.01,-0.92
93.42,R_MiddleTip,6.93,86.97,143.60,-0.41,0.01,0.10,-0.91
93.42,R_RingTip,8.95,87.10,142.87,-0.42,0.05,0.15,-0.89
93.42,R_LittleTip,11.48,86.71,140.51,-0.39,0.00,0.25,-0.89
93.42,R_ThumbDistal,3.29,85.16,133.46,-0.07,0.42,-0.69,-0.58
93.42,R_IndexIntermediate,4.54,90.19,138.43,-0.33,0.07,0.00,-0.94
93.42,R_MiddleIntermediate,7.33,90.70,139.42,-0.33,0.02,0.06,-0.94
93.42,R_RingIntermediate,9.68,90.52,138.73,-0.30,0.00,0.13,-0.95
93.42,R_LittleIntermediate,11.94,89.56,137.06,-0.31,-0.07,0.23,-0.92
93.42,R_IndexProximal,5.12,91.49,134.63,-0.16,0.08,-0.01,-0.98
93.42,R_MiddleProximal,7.47,91.82,134.97,-0.12,0.01,0.05,-0.99
93.42,R_ThumbProximal,4.21,87.21,130.63,-0.11,0.31,-0.68,-0.66
93.42,R_RingProximal,9.57,91.18,134.62,-0.08,-0.02,0.09,-0.99
93.42,L_LittleProximal,3.47,45.44,97.16,-0.71,-0.31,0.07,-0.63
93.42,MediumCube,0.00,78.17,145.00,0.00,0.00,0.00,1.00
93.44,Main Camera,-11.45,113.91,89.79,0.10,-0.01,0.07,0.99
93.44,R_Palm,7.45,91.01,132.58,0.04,0.09,0.04,-0.99
93.44,R_ThumbTip,1.89,83.04,135.86,-0.08,0.42,-0.70,-0.57
93.44,R_IndexTip,3.46,86.82,142.97,-0.38,0.04,0.01,-0.92
93.44,R_MiddleTip,6.34,86.89,144.43,-0.39,0.01,0.10,-0.91
93.44,R_RingTip,8.40,87.04,143.73,-0.40,0.05,0.15,-0.90
93.44,R_LittleTip,10.96,86.59,141.32,-0.38,0.00,0.25,-0.89
93.44,R_ThumbDistal,2.99,84.79,134.21,-0.08,0.42,-0.70,-0.57
93.44,R_IndexIntermediate,3.95,90.02,139.17,-0.32,0.07,0.00,-0.94
93.44,R_MiddleIntermediate,6.74,90.50,140.15,-0.32,0.02,0.06,-0.95
93.44,R_RingIntermediate,9.09,90.32,139.47,-0.28,0.00,0.13,-0.95
93.44,R_LittleIntermediate,11.36,89.36,137.80,-0.30,-0.07,0.23,-0.92
93.44,R_IndexProximal,4.55,91.29,135.36,-0.16,0.08,-0.01,-0.98
93.44,R_MiddleProximal,6.89,91.62,135.70,-0.12,0.01,0.05,-0.99
93.44,R_ThumbProximal,3.80,86.89,131.39,-0.12,0.31,-0.69,-0.65
93.44,R_RingProximal,9.00,90.98,135.35,-0.08,-0.02,0.09,-0.99
93.44,L_LittleProximal,3.29,45.65,97.65,-0.71,-0.32,0.08,-0.62
93.44,MediumCube,0.00,78.17,145.00,0.00,0.00,0.00,1.00
93.45,Main Camera,-11.63,113.81,90.09,0.10,-0.01,0.07,0.99
93.45,R_Palm,7.14,90.59,133.56,0.04,0.09,0.04,-0.99
93.45,R_ThumbTip,1.80,82.40,136.76,-0.09,0.43,-0.70,-0.57
93.45,R_IndexTip,3.12,86.45,143.97,-0.38,0.04,0.01,-0.93
93.45,R_MiddleTip,6.01,86.58,145.49,-0.38,0.01,0.10,-0.92
93.45,R_RingTip,8.11,86.76,144.81,-0.39,0.04,0.15,-0.91
93.45,R_LittleTip,10.67,86.26,142.37,-0.36,-0.01,0.25,-0.90
93.45,R_ThumbDistal,2.87,84.19,135.16,-0.09,0.43,-0.70,-0.57
93.45,R_IndexIntermediate,3.61,89.61,140.14,-0.32,0.07,0.00,-0.94
93.45,R_MiddleIntermediate,6.40,90.09,141.12,-0.31,0.02,0.06,-0.95
93.45,R_RingIntermediate,8.76,89.91,140.45,-0.27,0.00,0.13,-0.95
93.45,R_LittleIntermediate,11.03,88.95,138.78,-0.29,-0.07,0.23,-0.93
93.45,R_IndexProximal,4.22,90.88,136.33,-0.16,0.08,-0.01,-0.98
93.45,R_MiddleProximal,6.57,91.21,136.67,-0.12,0.01,0.05,-0.99
93.45,R_ThumbProximal,3.60,86.36,132.36,-0.14,0.31,-0.69,-0.64
93.45,R_RingProximal,8.67,90.57,136.33,-0.08,-0.02,0.09,-0.99
93.45,L_LittleProximal,3.58,46.08,97.94,-0.70,-0.34,0.08,-0.62
93.45,MediumCube,0.00,78.17,145.00,0.00,0.00,0.00,1.00
93.46,Main Camera,-11.81,113.73,90.41,0.10,-0.01,0.07,0.99
93.46,R_Palm,7.08,90.00,134.86,0.04,0.09,0.04,-0.99
93.46,R_ThumbTip,1.84,81.65,137.96,-0.09,0.44,-0.70,-0.56
93.46,R_IndexTip,3.01,85.94,145.28,-0.37,0.04,0.01,-0.93
93.46,R_MiddleTip,5.89,86.03,146.79,-0.38,0.01,0.10,-0.92
93.46,R_RingTip,7.98,86.10,146.08,-0.39,0.05,0.15,-0.91
93.46,R_LittleTip,10.58,85.69,143.70,-0.36,-0.01,0.25,-0.90
93.46,R_ThumbDistal,2.94,83.48,136.42,-0.09,0.44,-0.70,-0.56
93.46,R_IndexIntermediate,3.52,89.05,141.42,-0.31,0.07,0.00,-0.95
93.46,R_MiddleIntermediate,6.31,89.51,142.40,-0.31,0.02,0.06,-0.95
93.46,R_RingIntermediate,8.65,89.26,141.73,-0.27,0.00,0.13,-0.95
93.46,R_LittleIntermediate,10.93,88.35,140.08,-0.29,-0.07,0.23,-0.93
93.46,R_IndexProximal,4.15,90.31,137.61,-0.16,0.08,-0.01,-0.98
93.46,R_MiddleProximal,6.49,90.64,137.96,-0.12,0.01,0.05,-0.99
93.46,R_ThumbProximal,3.63,85.69,133.64,-0.14,0.31,-0.70,-0.63
93.46,R_RingProximal,8.60,90.00,137.62,-0.09,-0.02,0.09,-0.99
93.46,L_LittleProximal,3.77,46.03,98.04,-0.70,-0.35,0.09,-0.62
93.46,MediumCube,0.00,78.17,145.00,0.00,0.00,0.00,1.00
93.48,Main Camera,-11.99,113.64,90.70,0.10,-0.01,0.07,0.99
93.48,R_Palm,6.85,89.53,135.96,0.04,0.09,0.04,-0.99
93.48,R_ThumbTip,1.62,81.07,138.96,-0.08,0.46,-0.69,-0.55
93.48,R_IndexTip,2.70,85.16,146.15,-0.39,0.04,0.00,-0.92
93.48,R_MiddleTip,5.51,85.40,147.78,-0.39,0.02,0.10,-0.92
93.48,R_RingTip,7.57,85.39,147.07,-0.40,0.05,0.15,-0.90
93.48,R_LittleTip,10.14,85.02,144.74,-0.37,0.00,0.25,-0.89
93.48,R_ThumbDistal,2.77,82.92,137.48,-0.08,0.46,-0.69,-0.55
93.48,R_IndexIntermediate,3.22,88.43,142.42,-0.33,0.07,0.00,-0.94
93.48,R_MiddleIntermediate,5.97,88.96,143.47,-0.32,0.03,0.05,-0.95
93.48,R_RingIntermediate,8.31,88.68,142.82,-0.29,0.01,0.13,-0.95
93.48,R_LittleIntermediate,10.58,87.78,141.20,-0.30,-0.07,0.23,-0.92
93.48,R_IndexProximal,3.88,89.85,138.68,-0.18,0.08,-0.01,-0.98
93.48,R_MiddleProximal,6.22,90.18,139.05,-0.14,0.02,0.05,-0.99
93.48,R_ThumbProximal,3.47,85.15,134.73,-0.14,0.31,-0.70,-0.62
93.48,R_RingProximal,8.33,89.54,138.74,-0.10,-0.01,0.09,-0.99
93.48,L_LittleProximal,3.81,46.00,98.06,-0.70,-0.35,0.09,-0.62
93.48,MediumCube,0.00,78.17,145.00,0.00,0.00,0.00,1.00
93.49,Main Camera,-12.17,113.54,91.00,0.10,-0.01,0.07,0.99
93.49,R_Palm,6.35,89.48,136.27,0.04,0.10,0.04,-0.99
93.49,R_ThumbTip,1.05,80.95,139.13,-0.07,0.47,-0.69,-0.54
93.49,R_IndexTip,2.05,84.90,146.25,-0.40,0.05,-0.01,-0.91
93.49,R_MiddleTip,4.77,85.23,147.99,-0.39,0.02,0.09,-0.91
93.49,R_RingTip,6.82,85.16,147.30,-0.41,0.06,0.14,-0.90
93.49,R_LittleTip,9.38,84.79,145.02,-0.39,0.01,0.24,-0.89
93.49,R_ThumbDistal,2.27,82.81,137.71,-0.07,0.47,-0.69,-0.54
93.49,R_IndexIntermediate,2.61,88.27,142.62,-0.35,0.08,-0.01,-0.93
93.49,R_MiddleIntermediate,5.31,88.86,143.74,-0.33,0.03,0.05,-0.94
93.49,R_RingIntermediate,7.65,88.54,143.14,-0.30,0.02,0.13,-0.95
93.49,R_LittleIntermediate,9.94,87.64,141.57,-0.32,-0.05,0.22,-0.92
93.49,R_IndexProximal,3.33,89.80,138.93,-0.19,0.09,-0.02,-0.98
93.49,R_MiddleProximal,5.65,90.15,139.34,-0.14,0.03,0.04,-0.99
93.49,R_ThumbProximal,3.03,85.06,134.98,-0.13,0.32,-0.70,-0.62
93.49,R_RingProximal,7.77,89.51,139.08,-0.12,0.00,0.09,-0.99
93.49,L_LittleProximal,3.83,46.00,98.03,-0.70,-0.35,0.09,-0.62
93.49,MediumCube,0.00,78.17,145.00,0.00,0.00,0.00,1.00
93.51,Main Camera,-12.34,113.45,91.28,0.10,-0.01,0.07,0.99
93.51,R_Palm,5.79,89.41,136.69,0.04,0.11,0.04,-0.99
93.51,R_ThumbTip,0.45,80.82,139.39,-0.06,0.48,-0.69,-0.54
93.51,R_IndexTip,1.34,84.68,146.48,-0.41,0.06,-0.02,-0.91
93.51,R_MiddleTip,3.99,85.06,148.31,-0.40,0.03,0.09,-0.91
93.51,R_RingTip,6.03,84.99,147.66,-0.42,0.07,0.13,-0.89
93.51,R_LittleTip,8.59,84.64,145.44,-0.40,0.02,0.23,-0.89
93.51,R_ThumbDistal,1.72,82.68,138.04,-0.06,0.48,-0.69,-0.54
93.51,R_IndexIntermediate,1.94,88.12,142.92,-0.35,0.09,-0.02,-0.93
93.51,R_MiddleIntermediate,4.60,88.75,144.11,-0.33,0.04,0.04,-0.94
93.51,R_RingIntermediate,6.95,88.42,143.56,-0.31,0.03,0.12,-0.94
93.51,R_LittleIntermediate,9.24,87.54,142.05,-0.33,-0.04,0.22,-0.92
93.51,R_IndexProximal,2.72,89.74,139.28,-0.20,0.10,-0.03,-0.97
93.51,R_MiddleProximal,5.04,90.10,139.74,-0.15,0.04,0.04,-0.99
93.51,R_ThumbProximal,2.55,84.95,135.34,-0.13,0.33,-0.71,-0.61
93.51,R_RingProximal,7.16,89.47,139.53,-0.13,0.01,0.09,-0.99
93.51,L_LittleProximal,3.84,46.00,98.00,-0.70,-0.36,0.09,-0.62
93.51,MediumCube,0.00,78.17,145.00,0.00,0.00,0.00,1.00
93.52,Main Camera,-12.51,113.35,91.55,0.10,-0.01,0.07,0.99
93.52,R_Palm,5.37,89.30,136.89,0.04,0.12,0.03,-0.99
93.52,R_ThumbTip,0.08,80.58,139.43,-0.06,0.49,-0.69,-0.53
93.52,R_IndexTip,0.82,84.51,146.62,-0.41,0.06,-0.02,-0.91
93.52,R_MiddleTip,3.43,84.87,148.45,-0.40,0.04,0.08,-0.91
93.52,R_RingTip,5.49,84.84,147.85,-0.42,0.07,0.13,-0.90
93.52,R_LittleTip,8.04,84.55,145.68,-0.40,0.03,0.22,-0.89
93.52,R_ThumbDistal,1.36,82.48,138.12,-0.06,0.49,-0.69,-0.53
93.52,R_IndexIntermediate,1.44,87.93,143.05,-0.35,0.09,-0.03,-0.93
93.52,R_MiddleIntermediate,4.07,88.58,144.28,-0.33,0.05,0.03,-0.94
93.52,R_RingIntermediate,6.42,88.28,143.76,-0.31,0.03,0.11,-0.94
93.52,R_LittleIntermediate,8.72,87.44,142.29,-0.33,-0.03,0.21,-0.92
93.52,R_IndexProximal,2.25,89.58,139.43,-0.21,0.11,-0.03,-0.97
93.52,R_MiddleProximal,4.55,89.97,139.93,-0.15,0.05,0.03,-0.99
93.52,R_ThumbProximal,2.21,84.78,135.47,-0.12,0.34,-0.71,-0.60
93.52,R_RingProximal,6.69,89.37,139.74,-0.13,0.02,0.08,-0.99
93.52,L_LittleProximal,3.83,46.00,98.01,-0.69,-0.36,0.09,-0.62
93.52,MediumCube,0.00,78.17,145.00,0.00,0.00,0.00,1.00
93.53,Main Camera,-12.67,113.26,91.83,0.10,-0.01,0.07,0.99
93.53,R_Palm,4.99,89.20,137.51,0.04,0.12,0.03,-0.99
93.53,R_ThumbTip,-0.17,80.33,139.88,-0.06,0.50,-0.69,-0.52
93.53,R_IndexTip,0.45,84.35,147.27,-0.40,0.06,-0.03,-0.91
93.53,R_MiddleTip,3.07,84.76,149.13,-0.39,0.04,0.07,-0.92
93.53,R_RingTip,5.16,84.77,148.56,-0.41,0.07,0.12,-0.90
93.53,R_LittleTip,7.73,84.49,146.36,-0.39,0.03,0.22,-0.90
93.53,R_ThumbDistal,1.09,82.27,138.63,-0.06,0.50,-0.69,-0.52
93.53,R_IndexIntermediate,1.06,87.73,143.65,-0.35,0.09,-0.03,-0.93
93.53,R_MiddleIntermediate,3.68,88.39,144.89,-0.32,0.05,0.03,-0.94
93.53,R_RingIntermediate,6.04,88.12,144.38,-0.30,0.03,0.11,-0.95
93.53,R_LittleIntermediate,8.34,87.32,142.90,-0.32,-0.04,0.20,-0.93
93.53,R_IndexProximal,1.86,89.42,140.05,-0.21,0.11,-0.04,-0.97
93.53,R_MiddleProximal,4.17,89.83,140.56,-0.16,0.05,0.02,-0.99
93.53,R_ThumbProximal,1.91,84.63,136.01,-0.13,0.35,-0.71,-0.59
93.53,R_RingProximal,6.31,89.25,140.37,-0.14,0.02,0.07,-0.99
93.53,L_LittleProximal,3.78,45.97,97.95,-0.69,-0.36,0.08,-0.62
93.53,MediumCube,0.00,78.17,145.00,0.00,0.00,0.00,1.00
93.55,Main Camera,-12.85,113.16,92.09,0.10,-0.01,0.07,0.99
93.55,R_Palm,4.93,88.98,137.99,0.03,0.12,0.03,-0.99
93.55,R_ThumbTip,-0.16,80.01,140.25,-0.07,0.51,-0.69,-0.51
93.55,R_IndexTip,0.42,84.14,147.82,-0.39,0.06,-0.03,-0.92
93.55,R_MiddleTip,3.06,84.60,149.72,-0.38,0.03,0.07,-0.92
93.55,R_RingTip,5.19,84.65,149.15,-0.39,0.06,0.12,-0.91
93.55,R_LittleTip,7.82,84.47,146.97,-0.36,0.02,0.21,-0.91
93.55,R_ThumbDistal,1.09,81.98,139.03,-0.07,0.51,-0.69,-0.51
93.55,R_IndexIntermediate,1.02,87.44,144.13,-0.34,0.09,-0.03,-0.94
93.55,R_MiddleIntermediate,3.64,88.11,145.37,-0.31,0.05,0.03,-0.95
93.55,R_RingIntermediate,6.00,87.87,144.85,-0.28,0.03,0.11,-0.95
93.55,R_LittleIntermediate,8.33,87.15,143.38,-0.30,-0.04,0.20,-0.93
93.55,R_IndexProximal,1.81,89.17,140.55,-0.21,0.11,-0.04,-0.97
93.55,R_MiddleProximal,4.11,89.58,141.05,-0.16,0.05,0.02,-0.99
93.55,R_ThumbProximal,1.87,84.39,136.45,-0.14,0.35,-0.71,-0.59
93.55,R_RingProximal,6.25,89.01,140.85,-0.14,0.02,0.07,-0.99
93.55,L_LittleProximal,3.76,45.94,98.11,-0.69,-0.36,0.08,-0.62
93.55,MediumCube,0.00,78.17,145.00,0.00,0.00,0.00,1.00
93.56,Main Camera,-13.02,113.06,92.35,0.10,-0.01,0.07,0.99
93.56,R_Palm,4.64,88.86,138.20,0.03,0.12,0.02,-0.99
93.56,R_ThumbTip,-0.40,79.82,140.36,-0.07,0.51,-0.68,-0.51
93.56,R_IndexTip,0.15,84.02,148.09,-0.38,0.06,-0.03,-0.92
93.56,R_MiddleTip,2.82,84.58,150.06,-0.35,0.03,0.07,-0.93
93.56,R_RingTip,5.00,84.71,149.52,-0.36,0.06,0.12,-0.92
93.56,R_LittleTip,7.71,84.61,147.34,-0.33,0.01,0.21,-0.92
93.56,R_ThumbDistal,0.84,81.81,139.17,-0.07,0.51,-0.68,-0.51
93.56,R_IndexIntermediate,0.76,87.26,144.34,-0.33,0.09,-0.03,-0.94
93.56,R_MiddleIntermediate,3.37,87.93,145.58,-0.30,0.04,0.03,-0.95
93.56,R_RingIntermediate,5.74,87.73,145.06,-0.27,0.02,0.11,-0.96
93.56,R_LittleIntermediate,8.10,87.11,143.60,-0.28,-0.05,0.20,-0.94
93.56,R_IndexProximal,1.53,89.02,140.77,-0.22,0.11,-0.04,-0.97
93.56,R_MiddleProximal,3.83,89.43,141.26,-0.17,0.05,0.02,-0.98
93.56,R_ThumbProximal,1.61,84.26,136.62,-0.14,0.36,-0.71,-0.59
93.56,R_RingProximal,5.97,88.87,141.05,-0.14,0.02,0.07,-0.99
93.56,L_LittleProximal,3.75,46.01,98.22,-0.69,-0.36,0.07,-0.63
93.56,MediumCube,0.00,78.17,145.00,0.00,0.00,0.00,1.00
93.58,Main Camera,-13.19,112.97,92.60,0.11,-0.01,0.08,0.99
93.58,R_Palm,4.32,88.72,138.50,0.02,0.12,0.02,-0.99
93.58,R_ThumbTip,-0.67,79.61,140.55,-0.08,0.52,-0.68,-0.51
93.58,R_IndexTip,-0.15,83.86,148.42,-0.38,0.06,-0.03,-0.92
93.58,R_MiddleTip,2.55,84.49,150.44,-0.34,0.03,0.07,-0.94
93.58,R_RingTip,4.76,84.69,149.92,-0.34,0.06,0.12,-0.93
93.58,R_LittleTip,7.51,84.63,147.72,-0.31,0.01,0.21,-0.93
93.58,R_ThumbDistal,0.57,81.63,139.39,-0.08,0.52,-0.68,-0.51
93.58,R_IndexIntermediate,0.45,87.06,144.64,-0.33,0.09,-0.03,-0.94
93.58,R_MiddleIntermediate,3.07,87.72,145.88,-0.29,0.04,0.03,-0.95
93.58,R_RingIntermediate,5.44,87.57,145.36,-0.25,0.02,0.10,-0.96
93.58,R_LittleIntermediate,7.81,87.00,143.89,-0.26,-0.05,0.19,-0.94
93.58,R_IndexProximal,1.21,88.85,141.08,-0.22,0.11,-0.04,-0.97
93.58,R_MiddleProximal,3.51,89.26,141.57,-0.17,0.05,0.02,-0.98
93.58,R_ThumbProximal,1.31,84.11,136.87,-0.15,0.36,-0.71,-0.58
93.58,R_RingProximal,5.66,88.71,141.35,-0.14,0.02,0.07,-0.99
93.58,L_LittleProximal,3.73,46.09,98.35,-0.69,-0.35,0.06,-0.63
93.58,MediumCube,0.00,78.17,145.00,0.00,0.00,0.00,1.00
93.59,Main Camera,-13.35,112.88,92.84,0.11,-0.02,0.08,0.99
93.59,R_Palm,3.96,88.57,138.89,0.02,0.12,0.02,-0.99
93.59,R_ThumbTip,-0.97,79.37,140.80,-0.08,0.53,-0.68,-0.51
93.59,R_IndexTip,-0.49,83.67,148.83,-0.37,0.06,-0.02,-0.93
93.59,R_MiddleTip,2.23,84.35,150.89,-0.32,0.03,0.07,-0.94
93.59,R_RingTip,4.48,84.62,150.38,-0.33,0.05,0.12,-0.94
93.59,R_LittleTip,7.26,84.59,148.15,-0.30,0.00,0.20,-0.93
93.59,R_ThumbDistal,0.26,81.42,139.68,-0.08,0.53,-0.68,-0.51
93.59,R_IndexIntermediate,0.10,86.83,145.01,-0.32,0.09,-0.03,-0.94
93.59,R_MiddleIntermediate,2.73,87.49,146.25,-0.29,0.04,0.03,-0.96
93.59,R_RingIntermediate,5.10,87.38,145.73,-0.24,0.02,0.10,-0.96
93.59,R_LittleIntermediate,7.48,86.85,144.26,-0.25,-0.06,0.19,-0.95
93.59,R_IndexProximal,0.85,88.66,141.47,-0.23,0.11,-0.04,-0.97
93.59,R_MiddleProximal,3.15,89.07,141.96,-0.18,0.04,0.02,-0.98
93.59,R_ThumbProximal,0.97,83.95,137.20,-0.16,0.36,-0.71,-0.58
93.59,R_RingProximal,5.30,88.53,141.73,-0.14,0.01,0.07,-0.99
93.59,L_LittleProximal,3.70,46.18,98.48,-0.69,-0.35,0.05,-0.64
93.59,MediumCube,0.00,78.17,145.00,0.00,0.00,0.00,1.00
93.60,Main Camera,-13.52,112.80,93.07,0.11,-0.02,0.08,0.99
93.60,R_Palm,3.80,88.46,138.85,0.02,0.12,0.02,-0.99
93.60,R_ThumbTip,-1.11,79.24,140.71,-0.08,0.53,-0.68,-0.51
93.60,R_IndexTip,-0.69,83.55,148.78,-0.37,0.06,-0.03,-0.93
93.60,R_MiddleTip,2.02,84.24,150.85,-0.32,0.03,0.07,-0.94
93.60,R_RingTip,4.28,84.51,150.35,-0.32,0.05,0.12,-0.94
93.60,R_LittleTip,7.08,84.49,148.14,-0.29,0.00,0.20,-0.93
93.60,R_ThumbDistal,0.12,81.29,139.61,-0.08,0.53,-0.68,-0.51
93.60,R_IndexIntermediate,-0.08,86.71,144.96,-0.32,0.09,-0.03,-0.94
93.60,R_MiddleIntermediate,2.54,87.37,146.21,-0.29,0.04,0.03,-0.96
93.60,R_RingIntermediate,4.92,87.26,145.70,-0.24,0.02,0.10,-0.96
93.60,R_LittleIntermediate,7.30,86.74,144.23,-0.25,-0.06,0.19,-0.95
93.60,R_IndexProximal,0.69,88.55,141.42,-0.23,0.11,-0.04,-0.97
93.60,R_MiddleProximal,2.99,88.96,141.92,-0.18,0.05,0.02,-0.98
93.60,R_ThumbProximal,0.83,83.84,137.14,-0.16,0.37,-0.71,-0.58
93.60,R_RingProximal,5.14,88.42,141.70,-0.14,0.02,0.07,-0.99
93.60,L_LittleProximal,3.59,46.31,98.64,-0.68,-0.35,0.04,-0.64
93.60,MediumCube,0.00,78.17,145.00,0.00,0.00,0.00,1.00
93.62,Main Camera,-13.68,112.71,93.27,0.11,-0.02,0.08,0.99
93.62,R_Palm,3.69,88.37,138.84,0.02,0.12,0.02,-0.99
93.62,R_ThumbTip,-1.16,79.11,140.63,-0.09,0.53,-0.68,-0.50
93.62,R_IndexTip,-0.87,83.44,148.73,-0.37,0.06,-0.02,-0.93
93.62,R_MiddleTip,1.84,84.10,150.81,-0.32,0.03,0.07,-0.94
93.62,R_RingTip,4.09,84.37,150.33,-0.33,0.06,0.12,-0.94
93.62,R_LittleTip,6.87,84.38,148.14,-0.29,0.01,0.20,-0.93
93.62,R_ThumbDistal,0.05,81.18,139.54,-0.09,0.53,-0.68,-0.50
93.62,R_IndexIntermediate,-0.22,86.60,144.92,-0.32,0.10,-0.03,-0.94
93.62,R_MiddleIntermediate,2.39,87.25,146.18,-0.29,0.05,0.03,-0.96
93.62,R_RingIntermediate,4.77,87.13,145.69,-0.24,0.02,0.10,-0.96
93.62,R_LittleIntermediate,7.14,86.62,144.23,-0.25,-0.05,0.19,-0.95
93.62,R_IndexProximal,0.56,88.45,141.40,-0.23,0.11,-0.04,-0.97
93.62,R_MiddleProximal,2.86,88.86,141.91,-0.18,0.05,0.02,-0.98
93.62,R_ThumbProximal,0.72,83.75,137.09,-0.16,0.37,-0.71,-0.58
93.62,R_RingProximal,5.01,88.31,141.69,-0.15,0.02,0.07,-0.99
93.62,L_LittleProximal,3.56,46.32,98.59,-0.69,-0.35,0.03,-0.64
93.62,MediumCube,0.00,78.17,145.00,0.00,0.00,0.00,1.00
93.63,Main Camera,-13.83,112.61,93.48,0.11,-0.02,0.08,0.99
93.63,R_Palm,3.60,88.34,138.87,0.01,0.12,0.03,-0.99
93.63,R_ThumbTip,-1.17,79.06,140.61,-0.09,0.53,-0.68,-0.50
93.63,R_IndexTip,-1.05,83.37,148.70,-0.37,0.07,-0.02,-0.93
93.63,R_MiddleTip,1.64,83.98,150.79,-0.33,0.04,0.07,-0.94
93.63,R_RingTip,3.90,84.26,150.33,-0.33,0.06,0.12,-0.94
93.63,R_LittleTip,6.65,84.30,148.18,-0.30,0.01,0.20,-0.93
93.63,R_ThumbDistal,0.01,81.15,139.52,-0.09,0.53,-0.68,-0.50
93.63,R_IndexIntermediate,-0.36,86.55,144.92,-0.33,0.10,-0.03,-0.94
93.63,R_MiddleIntermediate,2.24,87.16,146.19,-0.29,0.05,0.03,-0.95
93.63,R_RingIntermediate,4.62,87.04,145.71,-0.25,0.03,0.10,-0.96
93.63,R_LittleIntermediate,6.98,86.54,144.27,-0.25,-0.05,0.19,-0.95
93.63,R_IndexProximal,0.46,88.42,141.41,-0.23,0.11,-0.04,-0.96
93.63,R_MiddleProximal,2.76,88.81,141.94,-0.18,0.05,0.02,-0.98
93.63,R_ThumbProximal,0.63,83.73,137.06,-0.17,0.36,-0.72,-0.57
93.63,R_RingProximal,4.90,88.26,141.73,-0.15,0.02,0.07,-0.99
93.63,L_LittleProximal,3.45,46.34,98.38,-0.69,-0.35,0.02,-0.64
93.63,MediumCube,0.00,78.17,145.00,0.00,0.00,0.00,1.00
93.64,Main Camera,-13.98,112.51,93.65,0.11,-0.02,0.08,0.99
93.64,R_Palm,3.51,88.22,139.11,0.01,0.13,0.03,-0.99
93.64,R_ThumbTip,-1.24,78.93,140.69,-0.10,0.53,-0.68,-0.50
93.64,R_IndexTip,-1.25,83.17,148.84,-0.38,0.07,-0.02,-0.92
93.64,R_MiddleTip,1.44,83.70,150.94,-0.33,0.04,0.08,-0.94
93.64,R_RingTip,3.70,83.95,150.50,-0.33,0.06,0.12,-0.93
93.64,R_LittleTip,6.43,84.01,148.37,-0.30,0.02,0.21,-0.93
93.64,R_ThumbDistal,-0.08,81.04,139.62,-0.10,0.53,-0.68,-0.50
93.64,R_IndexIntermediate,-0.51,86.39,145.10,-0.33,0.10,-0.02,-0.94
93.64,R_MiddleIntermediate,2.10,86.95,146.40,-0.30,0.05,0.03,-0.95
93.64,R_RingIntermediate,4.48,86.79,145.93,-0.26,0.03,0.11,-0.96
93.64,R_LittleIntermediate,6.82,86.28,144.49,-0.26,-0.04,0.19,-0.95
93.64,R_IndexProximal,0.36,88.30,141.63,-0.24,0.12,-0.03,-0.96
93.64,R_MiddleProximal,2.66,88.66,142.18,-0.19,0.06,0.03,-0.98
93.64,R_ThumbProximal,0.51,83.66,137.20,-0.18,0.37,-0.71,-0.57
93.64,R_RingProximal,4.80,88.08,141.97,-0.16,0.03,0.08,-0.98
93.64,L_LittleProximal,3.29,46.37,98.16,-0.69,-0.35,0.01,-0.64
93.64,MediumCube,0.00,78.17,145.00,0.00,0.00,0.00,1.00
93.66,Main Camera,-14.11,112.42,93.82,0.11,-0.02,0.08,0.99
93.66,R_Palm,3.35,88.08,139.46,0.00,0.13,0.04,-0.99
93.66,R_ThumbTip,-1.40,78.77,140.86,-0.11,0.54,-0.67,-0.50
93.66,R_IndexTip,-1.52,82.93,149.09,-0.38,0.08,-0.01,-0.92
93.66,R_MiddleTip,1.16,83.39,151.21,-0.34,0.05,0.08,-0.94
93.66,R_RingTip,3.43,83.61,150.78,-0.34,0.07,0.13,-0.93
93.66,R_LittleTip,6.16,83.69,148.67,-0.31,0.02,0.21,-0.93
93.66,R_ThumbDistal,-0.25,80.90,139.83,-0.11,0.54,-0.67,-0.50
93.66,R_IndexIntermediate,-0.72,86.20,145.41,-0.34,0.11,-0.02,-0.93
93.66,R_MiddleIntermediate,1.89,86.69,146.72,-0.31,0.06,0.04,-0.95
93.66,R_RingIntermediate,4.27,86.50,146.25,-0.26,0.03,0.12,-0.96
93.66,R_LittleIntermediate,6.59,86.00,144.82,-0.26,-0.04,0.20,-0.94
93.66,R_IndexProximal,0.19,88.16,141.97,-0.25,0.12,-0.03,-0.96
93.66,R_MiddleProximal,2.49,88.48,142.53,-0.20,0.06,0.03,-0.98
93.66,R_ThumbProximal,0.32,83.57,137.45,-0.18,0.37,-0.71,-0.57
93.66,R_RingProximal,4.62,87.88,142.33,-0.17,0.03,0.08,-0.98
93.66,L_LittleProximal,3.16,46.40,97.96,-0.69,-0.35,0.00,-0.64
93.66,MediumCube,0.00,78.17,145.00,0.00,0.00,0.00,1.00
93.68,Main Camera,-14.25,112.35,93.97,0.12,-0.02,0.08,0.99
93.68,R_Palm,3.28,87.95,140.09,-0.01,0.13,0.05,-0.99
93.68,R_ThumbTip,-1.49,78.63,141.30,-0.11,0.54,-0.67,-0.50
93.68,R_IndexTip,-1.71,82.72,149.62,-0.39,0.08,-0.01,-0.92
93.68,R_MiddleTip,0.97,83.13,151.77,-0.35,0.05,0.09,-0.93
93.68,R_RingTip,3.25,83.31,151.35,-0.34,0.07,0.13,-0.93
93.68,R_LittleTip,5.96,83.38,149.25,-0.31,0.02,0.22,-0.93
93.68,R_ThumbDistal,-0.35,80.79,140.31,-0.11,0.54,-0.67,-0.50
93.68,R_IndexIntermediate,-0.84,86.03,145.99,-0.35,0.11,-0.01,-0.93
93.68,R_MiddleIntermediate,1.76,86.46,147.32,-0.31,0.06,0.04,-0.95
93.68,R_RingIntermediate,4.13,86.24,146.85,-0.27,0.03,0.12,-0.96
93.68,R_LittleIntermediate,6.45,85.72,145.42,-0.27,-0.03,0.20,-0.94
93.68,R_IndexProximal,0.11,88.03,142.59,-0.25,0.13,-0.02,-0.96
93.68,R_MiddleProximal,2.41,88.31,143.16,-0.21,0.06,0.04,-0.98
93.68,R_ThumbProximal,0.21,83.49,137.98,-0.19,0.38,-0.71,-0.57
93.68,R_RingProximal,4.54,87.69,142.96,-0.18,0.03,0.09,-0.98
93.68,L_LittleProximal,3.22,46.32,97.85,-0.69,-0.35,-0.01,-0.64
93.68,MediumCube,0.00,78.17,145.00,0.00,0.00,0.00,1.00
93.69,Main Camera,-14.38,112.27,94.13,0.12,-0.02,0.08,0.99
93.69,R_Palm,3.07,87.89,140.26,-0.02,0.13,0.05,-0.99
93.69,R_ThumbTip,-1.74,78.58,141.25,-0.12,0.55,-0.66,-0.50
93.69,R_IndexTip,-2.06,82.55,149.67,-0.39,0.09,0.00,-0.91
93.69,R_MiddleTip,0.60,82.85,151.82,-0.35,0.06,0.09,-0.93
93.69,R_RingTip,2.88,83.00,151.42,-0.35,0.08,0.14,-0.92
93.69,R_LittleTip,5.55,83.09,149.34,-0.32,0.03,0.22,-0.92
93.69,R_ThumbDistal,-0.58,80.75,140.31,-0.12,0.55,-0.66,-0.50
93.69,R_IndexIntermediate,-1.12,85.91,146.09,-0.35,0.12,-0.01,-0.93
93.69,R_MiddleIntermediate,1.47,86.27,147.44,-0.32,0.07,0.05,-0.94
93.69,R_RingIntermediate,3.84,86.01,146.99,-0.28,0.04,0.12,-0.95
93.69,R_LittleIntermediate,6.13,85.50,145.57,-0.28,-0.03,0.20,-0.94
93.69,R_IndexProximal,-0.12,87.96,142.74,-0.26,0.13,-0.02,-0.96
93.69,R_MiddleProximal,2.18,88.21,143.34,-0.22,0.07,0.04,-0.97
93.69,R_ThumbProximal,-0.01,83.50,138.04,-0.19,0.38,-0.71,-0.56
93.69,R_RingProximal,4.30,87.57,143.14,-0.19,0.04,0.09,-0.98
93.69,L_LittleProximal,3.28,46.26,97.76,-0.69,-0.36,-0.02,-0.63
93.69,MediumCube,0.00,78.17,145.00,0.00,0.00,0.00,1.00
93.70,Main Camera,-14.51,112.20,94.26,0.12,-0.02,0.08,0.99
93.70,R_Palm,2.84,87.81,140.48,-0.02,0.14,0.05,-0.99
93.70,R_ThumbTip,-1.97,78.48,141.36,-0.12,0.56,-0.66,-0.49
93.70,R_IndexTip,-2.36,82.38,149.80,-0.40,0.09,0.00,-0.91
93.70,R_MiddleTip,0.27,82.54,151.89,-0.37,0.06,0.09,-0.92
93.70,R_RingTip,2.53,82.69,151.51,-0.37,0.08,0.14,-0.92
93.70,R_LittleTip,5.13,82.82,149.47,-0.33,0.04,0.22,-0.92
93.70,R_ThumbDistal,-0.81,80.66,140.45,-0.12,0.56,-0.66,-0.49
93.70,R_IndexIntermediate,-1.40,85.77,146.26,-0.36,0.12,-0.01,-0.93
93.70,R_MiddleIntermediate,1.18,86.06,147.60,-0.33,0.07,0.05,-0.94
93.70,R_RingIntermediate,3.54,85.81,147.16,-0.29,0.04,0.12,-0.95
93.70,R_LittleIntermediate,5.80,85.31,145.76,-0.29,-0.02,0.20,-0.93
93.70,R_IndexProximal,-0.37,87.86,142.93,-0.27,0.14,-0.02,-0.95
93.70,R_MiddleProximal,1.93,88.10,143.55,-0.23,0.07,0.04,-0.97
93.70,R_ThumbProximal,-0.23,83.43,138.20,-0.20,0.39,-0.71,-0.56
93.70,R_RingProximal,4.05,87.46,143.37,-0.21,0.04,0.09,-0.97
93.70,L_LittleProximal,3.23,46.29,97.63,-0.69,-0.36,-0.03,-0.63
93.70,MediumCube,0.00,78.17,145.00,0.00,0.00,0.00,1.00
93.71,Main Camera,-14.62,112.14,94.39,0.12,-0.02,0.08,0.99
93.71,R_Palm,2.53,87.65,140.62,-0.03,0.14,0.05,-0.99
93.71,R_ThumbTip,-2.24,78.30,141.40,-0.12,0.56,-0.66,-0.49
93.71,R_IndexTip,-2.68,82.04,149.79,-0.41,0.10,-0.01,-0.91
93.71,R_MiddleTip,-0.10,82.00,151.77,-0.39,0.06,0.08,-0.92
93.71,R_RingTip,2.10,82.06,151.35,-0.39,0.08,0.13,-0.91
93.71,R_LittleTip,4.57,82.26,149.34,-0.36,0.05,0.21,-0.91
93.71,R_ThumbDistal,-1.08,80.49,140.50,-0.12,0.56,-0.66,-0.49
93.71,R_IndexIntermediate,-1.72,85.50,146.32,-0.37,0.13,-0.01,-0.92
93.71,R_MiddleIntermediate,0.83,85.70,147.64,-0.35,0.07,0.04,-0.93
93.71,R_RingIntermediate,3.17,85.41,147.20,-0.32,0.05,0.12,-0.94
93.71,R_LittleIntermediate,5.37,84.96,145.82,-0.32,-0.01,0.20,-0.92
93.71,R_IndexProximal,-0.69,87.68,143.06,-0.28,0.14,-0.02,-0.95
93.71,R_MiddleProximal,1.60,87.91,143.69,-0.25,0.08,0.04,-0.96
93.71,R_ThumbProximal,-0.52,83.29,138.28,-0.20,0.39,-0.71,-0.56
93.71,R_RingProximal,3.73,87.28,143.51,-0.24,0.05,0.09,-0.97
93.71,L_LittleProximal,3.17,46.32,97.50,-0.68,-0.36,-0.04,-0.63
93.71,MediumCube,0.00,78.17,145.00,0.00,0.00,0.00,1.00
93.73,Main Camera,-14.72,112.08,94.49,0.12,-0.03,0.08,0.99
93.73,R_Palm,2.29,87.56,140.64,-0.03,0.14,0.05,-0.99
93.73,R_ThumbTip,-2.42,78.18,141.31,-0.12,0.56,-0.66,-0.49
93.73,R_IndexTip,-2.94,81.81,149.70,-0.41,0.10,-0.01,-0.91
93.73,R_MiddleTip,-0.38,81.46,151.45,-0.41,0.06,0.08,-0.91
93.73,R_RingTip,1.73,81.37,150.92,-0.43,0.08,0.13,-0.89
93.73,R_LittleTip,4.03,81.68,148.97,-0.40,0.06,0.21,-0.89
93.73,R_ThumbDistal,-1.28,80.39,140.44,-0.12,0.56,-0.66,-0.49
93.73,R_IndexIntermediate,-1.98,85.32,146.29,-0.37,0.13,-0.01,-0.92
93.73,R_MiddleIntermediate,0.54,85.37,147.52,-0.38,0.08,0.04,-0.92
93.73,R_RingIntermediate,2.85,85.03,147.05,-0.35,0.05,0.11,-0.93
93.73,R_LittleIntermediate,4.99,84.64,145.70,-0.36,0.01,0.19,-0.91
93.73,R_IndexProximal,-0.95,87.55,143.06,-0.29,0.14,-0.02,-0.95
93.73,R_MiddleProximal,1.34,87.80,143.70,-0.28,0.08,0.04,-0.96
93.73,R_ThumbProximal,-0.73,83.20,138.24,-0.20,0.39,-0.71,-0.55
93.73,R_RingProximal,3.47,87.18,143.53,-0.27,0.05,0.08,-0.96
93.73,L_LittleProximal,3.19,46.43,97.49,-0.68,-0.37,-0.05,-0.63
93.73,MediumCube,0.00,78.17,145.00,0.00,0.00,0.00,1.00
93.75,Main Camera,-14.83,112.02,94.57,0.12,-0.03,0.08,0.99
93.75,R_Palm,2.03,87.46,140.70,-0.03,0.14,0.05,-0.99
93.75,R_ThumbTip,-2.60,78.04,141.26,-0.12,0.57,-0.66,-0.48
93.75,R_IndexTip,-3.20,81.57,149.65,-0.42,0.10,-0.01,-0.90
93.75,R_MiddleTip,-0.67,81.02,151.24,-0.43,0.06,0.07,-0.90
93.75,R_RingTip,1.39,80.88,150.66,-0.45,0.09,0.12,-0.88
93.75,R_LittleTip,3.59,81.30,148.76,-0.43,0.07,0.20,-0.88
93.75,R_ThumbDistal,-1.47,80.27,140.42,-0.12,0.57,-0.66,-0.48
93.75,R_IndexIntermediate,-2.25,85.13,146.28,-0.38,0.13,-0.01,-0.92
93.75,R_MiddleIntermediate,0.26,85.10,147.48,-0.39,0.08,0.03,-0.91
93.75,R_RingIntermediate,2.54,84.75,147.00,-0.38,0.05,0.11,-0.92
93.75,R_LittleIntermediate,4.64,84.41,145.67,-0.39,0.02,0.19,-0.90
93.75,R_IndexProximal,-1.22,87.42,143.10,-0.29,0.14,-0.03,-0.94
93.75,R_MiddleProximal,1.06,87.67,143.76,-0.30,0.08,0.03,-0.95
93.75,R_ThumbProximal,-0.94,83.11,138.24,-0.20,0.40,-0.71,-0.55
93.75,R_RingProximal,3.20,87.06,143.59,-0.30,0.06,0.08,-0.95
93.75,L_LittleProximal,3.19,46.55,97.47,-0.68,-0.37,-0.06,-0.63
93.75,MediumCube,0.00,78.17,145.00,0.00,0.00,0.00,1.00
93.76,Main Camera,-14.92,111.97,94.65,0.12,-0.03,0.09,0.99
93.76,R_Palm,1.96,87.29,140.83,-0.04,0.15,0.05,-0.99
93.76,R_ThumbTip,-2.61,77.83,141.25,-0.13,0.57,-0.66,-0.48
93.76,R_IndexTip,-3.26,81.26,149.69,-0.42,0.10,-0.02,-0.90
93.76,R_MiddleTip,-0.78,80.48,151.05,-0.45,0.06,0.07,-0.89
93.76,R_RingTip,1.24,80.24,150.36,-0.48,0.09,0.12,-0.87
93.76,R_LittleTip,3.30,80.83,148.59,-0.45,0.08,0.20,-0.87
93.76,R_ThumbDistal,-1.50,80.07,140.44,-0.13,0.57,-0.66,-0.48
93.76,R_IndexIntermediate,-2.33,84.86,146.36,-0.38,0.13,-0.02,-0.91
93.76,R_MiddleIntermediate,0.15,84.73,147.49,-0.42,0.08,0.03,-0.91
93.76,R_RingIntermediate,2.42,84.33,146.97,-0.41,0.06,0.10,-0.90
93.76,R_LittleIntermediate,4.47,84.09,145.69,-0.41,0.03,0.18,-0.89
93.76,R_IndexProximal,-1.30,87.20,143.21,-0.30,0.14,-0.03,-0.94
93.76,R_MiddleProximal,0.97,87.45,143.89,-0.32,0.09,0.03,-0.94
93.76,R_ThumbProximal,-0.97,82.94,138.30,-0.21,0.40,-0.71,-0.54
93.76,R_RingProximal,3.11,86.86,143.72,-0.33,0.06,0.08,-0.94
93.76,L_LittleProximal,3.18,46.68,97.46,-0.68,-0.37,-0.07,-0.63
93.76,MediumCube,0.00,78.17,145.00,0.00,0.00,0.00,1.00
93.77,Main Camera,-15.01,111.91,94.71,0.12,-0.03,0.09,0.99
93.77,R_Palm,1.95,87.19,140.87,-0.05,0.15,0.05,-0.99
93.77,R_ThumbTip,-2.54,77.69,141.17,-0.13,0.58,-0.65,-0.47
93.77,R_IndexTip,-3.20,81.02,149.66,-0.43,0.09,-0.02,-0.90
93.77,R_MiddleTip,-0.76,80.05,150.80,-0.47,0.06,0.06,-0.88
93.77,R_RingTip,1.22,79.81,150.07,-0.50,0.09,0.11,-0.85
93.77,R_LittleTip,3.17,80.50,148.36,-0.47,0.09,0.19,-0.86
93.77,R_ThumbDistal,-1.44,79.95,140.39,-0.13,0.58,-0.65,-0.47
93.77,R_IndexIntermediate,-2.31,84.67,146.37,-0.39,0.12,-0.02,-0.91
93.77,R_MiddleIntermediate,0.14,84.46,147.43,-0.43,0.08,0.02,-0.90
93.77,R_RingIntermediate,2.39,84.08,146.90,-0.43,0.06,0.10,-0.89
93.77,R_LittleIntermediate,4.40,83.88,145.63,-0.43,0.03,0.17,-0.88
93.77,R_IndexProximal,-1.32,87.05,143.24,-0.31,0.14,-0.03,-0.94
93.77,R_MiddleProximal,0.95,87.32,143.93,-0.33,0.09,0.02,-0.94
93.77,R_ThumbProximal,-0.94,82.85,138.29,-0.21,0.41,-0.71,-0.54
93.77,R_RingProximal,3.10,86.74,143.77,-0.35,0.06,0.07,-0.93
93.77,L_LittleProximal,3.18,46.80,97.39,-0.68,-0.37,-0.09,-0.62
93.77,MediumCube,0.00,78.17,145.00,0.00,0.00,0.00,1.00
93.78,Main Camera,-15.06,111.84,94.74,0.12,-0.03,0.09,0.99
93.78,R_Palm,1.94,87.10,140.90,-0.05,0.15,0.04,-0.99
93.78,R_ThumbTip,-2.46,77.56,141.07,-0.14,0.58,-0.65,-0.47
93.78,R_IndexTip,-3.14,80.74,149.57,-0.44,0.09,-0.02,-0.89
93.78,R_MiddleTip,-0.74,79.65,150.53,-0.49,0.06,0.06,-0.87
93.78,R_RingTip,1.21,79.46,149.83,-0.52,0.09,0.11,-0.84
93.78,R_LittleTip,3.10,80.26,148.21,-0.48,0.09,0.19,-0.85
93.78,R_ThumbDistal,-1.39,79.85,140.32,-0.14,0.58,-0.65,-0.47
93.78,R_IndexIntermediate,-2.29,84.46,146.35,-0.40,0.12,-0.02,-0.91
93.78,R_MiddleIntermediate,0.13,84.22,147.38,-0.45,0.08,0.02,-0.89
93.78,R_RingIntermediate,2.38,83.86,146.85,-0.45,0.06,0.09,-0.89
93.78,R_LittleIntermediate,4.36,83.72,145.59,-0.45,0.04,0.17,-0.88
93.78,R_IndexProximal,-1.34,86.91,143.26,-0.32,0.14,-0.03,-0.94
93.78,R_MiddleProximal,0.93,87.18,143.96,-0.35,0.09,0.02,-0.93
93.78,R_ThumbProximal,-0.92,82.77,138.25,-0.22,0.41,-0.71,-0.53
93.78,R_RingProximal,3.08,86.62,143.80,-0.36,0.06,0.07,-0.93
93.78,L_LittleProximal,3.18,46.80,97.39,-0.68,-0.37,-0.09,-0.62
93.78,MediumCube,0.00,78.17,145.00,0.00,0.00,0.00,1.00
93.80,Main Camera,-15.12,111.80,94.78,0.12,-0.03,0.09,0.99
93.80,R_Palm,1.91,87.02,140.94,-0.06,0.15,0.04,-0.99
93.80,R_ThumbTip,-2.37,77.44,140.97,-0.14,0.58,-0.65,-0.46
93.80,R_IndexTip,-3.06,80.36,149.38,-0.45,0.09,-0.03,-0.89
93.80,R_MiddleTip,-0.69,79.27,150.28,-0.51,0.06,0.05,-0.86
93.80,R_RingTip,1.23,79.17,149.65,-0.53,0.09,0.11,-0.84
93.80,R_LittleTip,3.10,80.07,148.10,-0.49,0.09,0.18,-0.85
93.80,R_ThumbDistal,-1.33,79.75,140.25,-0.14,0.58,-0.65,-0.46
93.80,R_IndexIntermediate,-2.28,84.20,146.29,-0.42,0.12,-0.03,-0.90
93.80,R_MiddleIntermediate,0.13,83.97,147.32,-0.47,0.08,0.01,-0.88
93.80,R_RingIntermediate,2.37,83.67,146.80,-0.46,0.06,0.09,-0.88
93.80,R_LittleIntermediate,4.35,83.59,145.56,-0.46,0.04,0.16,-0.87
93.80,R_IndexProximal,-1.36,86.76,143.29,-0.33,0.14,-0.04,-0.93
93.80,R_MiddleProximal,0.91,87.05,143.99,-0.36,0.09,0.01,-0.93
93.80,R_ThumbProximal,-0.90,82.71,138.22,-0.22,0.41,-0.71,-0.53
93.80,R_RingProximal,3.06,86.50,143.82,-0.37,0.06,0.06,-0.92
93.80,L_LittleProximal,3.18,46.80,97.39,-0.68,-0.37,-0.09,-0.62
93.80,MediumCube,0.00,78.17,145.00,0.00,0.00,0.00,1.00
93.81,Main Camera,-15.17,111.77,94.80,0.12,-0.03,0.09,0.99
93.81,R_Palm,1.87,86.95,141.00,-0.07,0.15,0.04,-0.99
93.81,R_ThumbTip,-2.32,77.35,140.89,-0.15,0.59,-0.65,-0.46
93.81,R_IndexTip,-3.01,80.02,149.25,-0.47,0.08,-0.03,-0.88
93.81,R_MiddleTip,-0.66,78.91,150.06,-0.53,0.06,0.05,-0.85
93.81,R_RingTip,1.24,78.87,149.46,-0.55,0.08,0.10,-0.83
93.81,R_LittleTip,3.07,79.86,148.00,-0.50,0.09,0.18,-0.84
93.81,R_ThumbDistal,-1.31,79.68,140.20,-0.15,0.59,-0.65,-0.46
93.81,R_IndexIntermediate,-2.28,83.96,146.27,-0.43,0.12,-0.03,-0.89
93.81,R_MiddleIntermediate,0.11,83.74,147.28,-0.49,0.08,0.01,-0.87
93.81,R_RingIntermediate,2.35,83.47,146.77,-0.48,0.05,0.08,-0.87
93.81,R_LittleIntermediate,4.31,83.45,145.55,-0.47,0.04,0.16,-0.87
93.81,R_IndexProximal,-1.40,86.63,143.34,-0.35,0.13,-0.04,-0.93
93.81,R_MiddleProximal,0.86,86.92,144.06,-0.38,0.08,0.01,-0.92
93.81,R_ThumbProximal,-0.92,82.67,138.20,-0.23,0.41,-0.71,-0.52
93.81,R_RingProximal,3.02,86.40,143.88,-0.39,0.06,0.06,-0.92
93.81,L_LittleProximal,3.18,46.80,97.39,-0.68,-0.37,-0.09,-0.62
93.81,MediumCube,0.00,78.17,145.00,0.00,0.00,0.00,1.00
93.83,Main Camera,-15.22,111.73,94.81,0.13,-0.03,0.09,0.99
93.83,R_Palm,1.85,86.94,141.06,-0.07,0.15,0.03,-0.99
93.83,R_ThumbTip,-2.29,77.32,140.89,-0.16,0.58,-0.65,-0.46
93.83,R_IndexTip,-2.81,79.47,148.75,-0.51,0.08,-0.04,-0.86
93.83,R_MiddleTip,-0.57,78.57,149.70,-0.55,0.05,0.04,-0.83
93.83,R_RingTip,1.29,78.67,149.29,-0.56,0.08,0.10,-0.82
93.83,R_LittleTip,3.10,79.75,147.91,-0.51,0.09,0.18,-0.84
93.83,R_ThumbDistal,-1.30,79.66,140.21,-0.16,0.58,-0.65,-0.46
93.83,R_IndexIntermediate,-2.21,83.69,146.15,-0.47,0.11,-0.04,-0.87
93.83,R_MiddleIntermediate,0.14,83.56,147.22,-0.51,0.07,0.01,-0.85
93.83,R_RingIntermediate,2.36,83.37,146.75,-0.49,0.05,0.08,-0.86
93.83,R_LittleIntermediate,4.31,83.39,145.54,-0.48,0.04,0.16,-0.86
93.83,R_IndexProximal,-1.41,86.57,143.41,-0.38,0.13,-0.05,-0.91
93.83,R_MiddleProximal,0.85,86.87,144.12,-0.39,0.08,0.01,-0.92
93.83,R_ThumbProximal,-0.95,82.67,138.23,-0.23,0.41,-0.71,-0.52
93.83,R_RingProximal,3.01,86.37,143.93,-0.40,0.06,0.05,-0.91
93.83,L_LittleProximal,3.18,46.80,97.39,-0.68,-0.37,-0.09,-0.62
93.83,MediumCube,0.00,78.17,145.00,0.00,0.00,0.00,1.00
93.84,Main Camera,-15.26,111.71,94.80,0.13,-0.03,0.09,0.99
93.84,R_Palm,1.83,86.88,141.12,-0.08,0.15,0.03,-0.99
93.84,R_ThumbTip,-2.25,77.26,140.96,-0.16,0.58,-0.65,-0.46
93.84,R_IndexTip,-2.58,78.88,148.07,-0.57,0.07,-0.05,-0.82
93.84,R_MiddleTip,-0.50,78.21,149.27,-0.59,0.05,0.04,-0.81
93.84,R_RingTip,1.30,78.45,149.09,-0.58,0.08,0.10,-0.81
93.84,R_LittleTip,3.08,79.61,147.84,-0.52,0.09,0.17,-0.83
93.84,R_ThumbDistal,-1.28,79.61,140.27,-0.16,0.58,-0.65,-0.46
93.84,R_IndexIntermediate,-2.15,83.41,146.01,-0.52,0.10,-0.05,-0.84
93.84,R_MiddleIntermediate,0.16,83.38,147.17,-0.54,0.07,0.00,-0.84
93.84,R_RingIntermediate,2.36,83.24,146.73,-0.51,0.05,0.08,-0.86
93.84,R_LittleIntermediate,4.30,83.30,145.54,-0.48,0.04,0.15,-0.86
93.84,R_IndexProximal,-1.42,86.50,143.48,-0.42,0.12,-0.06,-0.90
93.84,R_MiddleProximal,0.84,86.81,144.18,-0.41,0.08,0.00,-0.91
93.84,R_ThumbProximal,-0.97,82.62,138.28,-0.24,0.41,-0.71,-0.52
93.84,R_RingProximal,3.00,86.31,143.99,-0.41,0.06,0.05,-0.91
93.84,L_LittleProximal,3.18,46.80,97.39,-0.68,-0.37,-0.09,-0.62
93.84,MediumCube,0.00,78.17,145.00,0.00,0.00,0.00,1.00
93.85,Main Camera,-15.30,111.69,94.79,0.13,-0.03,0.09,0.99
93.85,R_Palm,1.80,86.76,141.22,-0.08,0.14,0.03,-0.99
93.85,R_ThumbTip,-2.23,77.14,141.09,-0.16,0.58,-0.66,-0.46
93.85,R_IndexTip,-2.42,78.45,147.58,-0.61,0.06,-0.06,-0.79
93.85,R_MiddleTip,-0.46,77.85,148.86,-0.62,0.04,0.04,-0.78
93.85,R_RingTip,1.27,78.19,148.92,-0.60,0.08,0.09,-0.79
93.85,R_LittleTip,3.04,79.40,147.81,-0.53,0.09,0.17,-0.83
93.85,R_ThumbDistal,-1.28,79.49,140.39,-0.16,0.58,-0.66,-0.46
93.85,R_IndexIntermediate,-2.11,83.16,145.96,-0.56,0.10,-0.06,-0.82
93.85,R_MiddleIntermediate,0.15,83.17,147.16,-0.57,0.07,0.00,-0.82
93.85,R_RingIntermediate,2.34,83.07,146.77,-0.52,0.05,0.08,-0.85
93.85,R_LittleIntermediate,4.27,83.13,145.59,-0.49,0.04,0.15,-0.86
93.85,R_IndexProximal,-1.44,86.37,143.58,-0.44,0.12,-0.06,-0.89
93.85,R_MiddleProximal,0.82,86.69,144.28,-0.42,0.08,0.00,-0.90
93.85,R_ThumbProximal,-1.00,82.49,138.39,-0.24,0.41,-0.71,-0.52
93.85,R_RingProximal,2.98,86.20,144.08,-0.42,0.06,0.05,-0.90
93.85,L_LittleProximal,3.18,46.80,97.39,-0.68,-0.37,-0.09,-0.62
93.85,MediumCube,0.00,78.17,145.00,0.00,0.00,0.00,1.00
93.87,Main Camera,-15.32,111.67,94.77,0.13,-0.03,0.09,0.99
93.87,R_Palm,1.79,86.61,141.36,-0.07,0.14,0.03,-0.99
93.87,R_ThumbTip,-2.25,77.00,141.25,-0.16,0.58,-0.66,-0.46
93.87,R_IndexTip,-2.38,78.22,147.52,-0.63,0.06,-0.06,-0.78
93.87,R_MiddleTip,-0.45,77.56,148.65,-0.65,0.04,0.03,-0.76
93.87,R_RingTip,1.24,77.92,148.83,-0.61,0.08,0.09,-0.78
93.87,R_LittleTip,3.00,79.18,147.84,-0.54,0.09,0.17,-0.82
93.87,R_ThumbDistal,-1.31,79.35,140.54,-0.16,0.58,-0.66,-0.46
93.87,R_IndexIntermediate,-2.11,82.98,146.07,-0.57,0.10,-0.06,-0.81
93.87,R_MiddleIntermediate,0.14,82.96,147.22,-0.59,0.07,0.00,-0.81
93.87,R_RingIntermediate,2.32,82.87,146.85,-0.53,0.05,0.08,-0.84
93.87,R_LittleIntermediate,4.24,82.95,145.69,-0.50,0.04,0.15,-0.85
93.87,R_IndexProximal,-1.46,86.23,143.73,-0.44,0.12,-0.06,-0.89
93.87,R_MiddleProximal,0.81,86.54,144.42,-0.43,0.08,0.00,-0.90
93.87,R_ThumbProximal,-1.03,82.34,138.53,-0.24,0.41,-0.71,-0.52
93.87,R_RingProximal,2.97,86.05,144.22,-0.43,0.06,0.05,-0.90
93.87,L_LittleProximal,3.18,46.80,97.39,-0.68,-0.37,-0.09,-0.62
93.87,MediumCube,0.03,78.11,144.81,0.03,0.00,0.00,1.00
93.88,Main Camera,-15.34,111.66,94.74,0.13,-0.03,0.09,0.99
93.88,R_Palm,1.79,86.48,141.53,-0.07,0.14,0.03,-0.99
93.88,R_ThumbTip,-2.29,76.87,141.50,-0.16,0.58,-0.66,-0.46
93.88,R_IndexTip,-2.37,78.14,147.76,-0.62,0.06,-0.06,-0.78
93.88,R_MiddleTip,-0.44,77.41,148.70,-0.66,0.04,0.04,-0.75
93.88,R_RingTip,1.23,77.76,148.90,-0.62,0.08,0.10,-0.77
93.88,R_LittleTip,2.97,79.04,147.98,-0.54,0.09,0.17,-0.82
93.88,R_ThumbDistal,-1.34,79.22,140.77,-0.16,0.58,-0.66,-0.46
93.88,R_IndexIntermediate,-2.10,82.89,146.28,-0.57,0.09,-0.05,-0.81
93.88,R_MiddleIntermediate,0.16,82.83,147.37,-0.59,0.07,0.00,-0.80
93.88,R_RingIntermediate,2.32,82.73,146.99,-0.54,0.05,0.08,-0.84
93.88,R_LittleIntermediate,4.24,82.81,145.85,-0.50,0.04,0.15,-0.85
93.88,R_IndexProximal,-1.45,86.12,143.91,-0.44,0.12,-0.06,-0.89
93.88,R_MiddleProximal,0.82,86.43,144.60,-0.44,0.08,0.00,-0.90
93.88,R_ThumbProximal,-1.05,82.20,138.74,-0.24,0.40,-0.71,-0.52
93.88,R_RingProximal,2.98,85.93,144.40,-0.43,0.06,0.05,-0.90
93.88,L_LittleProximal,3.18,46.80,97.39,-0.68,-0.37,-0.09,-0.62
93.88,MediumCube,0.03,78.04,144.88,0.04,0.00,0.00,1.00
93.90,Main Camera,-15.36,111.67,94.72,0.13,-0.03,0.09,0.99
93.90,R_Palm,1.79,86.38,141.71,-0.07,0.14,0.04,-0.99
93.90,R_ThumbTip,-2.35,76.80,141.79,-0.16,0.57,-0.66,-0.46
93.90,R_IndexTip,-2.37,78.12,148.03,-0.62,0.06,-0.06,-0.78
93.90,R_MiddleTip,-0.44,77.30,148.76,-0.66,0.04,0.04,-0.75
93.90,R_RingTip,1.20,77.64,148.99,-0.63,0.08,0.10,-0.77
93.90,R_LittleTip,2.93,78.93,148.12,-0.54,0.09,0.18,-0.81
93.90,R_ThumbDistal,-1.38,79.13,141.03,-0.16,0.57,-0.66,-0.46
93.90,R_IndexIntermediate,-2.08,82.86,146.52,-0.57,0.09,-0.05,-0.82
93.90,R_MiddleIntermediate,0.17,82.74,147.52,-0.60,0.07,0.00,-0.80
93.90,R_RingIntermediate,2.32,82.63,147.15,-0.54,0.05,0.08,-0.83
93.90,R_LittleIntermediate,4.22,82.71,146.02,-0.50,0.04,0.16,-0.85
93.90,R_IndexProximal,-1.44,86.07,144.11,-0.44,0.12,-0.05,-0.89
93.90,R_MiddleProximal,0.84,86.37,144.79,-0.44,0.08,0.01,-0.89
93.90,R_ThumbProximal,-1.09,82.09,138.98,-0.24,0.40,-0.71,-0.52
93.90,R_RingProximal,2.99,85.85,144.58,-0.43,0.06,0.06,-0.90
93.90,L_LittleProximal,3.18,46.80,97.39,-0.68,-0.37,-0.09,-0.62
93.90,MediumCube,0.02,78.02,144.95,0.05,0.00,0.00,1.00
93.91,Main Camera,-15.36,111.68,94.66,0.13,-0.03,0.09,0.99
93.91,R_Palm,1.78,86.27,141.83,-0.06,0.14,0.04,-0.99
93.91,R_ThumbTip,-2.42,76.70,141.95,-0.16,0.57,-0.66,-0.47
93.91,R_IndexTip,-2.41,78.10,148.23,-0.62,0.06,-0.05,-0.78
93.91,R_MiddleTip,-0.49,77.22,148.84,-0.67,0.04,0.04,-0.74
93.91,R_RingTip,1.14,77.54,149.05,-0.63,0.08,0.10,-0.76
93.91,R_LittleTip,2.87,78.84,148.24,-0.54,0.09,0.18,-0.81
93.91,R_ThumbDistal,-1.45,79.02,141.18,-0.16,0.57,-0.66,-0.47
93.91,R_IndexIntermediate,-2.09,82.83,146.68,-0.56,0.09,-0.04,-0.82
93.91,R_MiddleIntermediate,0.16,82.66,147.63,-0.60,0.07,0.01,-0.80
93.91,R_RingIntermediate,2.30,82.53,147.25,-0.54,0.06,0.08,-0.83
93.91,R_LittleIntermediate,4.19,82.60,146.14,-0.50,0.04,0.16,-0.85
93.91,R_IndexProximal,-1.44,86.01,144.25,-0.43,0.11,-0.05,-0.89
93.91,R_MiddleProximal,0.85,86.29,144.91,-0.44,0.08,0.01,-0.89
93.91,R_ThumbProximal,-1.15,81.98,139.12,-0.24,0.40,-0.71,-0.53
93.91,R_RingProximal,2.99,85.75,144.69,-0.44,0.06,0.06,-0.90
93.91,L_LittleProximal,3.18,46.80,97.39,-0.68,-0.37,-0.09,-0.62
93.91,MediumCube,-0.04,77.97,145.03,0.06,0.00,0.00,1.00
93.92,Main Camera,-15.34,111.68,94.59,0.13,-0.03,0.09,0.99
93.92,R_Palm,1.81,86.13,141.90,-0.06,0.14,0.04,-0.99
93.92,R_ThumbTip,-2.45,76.57,142.04,-0.16,0.57,-0.65,-0.47
93.92,R_IndexTip,-2.40,78.02,148.37,-0.62,0.06,-0.05,-0.78
93.92,R_MiddleTip,-0.49,77.11,148.92,-0.67,0.04,0.05,-0.74
93.92,R_RingTip,1.13,77.41,149.11,-0.63,0.08,0.11,-0.76
93.92,R_LittleTip,2.85,78.72,148.33,-0.54,0.10,0.18,-0.81
93.92,R_ThumbDistal,-1.47,78.89,141.27,-0.16,0.57,-0.65,-0.47
93.92,R_IndexIntermediate,-2.06,82.74,146.79,-0.56,0.09,-0.04,-0.82
93.92,R_MiddleIntermediate,0.19,82.55,147.72,-0.60,0.07,0.01,-0.80
93.92,R_RingIntermediate,2.32,82.40,147.32,-0.54,0.06,0.09,-0.83
93.92,R_LittleIntermediate,4.20,82.46,146.21,-0.50,0.04,0.16,-0.85
93.92,R_IndexProximal,-1.40,85.91,144.34,-0.43,0.11,-0.04,-0.89
93.92,R_MiddleProximal,0.89,86.18,144.99,-0.44,0.08,0.01,-0.89
93.92,R_ThumbProximal,-1.16,81.85,139.21,-0.24,0.40,-0.71,-0.53
93.92,R_RingProximal,3.03,85.62,144.76,-0.44,0.06,0.06,-0.90
93.92,L_LittleProximal,3.18,46.80,97.39,-0.68,-0.37,-0.09,-0.62
93.92,MediumCube,-0.05,77.86,145.12,0.06,0.00,-0.01,1.00
93.94,Main Camera,-15.34,111.70,94.52,0.13,-0.03,0.09,0.99
93.94,R_Palm,1.84,86.01,141.97,-0.06,0.13,0.05,-0.99
93.94,R_ThumbTip,-2.47,76.47,142.13,-0.16,0.57,-0.65,-0.47
93.94,R_IndexTip,-2.37,77.92,148.44,-0.62,0.06,-0.04,-0.78
93.94,R_MiddleTip,-0.47,77.00,148.97,-0.67,0.04,0.05,-0.74
93.94,R_RingTip,1.14,77.29,149.15,-0.63,0.09,0.11,-0.76
93.94,R_LittleTip,2.84,78.61,148.40,-0.54,0.10,0.19,-0.81
93.94,R_ThumbDistal,-1.47,78.78,141.36,-0.16,0.57,-0.65,-0.47
93.94,R_IndexIntermediate,-2.02,82.64,146.87,-0.56,0.09,-0.04,-0.82
93.94,R_MiddleIntermediate,0.23,82.44,147.78,-0.60,0.07,0.01,-0.80
93.94,R_RingIntermediate,2.36,82.27,147.38,-0.55,0.06,0.09,-0.83
93.94,R_LittleIntermediate,4.22,82.34,146.26,-0.50,0.05,0.17,-0.85
93.94,R_IndexProximal,-1.35,85.81,144.42,-0.43,0.11,-0.04,-0.89
93.94,R_MiddleProximal,0.94,86.07,145.06,-0.44,0.08,0.02,-0.89
93.94,R_ThumbProximal,-1.16,81.74,139.30,-0.24,0.40,-0.71,-0.53
93.94,R_RingProximal,3.07,85.50,144.83,-0.44,0.06,0.07,-0.90
93.94,L_LittleProximal,3.18,46.80,97.39,-0.68,-0.37,-0.09,-0.62
93.94,MediumCube,-0.05,77.76,145.17,0.06,0.01,-0.01,1.00
93.95,Main Camera,-15.32,111.72,94.47,0.13,-0.03,0.09,0.99
93.95,R_Palm,1.85,85.98,141.98,-0.06,0.13,0.05,-0.99
93.95,R_ThumbTip,-2.47,76.44,142.16,-0.16,0.57,-0.65,-0.47
93.95,R_IndexTip,-2.30,77.78,148.24,-0.63,0.06,-0.04,-0.77
93.95,R_MiddleTip,-0.46,76.94,148.90,-0.67,0.04,0.05,-0.74
93.95,R_RingTip,1.14,77.24,149.11,-0.64,0.09,0.11,-0.76
93.95,R_LittleTip,2.82,78.59,148.42,-0.54,0.10,0.19,-0.81
93.95,R_ThumbDistal,-1.47,78.76,141.39,-0.16,0.57,-0.65,-0.47
93.95,R_IndexIntermediate,-1.98,82.54,146.79,-0.57,0.09,-0.04,-0.81
93.95,R_MiddleIntermediate,0.25,82.39,147.76,-0.60,0.07,0.01,-0.79
93.95,R_RingIntermediate,2.37,82.24,147.38,-0.55,0.06,0.09,-0.83
93.95,R_LittleIntermediate,4.22,82.31,146.27,-0.49,0.05,0.17,-0.85
93.95,R_IndexProximal,-1.34,85.79,144.45,-0.45,0.11,-0.04,-0.89
93.95,R_MiddleProximal,0.95,86.04,145.07,-0.45,0.08,0.02,-0.89
93.95,R_ThumbProximal,-1.17,81.71,139.32,-0.24,0.40,-0.71,-0.53
93.95,R_RingProximal,3.09,85.47,144.84,-0.44,0.06,0.07,-0.89
93.95,L_LittleProximal,3.18,46.80,97.39,-0.68,-0.37,-0.09,-0.62
93.95,MediumCube,-0.04,77.74,145.10,0.06,0.01,-0.01,1.00
93.96,Main Camera,-15.31,111.74,94.40,0.13,-0.03,0.09,0.99
93.96,R_Palm,1.86,85.96,141.98,-0.06,0.13,0.05,-0.99
93.96,R_ThumbTip,-2.45,76.42,142.17,-0.16,0.57,-0.65,-0.47
93.96,R_IndexTip,-2.20,77.61,147.92,-0.65,0.05,-0.04,-0.76
93.96,R_MiddleTip,-0.43,76.85,148.73,-0.68,0.04,0.05,-0.73
93.96,R_RingTip,1.15,77.18,149.01,-0.65,0.09,0.11,-0.75
93.96,R_LittleTip,2.81,78.56,148.38,-0.54,0.10,0.19,-0.81
93.96,R_ThumbDistal,-1.45,78.74,141.40,-0.16,0.57,-0.65,-0.47
93.96,R_IndexIntermediate,-1.93,82.43,146.67,-0.59,0.09,-0.04,-0.80
93.96,R_MiddleIntermediate,0.27,82.32,147.70,-0.61,0.07,0.01,-0.79
93.96,R_RingIntermediate,2.38,82.20,147.36,-0.55,0.06,0.09,-0.83
93.96,R_LittleIntermediate,4.22,82.28,146.26,-0.49,0.05,0.17,-0.85
93.96,R_IndexProximal,-1.32,85.77,144.45,-0.46,0.11,-0.04,-0.88
93.96,R_MiddleProximal,0.97,86.02,145.08,-0.46,0.08,0.02,-0.89
93.96,R_ThumbProximal,-1.15,81.68,139.33,-0.24,0.40,-0.71,-0.53
93.96,R_RingProximal,3.11,85.44,144.84,-0.44,0.06,0.07,-0.89
93.96,L_LittleProximal,3.18,46.80,97.39,-0.68,-0.37,-0.09,-0.62
93.96,MediumCube,-0.01,77.73,144.95,0.08,0.01,-0.01,1.00
93.98,Main Camera,-15.29,111.76,94.32,0.13,-0.03,0.09,0.99
93.98,R_Palm,1.87,85.94,141.99,-0.06,0.13,0.05,-0.99
93.98,R_ThumbTip,-2.44,76.40,142.19,-0.16,0.57,-0.65,-0.47
93.98,R_IndexTip,-2.13,77.48,147.69,-0.66,0.05,-0.05,-0.75
93.98,R_MiddleTip,-0.40,76.76,148.55,-0.69,0.04,0.05,-0.72
93.98,R_RingTip,1.15,77.10,148.88,-0.65,0.09,0.11,-0.74
93.98,R_LittleTip,2.79,78.52,148.34,-0.55,0.11,0.19,-0.81
93.98,R_ThumbDistal,-1.44,78.72,141.41,-0.16,0.57,-0.65,-0.47
93.98,R_IndexIntermediate,-1.89,82.34,146.58,-0.60,0.08,-0.04,-0.79
93.98,R_MiddleIntermediate,0.29,82.25,147.64,-0.62,0.07,0.01,-0.78
93.98,R_RingIntermediate,2.39,82.16,147.33,-0.56,0.06,0.09,-0.82
93.98,R_LittleIntermediate,4.22,82.25,146.24,-0.50,0.05,0.17,-0.85
93.98,R_IndexProximal,-1.31,85.75,144.46,-0.48,0.11,-0.05,-0.87
93.98,R_MiddleProximal,0.98,86.00,145.08,-0.46,0.08,0.02,-0.88
93.98,R_ThumbProximal,-1.14,81.67,139.34,-0.24,0.40,-0.71,-0.53
93.98,R_RingProximal,3.12,85.42,144.84,-0.44,0.06,0.07,-0.89
93.98,L_LittleProximal,3.18,46.80,97.39,-0.68,-0.37,-0.09,-0.62
93.98,MediumCube,0.02,77.74,144.80,0.09,0.01,-0.01,1.00
93.99,Main Camera,-15.26,111.79,94.24,0.13,-0.03,0.09,0.99
93.99,R_Palm,1.89,85.92,141.98,-0.06,0.13,0.05,-0.99
93.99,R_ThumbTip,-2.41,76.38,142.19,-0.16,0.57,-0.65,-0.47
93.99,R_IndexTip,-2.06,77.40,147.55,-0.66,0.05,-0.05,-0.74
93.99,R_MiddleTip,-0.36,76.68,148.40,-0.70,0.04,0.05,-0.71
93.99,R_RingTip,1.17,77.02,148.72,-0.66,0.09,0.11,-0.73
93.99,R_LittleTip,2.79,78.46,148.26,-0.55,0.11,0.19,-0.81
93.99,R_ThumbDistal,-1.42,78.69,141.41,-0.16,0.57,-0.65,-0.47
93.99,R_IndexIntermediate,-1.85,82.28,146.53,-0.61,0.08,-0.04,-0.79
93.99,R_MiddleIntermediate,0.31,82.19,147.59,-0.63,0.07,0.01,-0.78
93.99,R_RingIntermediate,2.41,82.10,147.28,-0.57,0.06,0.09,-0.82
93.99,R_LittleIntermediate,4.23,82.20,146.20,-0.50,0.05,0.17,-0.85
93.99,R_IndexProximal,-1.29,85.72,144.46,-0.48,0.10,-0.05,-0.87
93.99,R_MiddleProximal,1.00,85.97,145.08,-0.47,0.08,0.02,-0.88
93.99,R_ThumbProximal,-1.13,81.64,139.34,-0.24,0.39,-0.71,-0.53
93.99,R_RingProximal,3.14,85.40,144.83,-0.45,0.06,0.07,-0.89
93.99,L_LittleProximal,3.18,46.80,97.39,-0.68,-0.37,-0.09,-0.62
93.99,MediumCube,0.06,77.74,144.67,0.10,0.01,-0.01,1.00
94.01,Main Camera,-15.22,111.81,94.16,0.12,-0.03,0.09,0.99
94.01,R_Palm,1.93,85.89,141.97,-0.06,0.13,0.05,-0.99
94.01,R_ThumbTip,-2.36,76.35,142.18,-0.16,0.57,-0.65,-0.47
94.01,R_IndexTip,-2.00,77.36,147.51,-0.67,0.05,-0.05,-0.74
94.01,R_MiddleTip,-0.30,76.62,148.29,-0.70,0.04,0.05,-0.71
94.01,R_RingTip,1.22,76.93,148.57,-0.67,0.09,0.11,-0.73
94.01,R_LittleTip,2.83,78.39,148.19,-0.56,0.11,0.18,-0.80
94.01,R_ThumbDistal,-1.37,78.66,141.40,-0.16,0.57,-0.65,-0.47
94.01,R_IndexIntermediate,-1.80,82.24,146.52,-0.61,0.08,-0.04,-0.79
94.01,R_MiddleIntermediate,0.37,82.14,147.55,-0.63,0.07,0.01,-0.77
94.01,R_RingIntermediate,2.45,82.04,147.22,-0.57,0.06,0.09,-0.81
94.01,R_LittleIntermediate,4.27,82.16,146.16,-0.50,0.05,0.17,-0.85
94.01,R_IndexProximal,-1.25,85.69,144.45,-0.48,0.10,-0.05,-0.87
94.01,R_MiddleProximal,1.05,85.94,145.07,-0.47,0.07,0.02,-0.88
94.01,R_ThumbProximal,-1.09,81.61,139.33,-0.24,0.39,-0.71,-0.53
94.01,R_RingProximal,3.18,85.37,144.81,-0.46,0.06,0.07,-0.89
94.01,L_LittleProximal,3.18,46.80,97.39,-0.68,-0.37,-0.09,-0.62
94.01,MediumCube,0.12,77.73,144.57,0.10,0.01,-0.01,0.99
94.02,Main Camera,-15.19,111.84,94.08,0.12,-0.03,0.09,0.99
94.02,R_Palm,1.96,85.88,141.95,-0.06,0.13,0.05,-0.99
94.02,R_ThumbTip,-2.32,76.34,142.16,-0.16,0.57,-0.65,-0.48
94.02,R_IndexTip,-1.94,77.34,147.48,-0.67,0.04,-0.05,-0.74
94.02,R_MiddleTip,-0.24,76.60,148.24,-0.70,0.04,0.05,-0.71
94.02,R_RingTip,1.28,76.89,148.47,-0.67,0.08,0.11,-0.73
94.02,R_LittleTip,2.89,78.37,148.12,-0.56,0.11,0.19,-0.80
94.02,R_ThumbDistal,-1.33,78.66,141.39,-0.16,0.57,-0.65,-0.48
94.02,R_IndexIntermediate,-1.74,82.23,146.51,-0.61,0.08,-0.04,-0.79
94.02,R_MiddleIntermediate,0.43,82.12,147.53,-0.63,0.07,0.01,-0.77
94.02,R_RingIntermediate,2.51,82.01,147.17,-0.58,0.05,0.09,-0.81
94.02,R_LittleIntermediate,4.32,82.14,146.11,-0.50,0.05,0.17,-0.85
94.02,R_IndexProximal,-1.21,85.68,144.44,-0.49,0.10,-0.04,-0.87
94.02,R_MiddleProximal,1.09,85.93,145.05,-0.47,0.07,0.02,-0.88
94.02,R_ThumbProximal,-1.06,81.61,139.32,-0.24,0.39,-0.71,-0.53
94.02,R_RingProximal,3.23,85.36,144.79,-0.46,0.06,0.07,-0.88
94.02,L_LittleProximal,3.18,46.80,97.39,-0.68,-0.37,-0.09,-0.62
94.02,MediumCube,0.17,77.73,144.52,0.11,0.01,-0.01,0.99
94.03,Main Camera,-15.17,111.88,93.99,0.12,-0.03,0.09,0.99
94.03,R_Palm,1.99,85.89,141.91,-0.06,0.13,0.05,-0.99
94.03,R_ThumbTip,-2.30,76.35,142.14,-0.16,0.57,-0.65,-0.48
94.03,R_IndexTip,-1.89,77.34,147.45,-0.67,0.04,-0.04,-0.74
94.03,R_MiddleTip,-0.19,76.60,148.19,-0.70,0.04,0.05,-0.71
94.03,R_RingTip,1.32,76.87,148.38,-0.68,0.08,0.11,-0.72
94.03,R_LittleTip,2.93,78.36,148.06,-0.56,0.10,0.19,-0.80
94.03,R_ThumbDistal,-1.31,78.67,141.36,-0.16,0.57,-0.65,-0.48
94.03,R_IndexIntermediate,-1.70,82.23,146.48,-0.61,0.08,-0.04,-0.79
94.03,R_MiddleIntermediate,0.47,82.12,147.49,-0.63,0.07,0.02,-0.77
94.03,R_RingIntermediate,2.55,82.00,147.11,-0.58,0.05,0.09,-0.81
94.03,R_LittleIntermediate,4.36,82.14,146.06,-0.50,0.05,0.17,-0.85
94.03,R_IndexProximal,-1.17,85.68,144.42,-0.49,0.10,-0.04,-0.87
94.03,R_MiddleProximal,1.13,85.93,145.02,-0.48,0.07,0.02,-0.88
94.03,R_ThumbProximal,-1.05,81.62,139.29,-0.25,0.39,-0.71,-0.53
94.03,R_RingProximal,3.27,85.36,144.74,-0.46,0.06,0.07,-0.88
94.03,L_LittleProximal,3.18,46.80,97.39,-0.68,-0.37,-0.09,-0.62
94.03,MediumCube,0.20,77.73,144.48,0.11,0.01,-0.01,0.99
94.05,Main Camera,-15.15,111.92,93.91,0.12,-0.03,0.09,0.99
94.05,R_Palm,2.02,85.89,141.85,-0.06,0.12,0.05,-0.99
94.05,R_ThumbTip,-2.29,76.37,142.10,-0.17,0.57,-0.65,-0.48
94.05,R_IndexTip,-1.85,77.36,147.41,-0.67,0.04,-0.04,-0.74
94.05,R_MiddleTip,-0.15,76.60,148.12,-0.70,0.04,0.06,-0.71
94.05,R_RingTip,1.36,76.86,148.30,-0.68,0.08,0.11,-0.72
94.05,R_LittleTip,2.97,78.35,147.98,-0.56,0.10,0.19,-0.80
94.05,R_ThumbDistal,-1.30,78.68,141.32,-0.17,0.57,-0.65,-0.48
94.05,R_IndexIntermediate,-1.65,82.24,146.44,-0.61,0.07,-0.03,-0.79
94.05,R_MiddleIntermediate,0.52,82.12,147.43,-0.63,0.06,0.02,-0.77
94.05,R_RingIntermediate,2.60,81.99,147.04,-0.58,0.05,0.10,-0.81
94.05,R_LittleIntermediate,4.40,82.13,145.98,-0.50,0.05,0.17,-0.85
94.05,R_IndexProximal,-1.13,85.70,144.38,-0.49,0.10,-0.04,-0.87
94.05,R_MiddleProximal,1.18,85.94,144.96,-0.48,0.07,0.02,-0.88
94.05,R_ThumbProximal,-1.04,81.63,139.25,-0.25,0.39,-0.71,-0.54
94.05,R_RingProximal,3.31,85.36,144.68,-0.46,0.06,0.07,-0.88
94.05,L_LittleProximal,3.18,46.80,97.39,-0.68,-0.37,-0.09,-0.62
94.05,MediumCube,0.22,77.74,144.41,0.11,0.01,-0.01,0.99
94.06,Main Camera,-15.12,111.96,93.82,0.12,-0.03,0.09,0.99
94.06,R_Palm,2.05,85.90,141.79,-0.06,0.12,0.05,-0.99
94.06,R_ThumbTip,-2.28,76.39,142.05,-0.17,0.57,-0.65,-0.48
94.06,R_IndexTip,-1.81,77.37,147.36,-0.67,0.04,-0.04,-0.74
94.06,R_MiddleTip,-0.11,76.60,148.04,-0.71,0.03,0.06,-0.71
94.06,R_RingTip,1.40,76.85,148.19,-0.68,0.08,0.12,-0.72
94.06,R_LittleTip,3.01,78.34,147.89,-0.56,0.10,0.19,-0.80
94.06,R_ThumbDistal,-1.28,78.70,141.27,-0.17,0.57,-0.65,-0.48
94.06,R_IndexIntermediate,-1.60,82.26,146.40,-0.61,0.07,-0.03,-0.79
94.06,R_MiddleIntermediate,0.58,82.12,147.36,-0.63,0.06,0.02,-0.77
94.06,R_RingIntermediate,2.65,81.98,146.95,-0.58,0.05,0.10,-0.81
94.06,R_LittleIntermediate,4.44,82.12,145.89,-0.50,0.05,0.17,-0.84
94.06,R_IndexProximal,-1.08,85.71,144.33,-0.49,0.09,-0.04,-0.87
94.06,R_MiddleProximal,1.23,85.94,144.90,-0.48,0.07,0.03,-0.88
94.06,R_ThumbProximal,-1.04,81.65,139.20,-0.25,0.39,-0.70,-0.54
94.06,R_RingProximal,3.35,85.36,144.60,-0.46,0.06,0.07,-0.88
94.06,L_LittleProximal,3.18,46.80,97.39,-0.68,-0.37,-0.09,-0.62
94.06,MediumCube,0.25,77.76,144.33,0.11,0.02,-0.01,0.99
94.08,Main Camera,-15.09,112.00,93.73,0.12,-0.03,0.09,0.99
94.08,R_Palm,2.06,85.93,141.72,-0.06,0.12,0.05,-0.99
94.08,R_ThumbTip,-2.30,76.43,142.00,-0.17,0.57,-0.65,-0.48
94.08,R_IndexTip,-1.81,77.41,147.31,-0.67,0.04,-0.03,-0.74
94.08,R_MiddleTip,-0.11,76.63,147.97,-0.71,0.03,0.06,-0.70
94.08,R_RingTip,1.39,76.87,148.09,-0.68,0.08,0.12,-0.72
94.08,R_LittleTip,3.00,78.35,147.78,-0.56,0.10,0.19,-0.80
94.08,R_ThumbDistal,-1.30,78.74,141.21,-0.17,0.57,-0.65,-0.48
94.08,R_IndexIntermediate,-1.59,82.30,146.34,-0.61,0.07,-0.03,-0.79
94.08,R_MiddleIntermediate,0.59,82.15,147.30,-0.63,0.06,0.02,-0.77
94.08,R_RingIntermediate,2.65,82.00,146.87,-0.58,0.05,0.10,-0.80
94.08,R_LittleIntermediate,4.44,82.13,145.80,-0.51,0.05,0.17,-0.84
94.08,R_IndexProximal,-1.07,85.74,144.27,-0.49,0.09,-0.03,-0.87
94.08,R_MiddleProximal,1.24,85.97,144.83,-0.48,0.07,0.03,-0.88
94.08,R_ThumbProximal,-1.05,81.69,139.14,-0.25,0.39,-0.70,-0.54
94.08,R_RingProximal,3.37,85.38,144.53,-0.46,0.06,0.08,-0.88
94.08,L_LittleProximal,3.18,46.80,97.39,-0.68,-0.37,-0.09,-0.62
94.08,MediumCube,0.24,77.79,144.26,0.11,0.02,-0.01,0.99
94.09,Main Camera,-15.05,112.04,93.62,0.12,-0.02,0.09,0.99
94.09,R_Palm,2.09,85.93,141.68,-0.06,0.12,0.05,-0.99
94.09,R_ThumbTip,-2.27,76.44,141.99,-0.17,0.56,-0.65,-0.48
94.09,R_IndexTip,-1.78,77.42,147.29,-0.67,0.04,-0.03,-0.74
94.09,R_MiddleTip,-0.07,76.64,147.93,-0.71,0.03,0.06,-0.70
94.09,R_RingTip,1.42,76.86,148.00,-0.68,0.08,0.12,-0.71
94.09,R_LittleTip,3.02,78.32,147.69,-0.57,0.10,0.19,-0.79
94.09,R_ThumbDistal,-1.27,78.74,141.19,-0.17,0.56,-0.65,-0.48
94.09,R_IndexIntermediate,-1.55,82.31,146.32,-0.61,0.07,-0.03,-0.79
94.09,R_MiddleIntermediate,0.63,82.16,147.26,-0.63,0.06,0.03,-0.77
94.09,R_RingIntermediate,2.69,82.00,146.82,-0.59,0.05,0.10,-0.80
94.09,R_LittleIntermediate,4.47,82.12,145.74,-0.51,0.05,0.17,-0.84
94.09,R_IndexProximal,-1.03,85.75,144.23,-0.48,0.09,-0.03,-0.87
94.09,R_MiddleProximal,1.28,85.98,144.79,-0.48,0.07,0.03,-0.88
94.09,R_ThumbProximal,-1.03,81.69,139.11,-0.25,0.39,-0.70,-0.54
94.09,R_RingProximal,3.40,85.38,144.48,-0.47,0.06,0.08,-0.88
94.09,L_LittleProximal,3.18,46.80,97.39,-0.68,-0.37,-0.09,-0.62
94.09,MediumCube,0.27,77.80,144.22,0.11,0.02,-0.01,0.99
94.10,Main Camera,-15.02,112.07,93.52,0.12,-0.02,0.09,0.99
94.10,R_Palm,2.12,85.94,141.60,-0.06,0.12,0.05,-0.99
94.10,R_ThumbTip,-2.25,76.46,141.94,-0.17,0.56,-0.65,-0.49
94.10,R_IndexTip,-1.74,77.45,147.23,-0.67,0.04,-0.03,-0.74
94.10,R_MiddleTip,-0.04,76.65,147.80,-0.71,0.03,0.06,-0.70
94.10,R_RingTip,1.44,76.85,147.77,-0.70,0.08,0.12,-0.70
94.10,R_LittleTip,3.02,78.29,147.51,-0.58,0.10,0.19,-0.79
94.10,R_ThumbDistal,-1.25,78.76,141.13,-0.17,0.56,-0.65,-0.49
94.10,R_IndexIntermediate,-1.52,82.33,146.25,-0.61,0.07,-0.03,-0.79
94.10,R_MiddleIntermediate,0.66,82.18,147.19,-0.64,0.06,0.03,-0.77
94.10,R_RingIntermediate,2.72,82.01,146.74,-0.59,0.05,0.10,-0.80
94.10,R_LittleIntermediate,4.49,82.11,145.63,-0.51,0.05,0.17,-0.84
94.10,R_IndexProximal,-1.00,85.77,144.16,-0.48,0.09,-0.03,-0.87
94.10,R_MiddleProximal,1.31,86.00,144.72,-0.48,0.07,0.03,-0.88
94.10,R_ThumbProximal,-1.00,81.70,139.05,-0.25,0.39,-0.70,-0.54
94.10,R_RingProximal,3.43,85.40,144.41,-0.47,0.06,0.08,-0.88
94.10,L_LittleProximal,3.18,46.80,97.39,-0.68,-0.37,-0.09,-0.62
94.10,MediumCube,0.30,77.86,144.11,0.12,0.02,-0.01,0.99
94.12,Main Camera,-15.00,112.11,93.42,0.12,-0.02,0.09,0.99
94.12,R_Palm,2.14,85.94,141.51,-0.06,0.12,0.05,-0.99
94.12,R_ThumbTip,-2.22,76.46,141.87,-0.17,0.56,-0.65,-0.49
94.12,R_IndexTip,-1.71,77.46,147.15,-0.67,0.04,-0.03,-0.74
94.12,R_MiddleTip,-0.01,76.65,147.62,-0.72,0.03,0.06,-0.69
94.12,R_RingTip,1.44,76.81,147.46,-0.71,0.08,0.12,-0.69
94.12,R_LittleTip,3.01,78.23,147.27,-0.59,0.11,0.19,-0.78
94.12,R_ThumbDistal,-1.22,78.77,141.06,-0.17,0.56,-0.65,-0.49
94.12,R_IndexIntermediate,-1.50,82.34,146.17,-0.61,0.07,-0.03,-0.79
94.12,R_MiddleIntermediate,0.68,82.19,147.10,-0.64,0.06,0.03,-0.76
94.12,R_RingIntermediate,2.74,82.00,146.62,-0.61,0.05,0.10,-0.79
94.12,R_LittleIntermediate,4.50,82.09,145.50,-0.52,0.05,0.17,-0.84
94.12,R_IndexProximal,-0.98,85.78,144.07,-0.48,0.09,-0.03,-0.87
94.12,R_MiddleProximal,1.34,86.00,144.62,-0.48,0.07,0.03,-0.88
94.12,R_ThumbProximal,-0.98,81.70,138.96,-0.25,0.39,-0.70,-0.54
94.12,R_RingProximal,3.46,85.41,144.32,-0.47,0.06,0.08,-0.88
94.12,L_LittleProximal,3.18,46.80,97.39,-0.68,-0.37,-0.09,-0.62
94.12,MediumCube,0.33,77.93,143.95,0.13,0.02,-0.01,0.99
94.13,Main Camera,-14.98,112.14,93.33,0.12,-0.02,0.09,0.99
94.13,R_Palm,2.17,85.95,141.45,-0.06,0.12,0.05,-0.99
94.13,R_ThumbTip,-2.19,76.47,141.83,-0.17,0.56,-0.65,-0.49
94.13,R_IndexTip,-1.69,77.47,147.09,-0.67,0.04,-0.03,-0.74
94.13,R_MiddleTip,0.01,76.65,147.49,-0.72,0.03,0.06,-0.69
94.13,R_RingTip,1.45,76.79,147.24,-0.72,0.08,0.12,-0.68
94.13,R_LittleTip,3.01,78.19,147.12,-0.60,0.11,0.19,-0.77
94.13,R_ThumbDistal,-1.20,78.77,141.01,-0.17,0.56,-0.65,-0.49
94.13,R_IndexIntermediate,-1.47,82.36,146.11,-0.61,0.07,-0.02,-0.79
94.13,R_MiddleIntermediate,0.71,82.20,147.04,-0.65,0.06,0.03,-0.76
94.13,R_RingIntermediate,2.76,82.00,146.54,-0.61,0.05,0.10,-0.78
94.13,R_LittleIntermediate,4.51,82.08,145.42,-0.52,0.05,0.17,-0.83
94.13,R_IndexProximal,-0.95,85.79,144.01,-0.48,0.09,-0.03,-0.87
94.13,R_MiddleProximal,1.36,86.01,144.56,-0.48,0.07,0.03,-0.88
94.13,R_ThumbProximal,-0.96,81.71,138.91,-0.25,0.38,-0.70,-0.54
94.13,R_RingProximal,3.48,85.41,144.26,-0.47,0.06,0.08,-0.88
94.13,L_LittleProximal,3.18,46.80,97.39,-0.68,-0.37,-0.09,-0.62
94.13,MediumCube,0.36,77.99,143.84,0.14,0.02,-0.01,0.99
94.15,Main Camera,-14.96,112.18,93.23,0.12,-0.02,0.09,0.99
94.15,R_Palm,2.19,85.95,141.39,-0.05,0.12,0.06,-0.99
94.15,R_ThumbTip,-2.18,76.49,141.81,-0.17,0.56,-0.65,-0.49
94.15,R_IndexTip,-1.66,77.49,147.04,-0.67,0.04,-0.03,-0.74
94.15,R_MiddleTip,0.03,76.67,147.38,-0.73,0.03,0.06,-0.68
94.15,R_RingTip,1.46,76.79,147.05,-0.73,0.09,0.12,-0.67
94.15,R_LittleTip,3.00,78.17,146.97,-0.61,0.11,0.19,-0.76
94.15,R_ThumbDistal,-1.18,78.79,140.98,-0.17,0.56,-0.65,-0.49
94.15,R_IndexIntermediate,-1.44,82.37,146.07,-0.61,0.07,-0.02,-0.79
94.15,R_MiddleIntermediate,0.73,82.21,146.99,-0.65,0.06,0.03,-0.76
94.15,R_RingIntermediate,2.78,82.00,146.48,-0.62,0.06,0.10,-0.77
94.15,R_LittleIntermediate,4.53,82.07,145.34,-0.53,0.05,0.17,-0.83
94.15,R_IndexProximal,-0.93,85.80,143.95,-0.48,0.09,-0.03,-0.87
94.15,R_MiddleProximal,1.39,86.02,144.51,-0.48,0.07,0.03,-0.88
94.15,R_ThumbProximal,-0.94,81.71,138.87,-0.25,0.38,-0.70,-0.54
94.15,R_RingProximal,3.51,85.42,144.20,-0.47,0.06,0.08,-0.88
94.15,L_LittleProximal,3.18,46.80,97.39,-0.68,-0.37,-0.09,-0.62
94.15,MediumCube,0.38,78.05,143.75,0.14,0.02,-0.01,0.99
94.16,Main Camera,-14.94,112.20,93.14,0.12,-0.02,0.09,0.99
94.16,R_Palm,2.27,85.97,141.26,-0.05,0.12,0.06,-0.99
94.16,R_ThumbTip,-2.11,76.53,141.74,-0.16,0.56,-0.65,-0.49
94.16,R_IndexTip,-1.58,77.52,146.90,-0.67,0.04,-0.03,-0.74
94.16,R_MiddleTip,0.10,76.70,147.21,-0.73,0.03,0.06,-0.68
94.16,R_RingTip,1.52,76.80,146.82,-0.74,0.09,0.12,-0.66
94.16,R_LittleTip,3.05,78.17,146.76,-0.62,0.11,0.19,-0.76
94.16,R_ThumbDistal,-1.12,78.82,140.89,-0.16,0.56,-0.65,-0.49
94.16,R_IndexIntermediate,-1.36,82.41,145.95,-0.61,0.07,-0.02,-0.79
94.16,R_MiddleIntermediate,0.81,82.24,146.86,-0.65,0.06,0.03,-0.75
94.16,R_RingIntermediate,2.85,82.02,146.33,-0.63,0.06,0.10,-0.77
94.16,R_LittleIntermediate,4.60,82.09,145.20,-0.53,0.05,0.17,-0.83
94.16,R_IndexProximal,-0.85,85.83,143.83,-0.48,0.09,-0.03,-0.87
94.16,R_MiddleProximal,1.47,86.05,144.37,-0.47,0.06,0.03,-0.88
94.16,R_ThumbProximal,-0.88,81.73,138.76,-0.25,0.38,-0.70,-0.55
94.16,R_RingProximal,3.59,85.44,144.07,-0.47,0.06,0.08,-0.87
94.16,L_LittleProximal,3.18,46.80,97.39,-0.68,-0.37,-0.09,-0.62
94.16,MediumCube,0.46,78.12,143.59,0.15,0.02,-0.01,0.99
94.17,Main Camera,-14.92,112.25,93.05,0.12,-0.02,0.09,0.99
94.17,R_Palm,2.39,85.98,141.00,-0.05,0.12,0.06,-0.99
94.17,R_ThumbTip,-2.01,76.56,141.54,-0.16,0.56,-0.65,-0.49
94.17,R_IndexTip,-1.47,77.56,146.66,-0.67,0.04,-0.03,-0.74
94.17,R_MiddleTip,0.21,76.73,146.94,-0.73,0.03,0.06,-0.68
94.17,R_RingTip,1.62,76.83,146.53,-0.74,0.09,0.12,-0.65
94.17,R_LittleTip,3.14,78.18,146.48,-0.62,0.12,0.19,-0.75
94.17,R_ThumbDistal,-1.01,78.84,140.68,-0.16,0.56,-0.65,-0.49
94.17,R_IndexIntermediate,-1.24,82.44,145.71,-0.61,0.07,-0.02,-0.79
94.17,R_MiddleIntermediate,0.93,82.27,146.62,-0.65,0.06,0.03,-0.75
94.17,R_RingIntermediate,2.97,82.04,146.09,-0.63,0.06,0.10,-0.77
94.17,R_LittleIntermediate,4.71,82.11,144.96,-0.53,0.06,0.17,-0.82
94.17,R_IndexProximal,-0.72,85.86,143.57,-0.48,0.09,-0.03,-0.87
94.17,R_MiddleProximal,1.60,86.07,144.12,-0.47,0.07,0.03,-0.88
94.17,R_ThumbProximal,-0.77,81.74,138.53,-0.25,0.38,-0.70,-0.55
94.17,R_RingProximal,3.71,85.46,143.82,-0.47,0.06,0.08,-0.88
94.17,L_LittleProximal,3.18,46.80,97.39,-0.68,-0.37,-0.09,-0.62
94.17,MediumCube,0.57,78.17,143.33,0.15,0.02,-0.01,0.99
94.19,Main Camera,-14.89,112.28,92.95,0.12,-0.02,0.09,0.99
94.19,R_Palm,2.47,86.01,140.77,-0.05,0.12,0.06,-0.99
94.19,R_ThumbTip,-1.93,76.60,141.34,-0.16,0.55,-0.65,-0.49
94.19,R_IndexTip,-1.40,77.61,146.45,-0.67,0.04,-0.03,-0.74
94.19,R_MiddleTip,0.28,76.79,146.72,-0.73,0.03,0.06,-0.68
94.19,R_RingTip,1.69,76.88,146.30,-0.74,0.09,0.12,-0.65
94.19,R_LittleTip,3.20,78.22,146.23,-0.62,0.12,0.19,-0.75
94.19,R_ThumbDistal,-0.94,78.88,140.47,-0.16,0.55,-0.65,-0.49
94.19,R_IndexIntermediate,-1.16,82.50,145.48,-0.61,0.07,-0.02,-0.79
94.19,R_MiddleIntermediate,1.01,82.33,146.39,-0.65,0.06,0.03,-0.75
94.19,R_RingIntermediate,3.04,82.09,145.87,-0.63,0.06,0.10,-0.77
94.19,R_LittleIntermediate,4.79,82.15,144.74,-0.54,0.06,0.17,-0.82
94.19,R_IndexProximal,-0.64,85.90,143.34,-0.48,0.09,-0.03,-0.87
94.19,R_MiddleProximal,1.68,86.12,143.88,-0.47,0.07,0.03,-0.88
94.19,R_ThumbProximal,-0.69,81.77,138.31,-0.24,0.38,-0.71,-0.55
94.19,R_RingProximal,3.79,85.50,143.58,-0.47,0.06,0.08,-0.88
94.19,L_LittleProximal,3.18,46.80,97.39,-0.68,-0.37,-0.09,-0.62
94.19,MediumCube,0.64,78.23,143.11,0.15,0.02,-0.01,0.99
94.20,Main Camera,-14.85,112.30,92.84,0.12,-0.02,0.09,0.99
94.20,R_Palm,2.62,86.03,140.49,-0.05,0.12,0.06,-0.99
94.20,R_ThumbTip,-1.78,76.62,141.11,-0.16,0.55,-0.65,-0.49
94.20,R_IndexTip,-1.25,77.64,146.19,-0.67,0.04,-0.03,-0.74
94.20,R_MiddleTip,0.43,76.82,146.46,-0.73,0.03,0.06,-0.68
94.20,R_RingTip,1.83,76.91,146.04,-0.74,0.09,0.12,-0.65
94.20,R_LittleTip,3.34,78.25,145.97,-0.62,0.12,0.19,-0.75
94.20,R_ThumbDistal,-0.78,78.89,140.22,-0.16,0.55,-0.65,-0.49
94.20,R_IndexIntermediate,-1.02,82.53,145.22,-0.61,0.07,-0.02,-0.79
94.20,R_MiddleIntermediate,1.15,82.36,146.13,-0.65,0.06,0.03,-0.76
94.20,R_RingIntermediate,3.19,82.12,145.61,-0.63,0.06,0.10,-0.77
94.20,R_LittleIntermediate,4.93,82.18,144.48,-0.54,0.06,0.17,-0.82
94.20,R_IndexProximal,-0.49,85.92,143.06,-0.48,0.09,-0.03,-0.87
94.20,R_MiddleProximal,1.82,86.14,143.61,-0.47,0.07,0.03,-0.88
94.20,R_ThumbProximal,-0.54,81.78,138.05,-0.24,0.37,-0.71,-0.55
94.20,R_RingProximal,3.94,85.53,143.31,-0.47,0.06,0.08,-0.88
94.20,L_LittleProximal,3.18,46.80,97.39,-0.68,-0.37,-0.09,-0.62
94.20,MediumCube,0.79,78.26,142.85,0.15,0.02,-0.01,0.99
94.21,Main Camera,-14.82,112.33,92.73,0.12,-0.02,0.10,0.99
94.21,R_Palm,2.74,86.05,140.36,-0.05,0.12,0.06,-0.99
94.21,R_ThumbTip,-1.66,76.64,140.99,-0.16,0.55,-0.65,-0.49
94.21,R_IndexTip,-1.13,77.68,146.07,-0.67,0.04,-0.03,-0.74
94.21,R_MiddleTip,0.54,76.85,146.34,-0.73,0.03,0.06,-0.68
94.21,R_RingTip,1.94,76.95,145.92,-0.74,0.09,0.12,-0.65
94.21,R_LittleTip,3.44,78.29,145.85,-0.62,0.12,0.19,-0.75
94.21,R_ThumbDistal,-0.66,78.92,140.11,-0.16,0.55,-0.65,-0.49
94.21,R_IndexIntermediate,-0.91,82.56,145.09,-0.61,0.07,-0.02,-0.79
94.21,R_MiddleIntermediate,1.26,82.39,146.00,-0.65,0.06,0.03,-0.76
94.21,R_RingIntermediate,3.30,82.16,145.48,-0.63,0.06,0.10,-0.77
94.21,R_LittleIntermediate,5.04,82.22,144.36,-0.53,0.06,0.17,-0.82
94.21,R_IndexProximal,-0.38,85.95,142.92,-0.47,0.09,-0.03,-0.88
94.21,R_MiddleProximal,1.93,86.17,143.47,-0.47,0.07,0.03,-0.88
94.21,R_ThumbProximal,-0.42,81.79,137.93,-0.24,0.37,-0.71,-0.55
94.21,R_RingProximal,4.05,85.56,143.18,-0.47,0.06,0.08,-0.88
94.21,L_LittleProximal,3.18,46.80,97.39,-0.68,-0.37,-0.09,-0.62
94.21,MediumCube,0.91,78.29,142.73,0.15,0.02,-0.01,0.99
94.23,Main Camera,-14.79,112.37,92.61,0.12,-0.02,0.10,0.99
94.23,R_Palm,2.83,86.07,140.24,-0.04,0.12,0.06,-0.99
94.23,R_ThumbTip,-1.56,76.67,140.90,-0.16,0.55,-0.66,-0.49
94.23,R_IndexTip,-1.05,77.72,145.96,-0.67,0.04,-0.03,-0.74
94.23,R_MiddleTip,0.62,76.89,146.23,-0.73,0.04,0.06,-0.68
94.23,R_RingTip,2.02,76.99,145.82,-0.74,0.09,0.12,-0.65
94.23,R_LittleTip,3.52,78.33,145.75,-0.62,0.12,0.19,-0.75
94.23,R_ThumbDistal,-0.56,78.94,140.01,-0.16,0.55,-0.66,-0.49
94.23,R_IndexIntermediate,-0.82,82.60,144.97,-0.61,0.07,-0.02,-0.79
94.23,R_MiddleIntermediate,1.34,82.43,145.88,-0.65,0.07,0.02,-0.76
94.23,R_RingIntermediate,3.38,82.20,145.38,-0.63,0.06,0.10,-0.77
94.23,R_LittleIntermediate,5.12,82.25,144.26,-0.53,0.06,0.17,-0.83
94.23,R_IndexProximal,-0.30,85.98,142.79,-0.47,0.09,-0.03,-0.88
94.23,R_MiddleProximal,2.02,86.20,143.35,-0.47,0.07,0.03,-0.88
94.23,R_ThumbProximal,-0.32,81.80,137.81,-0.24,0.37,-0.71,-0.55
94.23,R_RingProximal,4.14,85.59,143.06,-0.47,0.06,0.08,-0.88
94.23,L_LittleProximal,3.18,46.80,97.39,-0.68,-0.37,-0.09,-0.62
94.23,MediumCube,1.00,78.33,142.62,0.15,0.01,-0.01,0.99
94.24,Main Camera,-14.76,112.40,92.49,0.12,-0.02,0.10,0.99
94.24,R_Palm,2.96,86.11,140.10,-0.04,0.12,0.06,-0.99
94.24,R_ThumbTip,-1.44,76.72,140.77,-0.16,0.55,-0.66,-0.49
94.24,R_IndexTip,-0.93,77.77,145.82,-0.67,0.04,-0.03,-0.74
94.24,R_MiddleTip,0.73,76.95,146.09,-0.73,0.04,0.06,-0.68
94.24,R_RingTip,2.13,77.04,145.68,-0.74,0.09,0.11,-0.65
94.24,R_LittleTip,3.63,78.38,145.62,-0.62,0.12,0.19,-0.75
94.24,R_ThumbDistal,-0.44,78.98,139.87,-0.16,0.55,-0.66,-0.49
94.24,R_IndexIntermediate,-0.70,82.65,144.82,-0.61,0.07,-0.02,-0.79
94.24,R_MiddleIntermediate,1.45,82.49,145.74,-0.65,0.07,0.02,-0.76
94.24,R_RingIntermediate,3.49,82.25,145.24,-0.63,0.06,0.10,-0.77
94.24,R_LittleIntermediate,5.24,82.30,144.13,-0.53,0.06,0.17,-0.83
94.24,R_IndexProximal,-0.17,86.03,142.64,-0.47,0.09,-0.03,-0.88
94.24,R_MiddleProximal,2.14,86.25,143.20,-0.47,0.07,0.03,-0.88
94.24,R_ThumbProximal,-0.18,81.84,137.67,-0.24,0.37,-0.71,-0.55
94.24,R_RingProximal,4.26,85.64,142.92,-0.47,0.06,0.08,-0.88
94.24,L_LittleProximal,3.18,46.80,97.39,-0.68,-0.37,-0.09,-0.62
94.24,MediumCube,1.12,78.38,142.48,0.15,0.01,-0.01,0.99
94.26,Main Camera,-14.73,112.43,92.38,0.12,-0.02,0.10,0.99
94.26,R_Palm,3.04,86.18,139.85,-0.04,0.12,0.06,-0.99
94.26,R_ThumbTip,-1.37,76.80,140.54,-0.16,0.55,-0.66,-0.49
94.26,R_IndexTip,-0.87,77.86,145.57,-0.67,0.04,-0.03,-0.74
94.26,R_MiddleTip,0.79,77.04,145.85,-0.73,0.04,0.06,-0.68
94.26,R_RingTip,2.19,77.13,145.45,-0.74,0.09,0.11,-0.65
94.26,R_LittleTip,3.68,78.47,145.39,-0.62,0.13,0.19,-0.75
94.26,R_ThumbDistal,-0.36,79.06,139.64,-0.16,0.55,-0.66,-0.49
94.26,R_IndexIntermediate,-0.64,82.74,144.57,-0.61,0.07,-0.02,-0.79
94.26,R_MiddleIntermediate,1.52,82.58,145.50,-0.65,0.07,0.02,-0.76
94.26,R_RingIntermediate,3.55,82.34,145.00,-0.63,0.06,0.10,-0.77
94.26,R_LittleIntermediate,5.30,82.39,143.90,-0.53,0.06,0.17,-0.83
94.26,R_IndexProximal,-0.10,86.11,142.38,-0.47,0.09,-0.03,-0.88
94.26,R_MiddleProximal,2.21,86.34,142.95,-0.47,0.07,0.03,-0.88
94.26,R_ThumbProximal,-0.10,81.91,137.43,-0.24,0.37,-0.71,-0.55
94.26,R_RingProximal,4.33,85.72,142.68,-0.47,0.07,0.08,-0.88
94.26,L_LittleProximal,3.18,46.80,97.39,-0.68,-0.37,-0.09,-0.62
94.26,MediumCube,1.19,78.47,142.24,0.15,0.01,-0.01,0.99
94.27,Main Camera,-14.68,112.47,92.24,0.12,-0.02,0.10,0.99
94.27,R_Palm,3.12,86.31,139.38,-0.04,0.12,0.06,-0.99
94.27,R_ThumbTip,-1.30,76.94,140.10,-0.15,0.55,-0.66,-0.49
94.27,R_IndexTip,-0.82,78.02,145.12,-0.67,0.04,-0.03,-0.74
94.27,R_MiddleTip,0.83,77.19,145.40,-0.73,0.04,0.06,-0.68
94.27,R_RingTip,2.23,77.28,145.00,-0.74,0.10,0.11,-0.65
94.27,R_LittleTip,3.72,78.62,144.95,-0.62,0.13,0.18,-0.75
94.27,R_ThumbDistal,-0.29,79.20,139.19,-0.15,0.55,-0.66,-0.49
94.27,R_IndexIntermediate,-0.58,82.89,144.10,-0.61,0.07,-0.02,-0.79
94.27,R_MiddleIntermediate,1.57,82.73,145.04,-0.65,0.07,0.02,-0.76
94.27,R_RingIntermediate,3.61,82.49,144.55,-0.62,0.07,0.10,-0.77
94.27,R_LittleIntermediate,5.36,82.53,143.45,-0.53,0.07,0.17,-0.83
94.27,R_IndexProximal,-0.03,86.26,141.91,-0.47,0.09,-0.03,-0.88
94.27,R_MiddleProximal,2.28,86.48,142.48,-0.47,0.07,0.03,-0.88
94.27,R_ThumbProximal,-0.01,82.04,136.97,-0.23,0.37,-0.71,-0.55
94.27,R_RingProximal,4.40,85.85,142.22,-0.47,0.07,0.08,-0.88
94.27,L_LittleProximal,3.18,46.80,97.39,-0.68,-0.37,-0.09,-0.62
94.27,MediumCube,1.25,78.62,141.79,0.15,0.01,-0.01,0.99
94.28,Main Camera,-14.63,112.51,92.11,0.12,-0.02,0.10,0.99
94.28,R_Palm,3.21,86.35,138.89,-0.04,0.13,0.06,-0.99
94.28,R_ThumbTip,-1.26,77.00,139.67,-0.15,0.55,-0.66,-0.49
94.28,R_IndexTip,-0.79,78.11,144.67,-0.67,0.04,-0.03,-0.74
94.28,R_MiddleTip,0.86,77.28,144.96,-0.73,0.04,0.06,-0.68
94.28,R_RingTip,2.25,77.37,144.57,-0.74,0.10,0.11,-0.66
94.28,R_LittleTip,3.74,78.70,144.51,-0.62,0.13,0.18,-0.75
94.28,R_ThumbDistal,-0.23,79.25,138.75,-0.15,0.55,-0.66,-0.49
94.28,R_IndexIntermediate,-0.52,82.98,143.62,-0.60,0.07,-0.02,-0.79
94.28,R_MiddleIntermediate,1.62,82.82,144.57,-0.65,0.07,0.02,-0.76
94.28,R_RingIntermediate,3.65,82.56,144.09,-0.62,0.07,0.10,-0.77
94.28,R_LittleIntermediate,5.40,82.59,143.00,-0.53,0.07,0.17,-0.83
94.28,R_IndexProximal,0.04,86.33,141.40,-0.47,0.10,-0.03,-0.88
94.28,R_MiddleProximal,2.35,86.55,141.99,-0.46,0.07,0.03,-0.88
94.28,R_ThumbProximal,0.07,82.07,136.50,-0.23,0.37,-0.71,-0.55
94.28,R_RingProximal,4.47,85.91,141.74,-0.46,0.07,0.08,-0.88
94.28,L_LittleProximal,3.18,46.80,97.39,-0.68,-0.37,-0.09,-0.62
94.28,MediumCube,1.29,78.68,141.35,0.15,0.01,-0.01,0.99
94.30,Main Camera,-14.58,112.56,91.97,0.12,-0.02,0.10,0.99
94.30,R_Palm,3.23,86.34,138.20,-0.03,0.13,0.06,-0.99
94.30,R_ThumbTip,-1.26,77.01,139.01,-0.14,0.55,-0.66,-0.49
94.30,R_IndexTip,-0.79,78.14,144.00,-0.66,0.04,-0.03,-0.75
94.30,R_MiddleTip,0.83,77.31,144.31,-0.73,0.04,0.06,-0.68
94.30,R_RingTip,2.23,77.39,143.92,-0.74,0.10,0.11,-0.66
94.30,R_LittleTip,3.72,78.69,143.82,-0.62,0.14,0.18,-0.75
94.30,R_ThumbDistal,-0.22,79.25,138.08,-0.14,0.55,-0.66,-0.49
94.30,R_IndexIntermediate,-0.51,83.00,142.93,-0.60,0.08,-0.02,-0.79
94.30,R_MiddleIntermediate,1.61,82.84,143.89,-0.64,0.07,0.02,-0.76
94.30,R_RingIntermediate,3.64,82.57,143.42,-0.62,0.07,0.10,-0.77
94.30,R_LittleIntermediate,5.40,82.58,142.32,-0.53,0.07,0.17,-0.83
94.30,R_IndexProximal,0.06,86.34,140.70,-0.46,0.10,-0.03,-0.88
94.30,R_MiddleProximal,2.37,86.56,141.29,-0.46,0.08,0.03,-0.88
94.30,R_ThumbProximal,0.09,82.05,135.83,-0.23,0.37,-0.71,-0.55
94.30,R_RingProximal,4.48,85.91,141.06,-0.46,0.07,0.08,-0.88
94.30,L_LittleProximal,3.18,46.80,97.39,-0.68,-0.37,-0.09,-0.62
94.30,MediumCube,1.28,78.69,140.68,0.14,0.01,-0.02,0.99
94.31,Main Camera,-14.54,112.59,91.83,0.12,-0.02,0.10,0.99
94.31,R_Palm,3.26,86.34,137.64,-0.03,0.13,0.06,-0.99
94.31,R_ThumbTip,-1.26,77.03,138.48,-0.14,0.55,-0.66,-0.49
94.31,R_IndexTip,-0.78,78.18,143.47,-0.66,0.04,-0.03,-0.75
94.31,R_MiddleTip,0.82,77.35,143.77,-0.73,0.05,0.06,-0.68
94.31,R_RingTip,2.21,77.41,143.39,-0.74,0.11,0.11,-0.66
94.31,R_LittleTip,3.69,78.70,143.26,-0.62,0.14,0.18,-0.75
94.31,R_ThumbDistal,-0.21,79.26,137.55,-0.14,0.55,-0.66,-0.49
94.31,R_IndexIntermediate,-0.50,83.03,142.37,-0.60,0.08,-0.02,-0.80
94.31,R_MiddleIntermediate,1.62,82.87,143.33,-0.64,0.08,0.02,-0.76
94.31,R_RingIntermediate,3.65,82.60,142.87,-0.62,0.07,0.10,-0.78
94.31,R_LittleIntermediate,5.40,82.58,141.76,-0.53,0.08,0.17,-0.83
94.31,R_IndexProximal,0.08,86.37,140.13,-0.46,0.10,-0.03,-0.88
94.31,R_MiddleProximal,2.39,86.57,140.73,-0.46,0.08,0.03,-0.88
94.31,R_ThumbProximal,0.12,82.05,135.28,-0.22,0.37,-0.71,-0.55
94.31,R_RingProximal,4.50,85.92,140.50,-0.46,0.08,0.08,-0.88
94.31,L_LittleProximal,3.18,46.80,97.39,-0.68,-0.37,-0.09,-0.62
94.31,MediumCube,1.28,78.71,140.15,0.14,0.00,-0.02,0.99
94.32,Main Camera,-14.50,112.64,91.69,0.12,-0.02,0.10,0.99
94.32,R_Palm,3.43,86.32,137.05,-0.03,0.13,0.06,-0.99
94.32,R_ThumbTip,-1.12,77.03,137.93,-0.14,0.55,-0.66,-0.49
94.32,R_IndexTip,-0.65,78.21,142.90,-0.66,0.04,-0.03,-0.75
94.32,R_MiddleTip,0.93,77.37,143.22,-0.72,0.05,0.06,-0.68
94.32,R_RingTip,2.32,77.43,142.84,-0.74,0.11,0.11,-0.66
94.32,R_LittleTip,3.80,78.71,142.71,-0.62,0.14,0.18,-0.75
94.32,R_ThumbDistal,-0.06,79.25,136.99,-0.14,0.55,-0.66,-0.49
94.32,R_IndexIntermediate,-0.35,83.05,141.78,-0.60,0.08,-0.02,-0.80
94.32,R_MiddleIntermediate,1.75,82.89,142.75,-0.64,0.08,0.02,-0.76
94.32,R_RingIntermediate,3.78,82.60,142.30,-0.62,0.08,0.10,-0.78
94.32,R_LittleIntermediate,5.53,82.57,141.19,-0.53,0.08,0.17,-0.83
94.32,R_IndexProximal,0.24,86.37,139.52,-0.46,0.10,-0.03,-0.88
94.32,R_MiddleProximal,2.54,86.57,140.13,-0.46,0.08,0.03,-0.89
94.32,R_ThumbProximal,0.28,82.03,134.70,-0.22,0.37,-0.71,-0.55
94.32,R_RingProximal,4.66,85.91,139.91,-0.46,0.08,0.08,-0.88
94.32,L_LittleProximal,3.18,46.80,97.39,-0.68,-0.37,-0.09,-0.62
94.32,MediumCube,1.41,78.71,139.59,0.14,0.00,-0.02,0.99
94.34,Main Camera,-14.47,112.68,91.56,0.12,-0.02,0.10,0.99
94.34,R_Palm,3.57,86.30,136.74,-0.02,0.14,0.06,-0.99
94.34,R_ThumbTip,-0.95,77.01,137.69,-0.14,0.54,-0.67,-0.49
94.34,R_IndexTip,-0.52,78.23,142.64,-0.66,0.04,-0.03,-0.75
94.34,R_MiddleTip,1.04,77.40,142.97,-0.72,0.05,0.06,-0.69
94.34,R_RingTip,2.43,77.45,142.59,-0.73,0.11,0.11,-0.66
94.34,R_LittleTip,3.91,78.74,142.46,-0.62,0.15,0.18,-0.75
94.34,R_ThumbDistal,0.11,79.22,136.73,-0.14,0.54,-0.67,-0.49
94.34,R_IndexIntermediate,-0.22,83.07,141.48,-0.59,0.08,-0.02,-0.80
94.34,R_MiddleIntermediate,1.86,82.91,142.46,-0.64,0.08,0.02,-0.77
94.34,R_RingIntermediate,3.89,82.62,142.02,-0.61,0.08,0.10,-0.78
94.34,R_LittleIntermediate,5.64,82.59,140.93,-0.52,0.08,0.17,-0.83
94.34,R_IndexProximal,0.37,86.37,139.20,-0.46,0.10,-0.03,-0.88
94.34,R_MiddleProximal,2.67,86.58,139.82,-0.45,0.08,0.03,-0.89
94.34,R_ThumbProximal,0.45,81.98,134.42,-0.22,0.37,-0.72,-0.55
94.34,R_RingProximal,4.78,85.92,139.62,-0.45,0.08,0.08,-0.88
94.34,L_LittleProximal,3.18,46.80,97.39,-0.68,-0.37,-0.09,-0.62
94.34,MediumCube,1.53,78.71,139.33,0.13,0.00,-0.02,0.99
94.35,Main Camera,-14.43,112.70,91.42,0.12,-0.02,0.10,0.99
94.35,R_Palm,3.73,86.23,136.57,-0.02,0.14,0.06,-0.99
94.35,R_ThumbTip,-0.72,76.92,137.57,-0.13,0.54,-0.67,-0.49
94.35,R_IndexTip,-0.36,78.18,142.47,-0.66,0.04,-0.03,-0.75
94.35,R_MiddleTip,1.18,77.36,142.83,-0.72,0.05,0.05,-0.69
94.35,R_RingTip,2.57,77.41,142.43,-0.73,0.11,0.11,-0.66
94.35,R_LittleTip,4.04,78.70,142.31,-0.62,0.15,0.18,-0.75
94.35,R_ThumbDistal,0.32,79.13,136.59,-0.13,0.54,-0.67,-0.49
94.35,R_IndexIntermediate,-0.08,83.02,141.30,-0.59,0.08,-0.02,-0.80
94.35,R_MiddleIntermediate,1.99,82.87,142.29,-0.64,0.08,0.02,-0.77
94.35,R_RingIntermediate,4.02,82.58,141.85,-0.61,0.08,0.09,-0.78
94.35,R_LittleIntermediate,5.78,82.55,140.77,-0.52,0.09,0.16,-0.83
94.35,R_IndexProximal,0.51,86.31,139.00,-0.46,0.10,-0.03,-0.88
94.35,R_MiddleProximal,2.80,86.53,139.63,-0.45,0.08,0.03,-0.89
94.35,R_ThumbProximal,0.65,81.88,134.27,-0.22,0.36,-0.72,-0.55
94.35,R_RingProximal,4.92,85.87,139.45,-0.45,0.08,0.07,-0.88
94.35,L_LittleProximal,3.18,46.80,97.39,-0.68,-0.37,-0.09,-0.62
94.35,MediumCube,1.69,78.65,139.18,0.13,0.00,-0.02,0.99
94.37,Main Camera,-14.39,112.72,91.28,0.13,-0.02,0.10,0.99
94.37,R_Palm,3.82,86.21,136.45,-0.02,0.14,0.06,-0.99
94.37,R_ThumbTip,-0.57,76.88,137.53,-0.13,0.54,-0.67,-0.49
94.37,R_IndexTip,-0.26,78.19,142.38,-0.65,0.04,-0.03,-0.75
94.37,R_MiddleTip,1.27,77.37,142.76,-0.72,0.05,0.05,-0.69
94.37,R_RingTip,2.66,77.41,142.35,-0.73,0.11,0.10,-0.67
94.37,R_LittleTip,4.11,78.71,142.23,-0.61,0.15,0.17,-0.75
94.37,R_ThumbDistal,0.46,79.09,136.54,-0.13,0.54,-0.67,-0.49
94.37,R_IndexIntermediate,0.01,83.01,141.18,-0.59,0.08,-0.03,-0.80
94.37,R_MiddleIntermediate,2.06,82.88,142.18,-0.63,0.08,0.02,-0.77
94.37,R_RingIntermediate,4.09,82.58,141.74,-0.61,0.08,0.09,-0.78
94.37,R_LittleIntermediate,5.85,82.55,140.69,-0.52,0.09,0.16,-0.83
94.37,R_IndexProximal,0.58,86.30,138.87,-0.45,0.10,-0.03,-0.88
94.37,R_MiddleProximal,2.88,86.53,139.51,-0.45,0.09,0.02,-0.89
94.37,R_ThumbProximal,0.79,81.81,134.18,-0.21,0.36,-0.72,-0.55
94.37,R_RingProximal,5.00,85.88,139.35,-0.45,0.09,0.07,-0.88
94.37,L_LittleProximal,3.18,46.80,97.39,-0.68,-0.37,-0.09,-0.62
94.37,MediumCube,1.80,78.63,139.10,0.13,0.00,-0.02,0.99
94.38,Main Camera,-14.36,112.75,91.13,0.13,-0.02,0.10,0.99
94.38,R_Palm,3.98,86.17,136.18,-0.01,0.15,0.06,-0.99
94.38,R_ThumbTip,-0.39,76.84,137.32,-0.13,0.54,-0.68,-0.48
94.38,R_IndexTip,-0.11,78.18,142.11,-0.65,0.04,-0.04,-0.76
94.38,R_MiddleTip,1.41,77.37,142.55,-0.71,0.05,0.05,-0.70
94.38,R_RingTip,2.79,77.41,142.13,-0.73,0.11,0.10,-0.67
94.38,R_LittleTip,4.24,78.70,141.97,-0.61,0.15,0.17,-0.76
94.38,R_ThumbDistal,0.65,79.04,136.31,-0.13,0.54,-0.68,-0.48
94.38,R_IndexIntermediate,0.15,83.00,140.88,-0.59,0.08,-0.03,-0.80
94.38,R_MiddleIntermediate,2.19,82.88,141.90,-0.63,0.08,0.01,-0.77
94.38,R_RingIntermediate,4.22,82.58,141.47,-0.61,0.09,0.09,-0.79
94.38,R_LittleIntermediate,5.98,82.54,140.43,-0.52,0.09,0.16,-0.83
94.38,R_IndexProximal,0.72,86.28,138.57,-0.45,0.10,-0.04,-0.89
94.38,R_MiddleProximal,3.01,86.52,139.22,-0.45,0.09,0.02,-0.89
94.38,R_ThumbProximal,0.97,81.74,133.93,-0.21,0.36,-0.73,-0.55
94.38,R_RingProximal,5.13,85.87,139.08,-0.45,0.09,0.07,-0.88
94.38,L_LittleProximal,3.18,46.80,97.39,-0.68,-0.37,-0.09,-0.62
94.38,MediumCube,1.95,78.58,138.88,0.12,-0.01,-0.01,0.99
94.39,Main Camera,-14.33,112.76,90.98,0.13,-0.02,0.10,0.99
94.39,R_Palm,4.13,86.13,135.88,-0.01,0.15,0.05,-0.99
94.39,R_ThumbTip,-0.20,76.80,137.08,-0.13,0.54,-0.68,-0.48
94.39,R_IndexTip,0.04,78.17,141.83,-0.65,0.05,-0.04,-0.76
94.39,R_MiddleTip,1.54,77.38,142.33,-0.71,0.06,0.05,-0.70
94.39,R_RingTip,2.93,77.40,141.88,-0.72,0.12,0.09,-0.67
94.39,R_LittleTip,4.37,78.69,141.70,-0.61,0.16,0.16,-0.76
94.39,R_ThumbDistal,0.84,78.99,136.06,-0.13,0.54,-0.68,-0.48
94.39,R_IndexIntermediate,0.29,82.98,140.57,-0.59,0.08,-0.03,-0.81
94.39,R_MiddleIntermediate,2.32,82.88,141.60,-0.62,0.09,0.01,-0.78
94.39,R_RingIntermediate,4.35,82.57,141.18,-0.60,0.09,0.08,-0.79
94.39,R_LittleIntermediate,6.11,82.54,140.15,-0.52,0.10,0.15,-0.83
94.39,R_IndexProximal,0.86,86.26,138.25,-0.45,0.10,-0.04,-0.89
94.39,R_MiddleProximal,3.14,86.51,138.91,-0.45,0.09,0.02,-0.89
94.39,R_ThumbProximal,1.16,81.68,133.65,-0.20,0.35,-0.73,-0.55
94.39,R_RingProximal,5.27,85.86,138.79,-0.45,0.09,0.06,-0.88
94.39,L_LittleProximal,3.18,46.80,97.39,-0.68,-0.37,-0.09,-0.62
94.39,MediumCube,2.10,78.53,138.64,0.11,-0.01,-0.01,0.99
94.41,Main Camera,-14.28,112.77,90.82,0.13,-0.02,0.10,0.99
94.41,R_Palm,4.23,86.15,135.23,-0.01,0.15,0.05,-0.99
94.41,R_ThumbTip,-0.07,76.81,136.49,-0.12,0.53,-0.68,-0.48
94.41,R_IndexTip,0.14,78.21,141.23,-0.65,0.04,-0.04,-0.76
94.41,R_MiddleTip,1.64,77.43,141.77,-0.70,0.06,0.04,-0.71
94.41,R_RingTip,3.04,77.46,141.31,-0.72,0.12,0.09,-0.68
94.41,R_LittleTip,4.46,78.74,141.10,-0.61,0.16,0.16,-0.76
94.41,R_ThumbDistal,0.96,79.00,135.45,-0.12,0.53,-0.68,-0.48
94.41,R_IndexIntermediate,0.39,83.01,139.92,-0.58,0.08,-0.03,-0.81
94.41,R_MiddleIntermediate,2.42,82.92,140.96,-0.62,0.09,0.01,-0.78
94.41,R_RingIntermediate,4.44,82.62,140.55,-0.60,0.09,0.08,-0.79
94.41,R_LittleIntermediate,6.20,82.58,139.53,-0.52,0.10,0.15,-0.84
94.41,R_IndexProximal,0.95,86.28,137.59,-0.45,0.10,-0.04,-0.89
94.41,R_MiddleProximal,3.23,86.54,138.26,-0.44,0.09,0.02,-0.89
94.41,R_ThumbProximal,1.28,81.67,133.03,-0.20,0.35,-0.73,-0.55
94.41,R_RingProximal,5.36,85.90,138.15,-0.45,0.09,0.06,-0.89
94.41,L_LittleProximal,3.18,46.80,97.39,-0.68,-0.37,-0.09,-0.62
94.41,MediumCube,2.20,78.52,138.06,0.10,-0.01,-0.01,0.99
94.42,Main Camera,-14.22,112.81,90.66,0.13,-0.02,0.10,0.99
94.42,R_Palm,4.32,86.20,134.30,0.00,0.15,0.05,-0.99
94.42,R_ThumbTip,0.04,76.86,135.59,-0.12,0.53,-0.69,-0.48
94.42,R_IndexTip,0.23,78.28,140.33,-0.64,0.04,-0.04,-0.76
94.42,R_MiddleTip,1.73,77.51,140.90,-0.70,0.06,0.04,-0.71
94.42,R_RingTip,3.12,77.53,140.44,-0.72,0.12,0.09,-0.68
94.42,R_LittleTip,4.55,78.82,140.20,-0.61,0.16,0.16,-0.76
94.42,R_ThumbDistal,1.06,79.06,134.55,-0.12,0.53,-0.69,-0.48
94.42,R_IndexIntermediate,0.48,83.08,138.99,-0.58,0.08,-0.03,-0.81
94.42,R_MiddleIntermediate,2.50,82.99,140.04,-0.62,0.09,0.01,-0.78
94.42,R_RingIntermediate,4.53,82.69,139.63,-0.60,0.09,0.08,-0.79
94.42,R_LittleIntermediate,6.29,82.65,138.61,-0.52,0.10,0.15,-0.84
94.42,R_IndexProximal,1.04,86.35,136.65,-0.45,0.10,-0.04,-0.89
94.42,R_MiddleProximal,3.32,86.61,137.33,-0.44,0.09,0.02,-0.89
94.42,R_ThumbProximal,1.38,81.71,132.11,-0.20,0.35,-0.73,-0.55
94.42,R_RingProximal,5.45,85.96,137.22,-0.45,0.09,0.06,-0.89
94.42,L_LittleProximal,3.18,46.80,97.39,-0.68,-0.37,-0.09,-0.62
94.42,MediumCube,2.29,78.56,137.18,0.10,-0.01,-0.01,1.00
94.44,Main Camera,-14.18,112.85,90.51,0.13,-0.02,0.10,0.99
94.44,R_Palm,4.32,86.19,133.48,0.00,0.15,0.05,-0.99
94.44,R_ThumbTip,0.05,76.85,134.78,-0.12,0.53,-0.69,-0.48
94.44,R_IndexTip,0.24,78.27,139.53,-0.64,0.04,-0.04,-0.76
94.44,R_MiddleTip,1.73,77.51,140.13,-0.69,0.06,0.04,-0.72
94.44,R_RingTip,3.12,77.53,139.67,-0.71,0.12,0.09,-0.68
94.44,R_LittleTip,4.54,78.82,139.41,-0.61,0.16,0.16,-0.76
94.44,R_ThumbDistal,1.07,79.04,133.74,-0.12,0.53,-0.69,-0.48
94.44,R_IndexIntermediate,0.47,83.07,138.17,-0.58,0.08,-0.03,-0.81
94.44,R_MiddleIntermediate,2.50,82.99,139.22,-0.61,0.09,0.01,-0.79
94.44,R_RingIntermediate,4.52,82.68,138.82,-0.59,0.09,0.08,-0.80
94.44,R_LittleIntermediate,6.28,82.64,137.80,-0.51,0.10,0.15,-0.84
94.44,R_IndexProximal,1.03,86.33,135.83,-0.45,0.10,-0.04,-0.89
94.44,R_MiddleProximal,3.31,86.60,136.51,-0.44,0.09,0.02,-0.89
94.44,R_ThumbProximal,1.39,81.69,131.30,-0.20,0.35,-0.73,-0.54
94.44,R_RingProximal,5.44,85.96,136.40,-0.45,0.09,0.06,-0.89
94.44,L_LittleProximal,3.18,46.80,97.39,-0.68,-0.37,-0.09,-0.62
94.44,MediumCube,2.28,78.51,136.40,0.09,-0.01,-0.01,1.00
94.45,Main Camera,-14.13,112.87,90.35,0.13,-0.02,0.10,0.99
94.45,R_Palm,4.31,86.35,132.67,0.00,0.15,0.05,-0.99
94.45,R_ThumbTip,0.05,77.01,133.97,-0.12,0.53,-0.69,-0.48
94.45,R_IndexTip,0.22,78.44,138.72,-0.64,0.04,-0.04,-0.77
94.45,R_MiddleTip,1.71,77.68,139.37,-0.69,0.06,0.04,-0.72
94.45,R_RingTip,3.10,77.70,138.92,-0.71,0.12,0.09,-0.69
94.45,R_LittleTip,4.52,78.99,138.63,-0.60,0.16,0.16,-0.77
94.45,R_ThumbDistal,1.07,79.20,132.93,-0.12,0.53,-0.69,-0.48
94.45,R_IndexIntermediate,0.46,83.22,137.35,-0.58,0.08,-0.03,-0.81
94.45,R_MiddleIntermediate,2.48,83.15,138.41,-0.61,0.09,0.01,-0.79
94.45,R_RingIntermediate,4.50,82.85,138.01,-0.59,0.09,0.08,-0.80
94.45,R_LittleIntermediate,6.26,82.80,136.99,-0.51,0.10,0.15,-0.84
94.45,R_IndexProximal,1.02,86.49,135.02,-0.45,0.10,-0.04,-0.89
94.45,R_MiddleProximal,3.29,86.76,135.69,-0.44,0.09,0.02,-0.89
94.45,R_ThumbProximal,1.39,81.85,130.49,-0.20,0.35,-0.74,-0.54
94.45,R_RingProximal,5.42,86.12,135.60,-0.45,0.09,0.06,-0.89
94.45,L_LittleProximal,3.18,46.80,97.39,-0.68,-0.37,-0.09,-0.62
94.45,MediumCube,2.26,78.63,135.63,0.09,-0.01,-0.01,1.00
94.47,Main Camera,-14.09,112.89,90.18,0.13,-0.02,0.10,0.99
94.47,R_Palm,4.32,86.47,131.95,0.00,0.15,0.05,-0.99
94.47,R_ThumbTip,0.07,77.12,133.25,-0.12,0.53,-0.69,-0.48
94.47,R_IndexTip,0.24,78.55,138.01,-0.64,0.04,-0.04,-0.77
94.47,R_MiddleTip,1.71,77.80,138.70,-0.68,0.06,0.04,-0.73
94.47,R_RingTip,3.11,77.83,138.26,-0.70,0.12,0.09,-0.69
94.47,R_LittleTip,4.53,79.12,137.94,-0.60,0.16,0.16,-0.77
94.47,R_ThumbDistal,1.10,79.31,132.21,-0.12,0.53,-0.69,-0.48
94.47,R_IndexIntermediate,0.47,83.34,136.63,-0.58,0.08,-0.03,-0.81
94.47,R_MiddleIntermediate,2.48,83.26,137.69,-0.61,0.09,0.01,-0.79
94.47,R_RingIntermediate,4.50,82.96,137.29,-0.59,0.09,0.08,-0.80
94.47,R_LittleIntermediate,6.26,82.92,136.28,-0.51,0.10,0.15,-0.84
94.47,R_IndexProximal,1.03,86.61,134.29,-0.45,0.10,-0.04,-0.89
94.47,R_MiddleProximal,3.30,86.88,134.97,-0.44,0.09,0.02,-0.89
94.47,R_ThumbProximal,1.41,81.96,129.77,-0.20,0.35,-0.74,-0.54
94.47,R_RingProximal,5.43,86.23,134.88,-0.45,0.09,0.06,-0.89
94.47,L_LittleProximal,3.18,46.80,97.39,-0.68,-0.37,-0.09,-0.62
94.47,MediumCube,2.26,78.71,134.95,0.08,-0.01,-0.01,1.00
94.48,Main Camera,-14.03,112.91,90.02,0.14,-0.02,0.10,0.99
94.48,R_Palm,4.41,86.64,131.26,0.00,0.16,0.05,-0.99
94.48,R_ThumbTip,0.18,77.29,132.55,-0.12,0.53,-0.69,-0.48
94.48,R_IndexTip,0.32,78.73,137.33,-0.64,0.04,-0.04,-0.77
94.48,R_MiddleTip,1.79,77.99,138.07,-0.68,0.06,0.04,-0.73
94.48,R_RingTip,3.19,78.01,137.64,-0.70,0.12,0.09,-0.70
94.48,R_LittleTip,4.61,79.31,137.28,-0.60,0.16,0.16,-0.77
94.48,R_ThumbDistal,1.20,79.48,131.51,-0.12,0.53,-0.69,-0.48
94.48,R_IndexIntermediate,0.55,83.51,135.92,-0.57,0.08,-0.04,-0.81
94.48,R_MiddleIntermediate,2.56,83.43,136.99,-0.60,0.09,0.01,-0.79
94.48,R_RingIntermediate,4.58,83.14,136.60,-0.58,0.09,0.08,-0.80
94.48,R_LittleIntermediate,6.34,83.10,135.59,-0.51,0.10,0.15,-0.84
94.48,R_IndexProximal,1.10,86.78,133.59,-0.45,0.10,-0.04,-0.89
94.48,R_MiddleProximal,3.38,87.05,134.28,-0.44,0.09,0.01,-0.89
94.48,R_ThumbProximal,1.52,82.13,129.07,-0.20,0.35,-0.74,-0.54
94.48,R_RingProximal,5.51,86.41,134.19,-0.45,0.10,0.06,-0.89
94.48,L_LittleProximal,3.18,46.80,97.39,-0.68,-0.37,-0.09,-0.62
94.48,MediumCube,2.34,78.83,134.30,0.07,-0.01,-0.01,1.00
94.49,Main Camera,-13.96,112.94,89.86,0.14,-0.01,0.10,0.99
94.49,R_Palm,4.51,86.79,130.51,-0.01,0.16,0.05,-0.99
94.49,R_ThumbTip,0.31,77.42,131.78,-0.12,0.53,-0.69,-0.48
94.49,R_IndexTip,0.43,78.86,136.59,-0.64,0.04,-0.04,-0.77
94.49,R_MiddleTip,1.90,78.12,137.37,-0.67,0.06,0.04,-0.74
94.49,R_RingTip,3.31,78.15,136.95,-0.69,0.12,0.09,-0.71
94.49,R_LittleTip,4.73,79.45,136.54,-0.59,0.16,0.16,-0.77
94.49,R_ThumbDistal,1.33,79.62,130.75,-0.12,0.53,-0.69,-0.48
94.49,R_IndexIntermediate,0.66,83.63,135.16,-0.57,0.08,-0.04,-0.82
94.49,R_MiddleIntermediate,2.67,83.56,136.23,-0.60,0.09,0.01,-0.80
94.49,R_RingIntermediate,4.69,83.27,135.85,-0.58,0.09,0.08,-0.81
94.49,R_LittleIntermediate,6.45,83.23,134.83,-0.51,0.10,0.14,-0.84
94.49,R_IndexProximal,1.21,86.91,132.84,-0.45,0.10,-0.04,-0.89
94.49,R_MiddleProximal,3.48,87.18,133.53,-0.44,0.09,0.01,-0.89
94.49,R_ThumbProximal,1.64,82.27,128.31,-0.20,0.35,-0.74,-0.54
94.49,R_RingProximal,5.61,86.55,133.44,-0.45,0.10,0.06,-0.89
94.49,L_LittleProximal,3.18,46.80,97.39,-0.68,-0.37,-0.09,-0.62
94.49,MediumCube,2.45,78.92,133.59,0.06,-0.01,-0.01,1.00
94.51,Main Camera,-13.90,112.97,89.70,0.14,-0.01,0.10,0.99
94.51,R_Palm,4.52,86.84,129.73,-0.01,0.16,0.05,-0.99
94.51,R_ThumbTip,0.32,77.48,131.00,-0.12,0.53,-0.69,-0.48
94.51,R_IndexTip,0.44,78.92,135.84,-0.63,0.04,-0.04,-0.77
94.51,R_MiddleTip,1.91,78.19,136.66,-0.67,0.06,0.04,-0.74
94.51,R_RingTip,3.32,78.22,136.25,-0.69,0.11,0.09,-0.71
94.51,R_LittleTip,4.74,79.51,135.78,-0.59,0.16,0.16,-0.78
94.51,R_ThumbDistal,1.34,79.68,129.97,-0.12,0.53,-0.69,-0.48
94.51,R_IndexIntermediate,0.67,83.68,134.38,-0.57,0.08,-0.04,-0.82
94.51,R_MiddleIntermediate,2.68,83.61,135.45,-0.60,0.08,0.01,-0.80
94.51,R_RingIntermediate,4.70,83.32,135.06,-0.57,0.09,0.08,-0.81
94.51,R_LittleIntermediate,6.45,83.29,134.04,-0.51,0.10,0.14,-0.84
94.51,R_IndexProximal,1.21,86.96,132.05,-0.45,0.10,-0.04,-0.89
94.51,R_MiddleProximal,3.48,87.24,132.75,-0.44,0.09,0.01,-0.89
94.51,R_ThumbProximal,1.65,82.33,127.53,-0.20,0.35,-0.74,-0.54
94.51,R_RingProximal,5.61,86.61,132.66,-0.45,0.09,0.06,-0.89
94.51,L_LittleProximal,3.18,46.80,97.39,-0.68,-0.37,-0.09,-0.62
94.51,MediumCube,2.45,78.93,132.86,0.06,-0.01,-0.01,1.00
94.52,Main Camera,-13.86,113.01,89.54,0.14,-0.01,0.10,0.99
94.52,R_Palm,4.50,86.72,129.14,-0.01,0.16,0.05,-0.99
94.52,R_ThumbTip,0.30,77.37,130.44,-0.12,0.53,-0.69,-0.48
94.52,R_IndexTip,0.43,78.83,135.32,-0.63,0.04,-0.04,-0.77
94.52,R_MiddleTip,1.91,78.08,136.11,-0.66,0.06,0.04,-0.74
94.52,R_RingTip,3.32,78.12,135.72,-0.68,0.11,0.09,-0.72
94.52,R_LittleTip,4.73,79.40,135.21,-0.59,0.16,0.16,-0.78
94.52,R_ThumbDistal,1.32,79.56,129.40,-0.12,0.53,-0.69,-0.48
94.52,R_IndexIntermediate,0.66,83.58,133.82,-0.57,0.07,-0.03,-0.82
94.52,R_MiddleIntermediate,2.67,83.49,134.87,-0.59,0.08,0.01,-0.80
94.52,R_RingIntermediate,4.69,83.20,134.48,-0.57,0.09,0.08,-0.81
94.52,R_LittleIntermediate,6.44,83.17,133.45,-0.50,0.10,0.14,-0.84
94.52,R_IndexProximal,1.20,86.84,131.47,-0.45,0.10,-0.04,-0.89
94.52,R_MiddleProximal,3.47,87.12,132.16,-0.44,0.09,0.01,-0.89
94.52,R_ThumbProximal,1.63,82.21,126.96,-0.20,0.35,-0.74,-0.54
94.52,R_RingProximal,5.60,86.49,132.07,-0.45,0.09,0.06,-0.89
94.52,L_LittleProximal,3.18,46.80,97.39,-0.68,-0.37,-0.09,-0.62
94.52,MediumCube,2.44,78.79,132.31,0.05,-0.01,-0.01,1.00
94.53,Main Camera,-13.80,113.04,89.37,0.14,-0.01,0.10,0.99
94.53,R_Palm,4.58,86.46,128.89,-0.01,0.15,0.05,-0.99
94.53,R_ThumbTip,0.39,77.12,130.24,-0.12,0.53,-0.69,-0.48
94.53,R_IndexTip,0.52,78.58,135.11,-0.63,0.04,-0.04,-0.78
94.53,R_MiddleTip,2.01,77.81,135.88,-0.66,0.05,0.05,-0.75
94.53,R_RingTip,3.42,77.85,135.49,-0.68,0.11,0.09,-0.72
94.53,R_LittleTip,4.83,79.13,134.95,-0.59,0.16,0.16,-0.78
94.53,R_ThumbDistal,1.41,79.32,129.18,-0.12,0.53,-0.69,-0.48
94.53,R_IndexIntermediate,0.76,83.32,133.60,-0.57,0.07,-0.03,-0.82
94.53,R_MiddleIntermediate,2.78,83.23,134.62,-0.59,0.08,0.01,-0.80
94.53,R_RingIntermediate,4.79,82.94,134.22,-0.57,0.08,0.08,-0.81
94.53,R_LittleIntermediate,6.53,82.90,133.19,-0.50,0.10,0.15,-0.84
94.53,R_IndexProximal,1.28,86.58,131.23,-0.45,0.09,-0.04,-0.89
94.53,R_MiddleProximal,3.56,86.85,131.92,-0.44,0.09,0.02,-0.89
94.53,R_ThumbProximal,1.70,81.96,126.73,-0.20,0.35,-0.74,-0.54
94.53,R_RingProximal,5.69,86.22,131.81,-0.45,0.09,0.06,-0.89
94.53,L_LittleProximal,3.18,46.80,97.39,-0.68,-0.37,-0.09,-0.62
94.53,MediumCube,2.52,78.51,132.07,0.05,0.00,-0.01,1.00
94.55,Main Camera,-13.74,113.04,89.19,0.14,-0.01,0.10,0.99
94.55,R_Palm,4.68,86.27,128.59,-0.01,0.15,0.05,-0.99
94.55,R_ThumbTip,0.50,76.95,129.99,-0.13,0.53,-0.69,-0.48
94.55,R_IndexTip,0.66,78.39,134.87,-0.63,0.04,-0.03,-0.78
94.55,R_MiddleTip,2.16,77.61,135.61,-0.66,0.05,0.05,-0.75
94.55,R_RingTip,3.56,77.65,135.21,-0.68,0.11,0.10,-0.72
94.55,R_LittleTip,4.97,78.92,134.64,-0.59,0.15,0.16,-0.78
94.55,R_ThumbDistal,1.51,79.14,128.93,-0.13,0.53,-0.69,-0.48
94.55,R_IndexIntermediate,0.89,83.13,133.33,-0.56,0.07,-0.03,-0.82
94.55,R_MiddleIntermediate,2.92,83.02,134.33,-0.59,0.08,0.01,-0.80
94.55,R_RingIntermediate,4.92,82.73,133.91,-0.57,0.08,0.08,-0.81
94.55,R_LittleIntermediate,6.66,82.70,132.86,-0.51,0.10,0.15,-0.84
94.55,R_IndexProximal,1.40,86.38,130.96,-0.45,0.09,-0.04,-0.89
94.55,R_MiddleProximal,3.68,86.65,131.62,-0.45,0.08,0.02,-0.89
94.55,R_ThumbProximal,1.79,81.77,126.47,-0.20,0.34,-0.74,-0.55
94.55,R_RingProximal,5.81,86.02,131.50,-0.45,0.09,0.06,-0.89
94.55,L_LittleProximal,3.18,46.80,97.39,-0.68,-0.37,-0.09,-0.62
94.55,MediumCube,2.63,78.29,131.79,0.05,0.00,-0.01,1.00
94.56,Main Camera,-13.67,113.05,89.01,0.14,-0.01,0.10,0.99
94.56,R_Palm,4.83,86.14,128.40,-0.01,0.15,0.05,-0.99
94.56,R_ThumbTip,0.65,76.85,129.83,-0.13,0.53,-0.69,-0.49
94.56,R_IndexTip,0.82,78.27,134.69,-0.63,0.04,-0.03,-0.78
94.56,R_MiddleTip,2.32,77.48,135.41,-0.66,0.05,0.05,-0.75
94.56,R_RingTip,3.72,77.52,135.02,-0.68,0.11,0.10,-0.72
94.56,R_LittleTip,5.12,78.78,134.42,-0.59,0.15,0.16,-0.78
94.56,R_ThumbDistal,1.66,79.03,128.75,-0.13,0.53,-0.69,-0.49
94.56,R_IndexIntermediate,1.05,83.00,133.14,-0.56,0.07,-0.03,-0.82
94.56,R_MiddleIntermediate,3.08,82.89,134.13,-0.59,0.08,0.01,-0.80
94.56,R_RingIntermediate,5.09,82.60,133.71,-0.57,0.08,0.08,-0.81
94.56,R_LittleIntermediate,6.82,82.56,132.65,-0.51,0.10,0.15,-0.84
94.56,R_IndexProximal,1.56,86.25,130.77,-0.45,0.09,-0.04,-0.89
94.56,R_MiddleProximal,3.84,86.52,131.43,-0.45,0.08,0.02,-0.89
94.56,R_ThumbProximal,1.93,81.66,126.28,-0.20,0.34,-0.73,-0.55
94.56,R_RingProximal,5.97,85.89,131.30,-0.45,0.09,0.06,-0.89
94.56,L_LittleProximal,3.18,46.80,97.39,-0.68,-0.37,-0.09,-0.62
94.56,MediumCube,2.78,78.15,131.60,0.05,0.00,-0.01,1.00
94.57,Main Camera,-13.62,113.08,88.84,0.14,-0.01,0.10,0.98
94.57,R_Palm,5.08,86.04,128.15,-0.01,0.15,0.05,-0.99
94.57,R_ThumbTip,0.88,76.77,129.60,-0.12,0.53,-0.69,-0.49
94.57,R_IndexTip,1.06,78.17,134.45,-0.62,0.04,-0.03,-0.78
94.57,R_MiddleTip,2.56,77.38,135.17,-0.66,0.05,0.05,-0.75
94.57,R_RingTip,3.97,77.41,134.77,-0.67,0.11,0.10,-0.72
94.57,R_LittleTip,5.37,78.67,134.17,-0.59,0.15,0.16,-0.78
94.57,R_ThumbDistal,1.90,78.94,128.52,-0.12,0.53,-0.69,-0.49
94.57,R_IndexIntermediate,1.29,82.90,132.90,-0.56,0.07,-0.03,-0.82
94.57,R_MiddleIntermediate,3.32,82.79,133.89,-0.59,0.08,0.01,-0.80
94.57,R_RingIntermediate,5.33,82.49,133.46,-0.57,0.08,0.08,-0.81
94.57,R_LittleIntermediate,7.06,82.45,132.40,-0.51,0.10,0.15,-0.84
94.57,R_IndexProximal,1.80,86.15,130.52,-0.45,0.09,-0.04,-0.89
94.57,R_MiddleProximal,4.08,86.42,131.18,-0.45,0.08,0.02,-0.89
94.57,R_ThumbProximal,2.18,81.56,126.04,-0.20,0.34,-0.73,-0.55
94.57,R_RingProximal,6.21,85.78,131.06,-0.45,0.09,0.06,-0.89
94.57,L_LittleProximal,3.18,46.80,97.39,-0.68,-0.37,-0.09,-0.62
94.57,MediumCube,3.03,78.05,131.35,0.05,0.00,-0.01,1.00
94.59,Main Camera,-13.56,113.11,88.67,0.14,-0.01,0.10,0.98
94.59,R_Palm,5.46,86.01,127.70,-0.01,0.15,0.05,-0.99
94.59,R_ThumbTip,1.27,76.74,129.15,-0.12,0.53,-0.69,-0.49
94.59,R_IndexTip,1.44,78.14,134.00,-0.62,0.04,-0.03,-0.78
94.59,R_MiddleTip,2.95,77.35,134.72,-0.66,0.05,0.05,-0.75
94.59,R_RingTip,4.35,77.39,134.33,-0.67,0.11,0.10,-0.72
94.59,R_LittleTip,5.75,78.64,133.71,-0.59,0.15,0.16,-0.78
94.59,R_ThumbDistal,2.29,78.91,128.07,-0.12,0.53,-0.69,-0.49
94.59,R_IndexIntermediate,1.68,82.87,132.44,-0.56,0.07,-0.03,-0.82
94.59,R_MiddleIntermediate,3.71,82.76,133.43,-0.59,0.08,0.01,-0.80
94.59,R_RingIntermediate,5.72,82.46,133.01,-0.57,0.08,0.08,-0.81
94.59,R_LittleIntermediate,7.45,82.42,131.94,-0.51,0.10,0.15,-0.84
94.59,R_IndexProximal,2.19,86.12,130.07,-0.45,0.09,-0.04,-0.89
94.59,R_MiddleProximal,4.47,86.39,130.73,-0.45,0.08,0.02,-0.89
94.59,R_ThumbProximal,2.57,81.54,125.59,-0.20,0.34,-0.73,-0.55
94.59,R_RingProximal,6.60,85.76,130.60,-0.45,0.09,0.06,-0.89
94.59,L_LittleProximal,3.18,46.80,97.39,-0.68,-0.37,-0.09,-0.62
94.59,MediumCube,3.41,78.01,130.90,0.05,0.00,-0.01,1.00
94.60,Main Camera,-13.50,113.11,88.49,0.15,-0.01,0.10,0.98
94.60,R_Palm,5.69,86.07,126.78,-0.01,0.15,0.05,-0.99
94.60,R_ThumbTip,1.50,76.80,128.21,-0.12,0.53,-0.69,-0.49
94.60,R_IndexTip,1.66,78.20,133.07,-0.62,0.04,-0.03,-0.78
94.60,R_MiddleTip,3.17,77.40,133.79,-0.66,0.05,0.05,-0.75
94.60,R_RingTip,4.57,77.44,133.40,-0.67,0.11,0.10,-0.72
94.60,R_LittleTip,5.97,78.69,132.77,-0.59,0.15,0.16,-0.78
94.60,R_ThumbDistal,2.52,78.97,127.14,-0.12,0.53,-0.69,-0.49
94.60,R_IndexIntermediate,1.89,82.93,131.52,-0.56,0.07,-0.03,-0.82
94.60,R_MiddleIntermediate,3.93,82.81,132.51,-0.59,0.08,0.01,-0.80
94.60,R_RingIntermediate,5.93,82.51,132.09,-0.57,0.08,0.08,-0.81
94.60,R_LittleIntermediate,7.67,82.47,131.02,-0.51,0.10,0.15,-0.84
94.60,R_IndexProximal,2.41,86.18,129.14,-0.45,0.09,-0.04,-0.89
94.60,R_MiddleProximal,4.69,86.44,129.81,-0.45,0.08,0.02,-0.89
94.60,R_ThumbProximal,2.81,81.60,124.67,-0.20,0.34,-0.73,-0.55
94.60,R_RingProximal,6.82,85.81,129.69,-0.45,0.09,0.06,-0.89
94.60,L_LittleProximal,3.18,46.80,97.39,-0.68,-0.37,-0.09,-0.62
94.60,MediumCube,3.63,78.06,129.98,0.05,0.00,-0.01,1.00
94.62,Main Camera,-13.43,113.11,88.33,0.15,-0.01,0.10,0.98
94.62,R_Palm,5.87,86.09,125.98,-0.01,0.15,0.05,-0.99
94.62,R_ThumbTip,1.68,76.82,127.38,-0.12,0.53,-0.69,-0.48
94.62,R_IndexTip,1.82,78.21,132.26,-0.62,0.04,-0.03,-0.78
94.62,R_MiddleTip,3.33,77.41,132.97,-0.66,0.05,0.05,-0.75
94.62,R_RingTip,4.74,77.44,132.58,-0.68,0.11,0.10,-0.72
94.62,R_LittleTip,6.14,78.69,131.94,-0.59,0.15,0.16,-0.78
94.62,R_ThumbDistal,2.70,79.00,126.31,-0.12,0.53,-0.69,-0.48
94.62,R_IndexIntermediate,2.06,82.94,130.70,-0.56,0.07,-0.03,-0.82
94.62,R_MiddleIntermediate,4.09,82.82,131.70,-0.60,0.08,0.01,-0.80
94.62,R_RingIntermediate,6.10,82.53,131.28,-0.57,0.08,0.08,-0.81
94.62,R_LittleIntermediate,7.84,82.48,130.21,-0.51,0.10,0.15,-0.84
94.62,R_IndexProximal,2.58,86.19,128.33,-0.45,0.09,-0.04,-0.89
94.62,R_MiddleProximal,4.86,86.46,129.00,-0.45,0.09,0.02,-0.89
94.62,R_ThumbProximal,3.00,81.63,123.85,-0.20,0.34,-0.73,-0.55
94.62,R_RingProximal,6.99,85.83,128.89,-0.45,0.09,0.06,-0.88
94.62,L_LittleProximal,3.18,46.80,97.39,-0.68,-0.37,-0.09,-0.62
94.62,MediumCube,3.81,78.08,129.15,0.05,0.00,-0.01,1.00
94.63,Main Camera,-13.36,113.10,88.16,0.15,-0.01,0.10,0.98
94.63,R_Palm,6.01,86.11,125.15,-0.01,0.15,0.05,-0.99
94.63,R_ThumbTip,1.79,76.86,126.56,-0.12,0.53,-0.69,-0.49
94.63,R_IndexTip,1.93,78.25,131.46,-0.62,0.04,-0.03,-0.78
94.63,R_MiddleTip,3.45,77.42,132.14,-0.66,0.05,0.05,-0.75
94.63,R_RingTip,4.85,77.46,131.74,-0.68,0.11,0.10,-0.72
94.63,R_LittleTip,6.26,78.68,131.08,-0.59,0.15,0.16,-0.78
94.63,R_ThumbDistal,2.82,79.03,125.49,-0.12,0.53,-0.69,-0.49
94.63,R_IndexIntermediate,2.18,82.97,129.88,-0.56,0.07,-0.03,-0.82
94.63,R_MiddleIntermediate,4.21,82.83,130.86,-0.60,0.08,0.01,-0.80
94.63,R_RingIntermediate,6.22,82.54,130.45,-0.57,0.08,0.08,-0.81
94.63,R_LittleIntermediate,7.96,82.49,129.37,-0.51,0.10,0.15,-0.84
94.63,R_IndexProximal,2.71,86.21,127.49,-0.44,0.09,-0.04,-0.89
94.63,R_MiddleProximal,4.98,86.47,128.17,-0.45,0.09,0.02,-0.89
94.63,R_ThumbProximal,3.13,81.65,123.02,-0.20,0.34,-0.73,-0.55
94.63,R_RingProximal,7.11,85.84,128.06,-0.45,0.09,0.06,-0.88
94.63,L_LittleProximal,3.18,46.80,97.39,-0.68,-0.37,-0.09,-0.62
94.63,MediumCube,3.93,78.09,128.32,0.05,0.00,-0.01,1.00
94.64,Main Camera,-13.31,113.11,87.99,0.15,0.00,0.10,0.98
94.64,R_Palm,6.05,86.09,124.51,-0.01,0.15,0.05,-0.99
94.64,R_ThumbTip,1.81,76.88,125.97,-0.12,0.53,-0.69,-0.49
94.64,R_IndexTip,1.96,78.27,130.91,-0.62,0.04,-0.03,-0.79
94.64,R_MiddleTip,3.49,77.42,131.54,-0.66,0.05,0.05,-0.75
94.64,R_RingTip,4.91,77.43,131.10,-0.68,0.11,0.10,-0.72
94.64,R_LittleTip,6.31,78.64,130.41,-0.59,0.15,0.16,-0.77
94.64,R_ThumbDistal,2.85,79.04,124.88,-0.12,0.53,-0.69,-0.49
94.64,R_IndexIntermediate,2.22,82.98,129.27,-0.56,0.07,-0.03,-0.83
94.64,R_MiddleIntermediate,4.26,82.82,130.24,-0.59,0.08,0.01,-0.80
94.64,R_RingIntermediate,6.27,82.52,129.81,-0.57,0.08,0.08,-0.81
94.64,R_LittleIntermediate,8.01,82.45,128.72,-0.52,0.10,0.15,-0.84
94.64,R_IndexProximal,2.76,86.18,126.85,-0.44,0.09,-0.04,-0.89
94.64,R_MiddleProximal,5.03,86.45,127.53,-0.44,0.09,0.02,-0.89
94.64,R_ThumbProximal,3.17,81.65,122.40,-0.20,0.34,-0.73,-0.55
94.64,R_RingProximal,7.16,85.82,127.42,-0.45,0.09,0.06,-0.88
94.64,L_LittleProximal,3.18,46.80,97.39,-0.68,-0.37,-0.09,-0.62
94.64,MediumCube,3.98,78.07,127.72,0.05,0.00,-0.01,1.00
94.66,Main Camera,-13.25,113.13,87.82,0.15,0.00,0.10,0.98
94.66,R_Palm,5.95,86.09,123.77,-0.01,0.15,0.05,-0.99
94.66,R_ThumbTip,1.67,76.93,125.29,-0.11,0.52,-0.69,-0.49
94.66,R_IndexTip,1.83,78.32,130.24,-0.61,0.04,-0.03,-0.79
94.66,R_MiddleTip,3.39,77.44,130.83,-0.66,0.05,0.05,-0.75
94.66,R_RingTip,4.80,77.44,130.37,-0.68,0.11,0.10,-0.72
94.66,R_LittleTip,6.20,78.62,129.62,-0.60,0.15,0.16,-0.77
94.66,R_ThumbDistal,2.72,79.08,124.19,-0.11,0.52,-0.69,-0.49
94.66,R_IndexIntermediate,2.10,83.00,128.56,-0.55,0.07,-0.03,-0.83
94.66,R_MiddleIntermediate,4.15,82.84,129.52,-0.59,0.08,0.01,-0.80
94.66,R_RingIntermediate,6.17,82.52,129.08,-0.57,0.08,0.08,-0.81
94.66,R_LittleIntermediate,7.90,82.44,127.97,-0.52,0.10,0.15,-0.84
94.66,R_IndexProximal,2.65,86.19,126.11,-0.43,0.09,-0.04,-0.89
94.66,R_MiddleProximal,4.93,86.46,126.79,-0.44,0.09,0.02,-0.89
94.66,R_ThumbProximal,3.06,81.67,121.68,-0.19,0.34,-0.73,-0.56
94.66,R_RingProximal,7.06,85.82,126.69,-0.45,0.09,0.06,-0.88
94.66,L_LittleProximal,3.18,46.80,97.39,-0.68,-0.37,-0.09,-0.62
94.66,MediumCube,3.87,78.08,127.01,0.04,0.00,-0.01,1.00
94.67,Main Camera,-13.20,113.12,87.64,0.15,0.00,0.10,0.98
94.67,R_Palm,6.01,86.14,123.34,-0.01,0.15,0.05,-0.99
94.67,R_ThumbTip,1.69,77.04,124.92,-0.11,0.52,-0.69,-0.49
94.67,R_IndexTip,1.88,78.39,129.84,-0.61,0.04,-0.03,-0.79
94.67,R_MiddleTip,3.44,77.51,130.43,-0.66,0.05,0.05,-0.75
94.67,R_RingTip,4.86,77.49,129.92,-0.68,0.11,0.10,-0.72
94.67,R_LittleTip,6.26,78.64,129.13,-0.60,0.15,0.16,-0.77
94.67,R_ThumbDistal,2.76,79.17,123.80,-0.11,0.52,-0.69,-0.49
94.67,R_IndexIntermediate,2.16,83.06,128.14,-0.55,0.07,-0.03,-0.83
94.67,R_MiddleIntermediate,4.21,82.91,129.11,-0.59,0.08,0.01,-0.80
94.67,R_RingIntermediate,6.22,82.58,128.65,-0.57,0.08,0.08,-0.81
94.67,R_LittleIntermediate,7.96,82.48,127.53,-0.52,0.10,0.15,-0.83
94.67,R_IndexProximal,2.71,86.24,125.68,-0.43,0.09,-0.04,-0.90
94.67,R_MiddleProximal,4.98,86.51,126.36,-0.44,0.09,0.02,-0.89
94.67,R_ThumbProximal,3.11,81.74,121.27,-0.19,0.34,-0.73,-0.56
94.67,R_RingProximal,7.12,85.87,126.26,-0.45,0.09,0.06,-0.88
94.67,L_LittleProximal,3.18,46.80,97.39,-0.68,-0.37,-0.09,-0.62
94.67,MediumCube,3.92,78.14,126.61,0.04,0.00,-0.01,1.00
94.69,Main Camera,-13.14,113.11,87.46,0.16,0.00,0.10,0.98
94.69,R_Palm,6.16,86.01,123.20,-0.01,0.16,0.05,-0.99
94.69,R_ThumbTip,1.79,76.96,124.81,-0.11,0.52,-0.69,-0.49
94.69,R_IndexTip,1.98,78.27,129.71,-0.61,0.04,-0.03,-0.79
94.69,R_MiddleTip,3.54,77.39,130.28,-0.66,0.05,0.05,-0.75
94.69,R_RingTip,4.96,77.35,129.74,-0.68,0.11,0.09,-0.72
94.69,R_LittleTip,6.37,78.48,128.95,-0.60,0.15,0.16,-0.77
94.69,R_ThumbDistal,2.86,79.08,123.67,-0.11,0.52,-0.69,-0.49
94.69,R_IndexIntermediate,2.27,82.95,128.00,-0.55,0.08,-0.03,-0.83
94.69,R_MiddleIntermediate,4.32,82.80,128.99,-0.59,0.08,0.01,-0.80
94.69,R_RingIntermediate,6.34,82.44,128.51,-0.58,0.08,0.08,-0.81
94.69,R_LittleIntermediate,8.08,82.34,127.38,-0.53,0.10,0.14,-0.83
94.69,R_IndexProximal,2.84,86.11,125.52,-0.43,0.10,-0.04,-0.90
94.69,R_MiddleProximal,5.11,86.38,126.22,-0.44,0.09,0.02,-0.89
94.69,R_ThumbProximal,3.24,81.63,121.14,-0.19,0.34,-0.73,-0.56
94.69,R_RingProximal,7.25,85.74,126.12,-0.45,0.09,0.06,-0.88
94.69,L_LittleProximal,3.18,46.80,97.39,-0.68,-0.37,-0.09,-0.62
94.69,MediumCube,4.04,78.04,126.46,0.05,0.00,-0.01,1.00
94.70,Main Camera,-13.08,113.09,87.29,0.16,0.00,0.10,0.98
94.70,R_Palm,6.27,85.91,122.98,-0.01,0.16,0.05,-0.99
94.70,R_ThumbTip,1.87,76.90,124.61,-0.11,0.52,-0.69,-0.50
94.70,R_IndexTip,2.04,78.19,129.48,-0.61,0.05,-0.03,-0.79
94.70,R_MiddleTip,3.61,77.30,130.04,-0.66,0.06,0.05,-0.75
94.70,R_RingTip,5.03,77.23,129.47,-0.68,0.11,0.09,-0.72
94.70,R_LittleTip,6.45,78.35,128.67,-0.61,0.16,0.16,-0.76
94.70,R_ThumbDistal,2.95,79.01,123.45,-0.11,0.52,-0.69,-0.50
94.70,R_IndexIntermediate,2.36,82.86,127.77,-0.55,0.08,-0.03,-0.83
94.70,R_MiddleIntermediate,4.41,82.71,128.77,-0.60,0.08,0.01,-0.80
94.70,R_RingIntermediate,6.43,82.33,128.29,-0.58,0.09,0.08,-0.81
94.70,R_LittleIntermediate,8.17,82.22,127.15,-0.53,0.10,0.14,-0.83
94.70,R_IndexProximal,2.95,86.01,125.28,-0.43,0.10,-0.04,-0.90
94.70,R_MiddleProximal,5.22,86.27,125.99,-0.43,0.09,0.02,-0.90
94.70,R_ThumbProximal,3.35,81.55,120.91,-0.18,0.34,-0.73,-0.56
94.70,R_RingProximal,7.35,85.63,125.90,-0.45,0.09,0.06,-0.88
94.70,L_LittleProximal,3.18,46.80,97.39,-0.68,-0.37,-0.09,-0.62
94.70,MediumCube,4.13,77.96,126.23,0.05,-0.01,-0.02,1.00
94.72,Main Camera,-13.03,113.09,87.12,0.16,0.00,0.10,0.98
94.72,R_Palm,6.56,85.88,122.65,-0.01,0.16,0.05,-0.99
94.72,R_ThumbTip,2.11,76.90,124.26,-0.10,0.52,-0.69,-0.50
94.72,R_IndexTip,2.26,78.17,129.12,-0.61,0.05,-0.03,-0.79
94.72,R_MiddleTip,3.83,77.26,129.64,-0.66,0.06,0.05,-0.74
94.72,R_RingTip,5.25,77.19,129.09,-0.69,0.12,0.09,-0.71
94.72,R_LittleTip,6.67,78.29,128.30,-0.61,0.16,0.16,-0.76
94.72,R_ThumbDistal,3.20,79.00,123.10,-0.10,0.52,-0.69,-0.50
94.72,R_IndexIntermediate,2.60,82.84,127.42,-0.55,0.08,-0.03,-0.83
94.72,R_MiddleIntermediate,4.65,82.69,128.44,-0.60,0.09,0.01,-0.80
94.72,R_RingIntermediate,6.67,82.29,127.95,-0.58,0.09,0.08,-0.80
94.72,R_LittleIntermediate,8.42,82.17,126.82,-0.54,0.10,0.14,-0.83
94.72,R_IndexProximal,3.22,85.99,124.93,-0.43,0.10,-0.04,-0.90
94.72,R_MiddleProximal,5.49,86.24,125.65,-0.43,0.09,0.02,-0.90
94.72,R_ThumbProximal,3.64,81.54,120.56,-0.18,0.34,-0.73,-0.56
94.72,R_RingProximal,7.62,85.59,125.58,-0.45,0.10,0.06,-0.88
94.72,L_LittleProximal,3.18,46.80,97.39,-0.68,-0.37,-0.09,-0.62
94.72,MediumCube,4.38,77.97,125.84,0.05,-0.01,-0.02,1.00
94.73,Main Camera,-12.98,113.09,86.96,0.16,0.00,0.10,0.98
94.73,R_Palm,6.73,85.88,122.00,-0.01,0.17,0.06,-0.98
94.73,R_ThumbTip,2.18,76.94,123.53,-0.10,0.52,-0.69,-0.49
94.73,R_IndexTip,2.25,78.20,128.39,-0.61,0.06,-0.04,-0.79
94.73,R_MiddleTip,3.81,77.27,128.90,-0.67,0.07,0.04,-0.74
94.73,R_RingTip,5.24,77.18,128.38,-0.69,0.13,0.09,-0.71
94.73,R_LittleTip,6.69,78.27,127.63,-0.61,0.17,0.16,-0.76
94.73,R_ThumbDistal,3.30,79.03,122.40,-0.10,0.52,-0.69,-0.49
94.73,R_IndexIntermediate,2.66,82.88,126.71,-0.55,0.09,-0.03,-0.83
94.73,R_MiddleIntermediate,4.69,82.70,127.77,-0.60,0.10,0.01,-0.79
94.73,R_RingIntermediate,6.72,82.28,127.31,-0.58,0.10,0.08,-0.80
94.73,R_LittleIntermediate,8.49,82.14,126.19,-0.54,0.11,0.14,-0.82
94.73,R_IndexProximal,3.35,86.01,124.23,-0.43,0.11,-0.04,-0.90
94.73,R_MiddleProximal,5.61,86.24,124.99,-0.43,0.10,0.02,-0.90
94.73,R_ThumbProximal,3.80,81.57,119.86,-0.17,0.35,-0.73,-0.56
94.73,R_RingProximal,7.73,85.58,124.95,-0.45,0.11,0.06,-0.88
94.73,L_LittleProximal,3.18,46.80,97.39,-0.68,-0.37,-0.09,-0.62
94.73,MediumCube,4.43,78.01,125.12,0.06,-0.02,-0.02,1.00
94.74,Main Camera,-12.92,113.07,86.80,0.16,0.00,0.10,0.98
94.74,R_Palm,6.94,85.83,121.30,-0.01,0.18,0.06,-0.98
94.74,R_ThumbTip,2.30,76.93,122.75,-0.09,0.52,-0.69,-0.49
94.74,R_IndexTip,2.30,78.17,127.59,-0.61,0.07,-0.04,-0.79
94.74,R_MiddleTip,3.85,77.22,128.09,-0.67,0.08,0.04,-0.74
94.74,R_RingTip,5.28,77.13,127.60,-0.69,0.13,0.09,-0.70
94.74,R_LittleTip,6.75,78.20,126.90,-0.62,0.18,0.15,-0.75
94.74,R_ThumbDistal,3.45,79.01,121.63,-0.09,0.52,-0.69,-0.49
94.74,R_IndexIntermediate,2.77,82.85,125.94,-0.55,0.10,-0.03,-0.83
94.74,R_MiddleIntermediate,4.79,82.66,127.03,-0.61,0.11,0.01,-0.79
94.74,R_RingIntermediate,6.82,82.23,126.60,-0.59,0.11,0.08,-0.80
94.74,R_LittleIntermediate,8.60,82.06,125.51,-0.54,0.12,0.14,-0.82
94.74,R_IndexProximal,3.53,85.99,123.47,-0.43,0.12,-0.04,-0.90
94.74,R_MiddleProximal,5.77,86.19,124.27,-0.43,0.11,0.02,-0.89
94.74,R_ThumbProximal,4.02,81.55,119.11,-0.17,0.35,-0.73,-0.56
94.74,R_RingProximal,7.89,85.51,124.26,-0.46,0.11,0.06,-0.88
94.74,L_LittleProximal,3.18,46.80,97.39,-0.68,-0.37,-0.09,-0.62
94.74,MediumCube,4.54,78.00,124.33,0.06,-0.03,-0.02,1.00
94.76,Main Camera,-12.87,113.06,86.64,0.17,0.00,0.10,0.98
94.76,R_Palm,6.95,85.77,120.45,-0.01,0.18,0.07,-0.98
94.76,R_ThumbTip,2.22,76.91,121.86,-0.08,0.53,-0.69,-0.49
94.76,R_IndexTip,2.19,78.14,126.68,-0.61,0.07,-0.04,-0.79
94.76,R_MiddleTip,3.73,77.20,127.20,-0.67,0.08,0.04,-0.73
94.76,R_RingTip,5.16,77.08,126.72,-0.69,0.14,0.09,-0.70
94.76,R_LittleTip,6.64,78.14,126.04,-0.62,0.18,0.15,-0.75
94.76,R_ThumbDistal,3.41,78.99,120.75,-0.08,0.53,-0.69,-0.49
94.76,R_IndexIntermediate,2.71,82.83,125.05,-0.55,0.11,-0.03,-0.83
94.76,R_MiddleIntermediate,4.71,82.63,126.17,-0.61,0.11,0.01,-0.79
94.76,R_RingIntermediate,6.75,82.17,125.75,-0.59,0.11,0.08,-0.80
94.76,R_LittleIntermediate,8.54,81.99,124.68,-0.54,0.13,0.14,-0.82
94.76,R_IndexProximal,3.52,85.95,122.59,-0.43,0.13,-0.03,-0.90
94.76,R_MiddleProximal,5.75,86.15,123.41,-0.43,0.12,0.02,-0.89
94.76,R_ThumbProximal,4.01,81.51,118.24,-0.16,0.35,-0.73,-0.57
94.76,R_RingProximal,7.87,85.45,123.43,-0.45,0.12,0.06,-0.88
94.76,L_LittleProximal,3.18,46.80,97.39,-0.68,-0.37,-0.09,-0.62
94.76,MediumCube,4.46,77.99,123.45,0.07,-0.03,-0.03,1.00
94.77,Main Camera,-12.81,113.03,86.47,0.17,0.00,0.10,0.98
94.77,R_Palm,6.93,85.70,119.77,-0.01,0.18,0.07,-0.98
94.77,R_ThumbTip,2.17,76.86,121.18,-0.08,0.53,-0.69,-0.49
94.77,R_IndexTip,2.13,78.09,125.96,-0.62,0.08,-0.04,-0.78
94.77,R_MiddleTip,3.66,77.17,126.54,-0.67,0.08,0.04,-0.73
94.77,R_RingTip,5.09,77.04,126.06,-0.69,0.14,0.09,-0.70
94.77,R_LittleTip,6.59,78.07,125.36,-0.62,0.18,0.16,-0.75
94.77,R_ThumbDistal,3.36,78.93,120.07,-0.08,0.53,-0.69,-0.49
94.77,R_IndexIntermediate,2.67,82.78,124.36,-0.56,0.11,-0.03,-0.82
94.77,R_MiddleIntermediate,4.67,82.60,125.52,-0.61,0.11,0.01,-0.79
94.77,R_RingIntermediate,6.70,82.12,125.09,-0.59,0.12,0.08,-0.80
94.77,R_LittleIntermediate,8.50,81.91,124.00,-0.54,0.13,0.14,-0.82
94.77,R_IndexProximal,3.50,85.90,121.90,-0.42,0.13,-0.03,-0.90
94.77,R_MiddleProximal,5.73,86.08,122.73,-0.43,0.12,0.02,-0.90
94.77,R_ThumbProximal,3.99,81.45,117.55,-0.16,0.36,-0.73,-0.57
94.77,R_RingProximal,7.84,85.37,122.74,-0.45,0.12,0.06,-0.88
94.77,L_LittleProximal,3.18,46.80,97.39,-0.68,-0.37,-0.09,-0.62
94.77,MediumCube,4.40,77.96,122.79,0.07,-0.03,-0.03,1.00
94.78,Main Camera,-12.75,113.03,86.31,0.17,0.00,0.10,0.98
94.78,R_Palm,6.96,85.63,119.13,-0.01,0.18,0.07,-0.98
94.78,R_ThumbTip,2.16,76.82,120.54,-0.08,0.53,-0.69,-0.50
94.78,R_IndexTip,2.12,78.04,125.28,-0.62,0.08,-0.04,-0.78
94.78,R_MiddleTip,3.64,77.15,125.91,-0.68,0.09,0.04,-0.73
94.78,R_RingTip,5.07,77.00,125.44,-0.69,0.14,0.09,-0.70
94.78,R_LittleTip,6.59,78.01,124.72,-0.62,0.18,0.16,-0.75
94.78,R_ThumbDistal,3.37,78.89,119.42,-0.08,0.53,-0.69,-0.50
94.78,R_IndexIntermediate,2.67,82.74,123.71,-0.56,0.11,-0.03,-0.82
94.78,R_MiddleIntermediate,4.67,82.57,124.91,-0.61,0.12,0.01,-0.79
94.78,R_RingIntermediate,6.71,82.08,124.47,-0.59,0.12,0.08,-0.80
94.78,R_LittleIntermediate,8.51,81.84,123.36,-0.54,0.13,0.15,-0.82
94.78,R_IndexProximal,3.52,85.85,121.24,-0.42,0.13,-0.03,-0.90
94.78,R_MiddleProximal,5.75,86.02,122.08,-0.42,0.12,0.02,-0.90
94.78,R_ThumbProximal,4.00,81.40,116.90,-0.16,0.36,-0.73,-0.57
94.78,R_RingProximal,7.86,85.31,122.10,-0.45,0.12,0.07,-0.88
94.78,L_LittleProximal,3.18,46.80,97.39,-0.68,-0.37,-0.09,-0.62
94.78,MediumCube,4.39,77.96,122.16,0.07,-0.03,-0.03,1.00
94.80,Main Camera,-12.70,113.05,86.15,0.17,0.00,0.10,0.98
94.80,R_Palm,6.93,85.65,118.58,-0.01,0.18,0.07,-0.98
94.80,R_ThumbTip,2.12,76.86,120.02,-0.08,0.52,-0.69,-0.50
94.80,R_IndexTip,2.08,78.07,124.72,-0.62,0.08,-0.04,-0.78
94.80,R_MiddleTip,3.59,77.24,125.43,-0.68,0.09,0.04,-0.73
94.80,R_RingTip,5.03,77.07,124.96,-0.69,0.14,0.09,-0.70
94.80,R_LittleTip,6.57,78.02,124.17,-0.62,0.18,0.16,-0.75
94.80,R_ThumbDistal,3.32,78.91,118.89,-0.08,0.52,-0.69,-0.50
94.80,R_IndexIntermediate,2.64,82.78,123.18,-0.56,0.11,-0.03,-0.82
94.80,R_MiddleIntermediate,4.63,82.66,124.44,-0.61,0.12,0.01,-0.79
94.80,R_RingIntermediate,6.68,82.14,123.98,-0.59,0.12,0.08,-0.80
94.80,R_LittleIntermediate,8.49,81.85,122.82,-0.54,0.13,0.15,-0.82
94.80,R_IndexProximal,3.49,85.87,120.70,-0.42,0.13,-0.03,-0.90
94.80,R_MiddleProximal,5.72,86.04,121.53,-0.41,0.12,0.03,-0.90
94.80,R_ThumbProximal,3.96,81.42,116.36,-0.16,0.36,-0.72,-0.57
94.80,R_RingProximal,7.83,85.33,121.56,-0.44,0.12,0.07,-0.89
94.80,L_LittleProximal,3.18,46.80,97.39,-0.68,-0.37,-0.09,-0.62
94.80,MediumCube,4.34,78.06,121.69,0.07,-0.03,-0.03,1.00
94.81,Main Camera,-12.65,113.06,85.99,0.17,0.01,0.10,0.98
94.81,R_Palm,6.93,85.72,117.99,-0.01,0.18,0.07,-0.98
94.81,R_ThumbTip,2.14,76.93,119.46,-0.08,0.52,-0.69,-0.50
94.81,R_IndexTip,2.08,78.15,124.14,-0.62,0.08,-0.04,-0.78
94.81,R_MiddleTip,3.60,77.34,124.83,-0.68,0.09,0.04,-0.72
94.81,R_RingTip,5.04,77.15,124.33,-0.70,0.14,0.09,-0.70
94.81,R_LittleTip,6.59,78.07,123.56,-0.62,0.18,0.16,-0.75
94.81,R_ThumbDistal,3.32,78.99,118.31,-0.08,0.52,-0.69,-0.50
94.81,R_IndexIntermediate,2.64,82.87,122.62,-0.56,0.11,-0.03,-0.82
94.81,R_MiddleIntermediate,4.63,82.77,123.89,-0.61,0.12,0.01,-0.78
94.81,R_RingIntermediate,6.68,82.23,123.43,-0.59,0.12,0.08,-0.79
94.81,R_LittleIntermediate,8.50,81.92,122.23,-0.55,0.13,0.15,-0.81
94.81,R_IndexProximal,3.49,85.94,120.11,-0.42,0.13,-0.03,-0.90
94.81,R_MiddleProximal,5.72,86.12,120.94,-0.41,0.12,0.03,-0.91
94.81,R_ThumbProximal,3.96,81.49,115.78,-0.16,0.35,-0.72,-0.57
94.81,R_RingProximal,7.83,85.40,120.97,-0.44,0.12,0.07,-0.89
94.81,L_LittleProximal,3.18,46.80,97.39,-0.68,-0.37,-0.09,-0.62
94.81,MediumCube,4.35,78.22,121.11,0.08,-0.03,-0.03,1.00
94.82,Main Camera,-12.59,113.07,85.83,0.17,0.01,0.10,0.98
94.82,R_Palm,6.89,85.97,117.34,-0.01,0.19,0.07,-0.98
94.82,R_ThumbTip,2.11,77.20,118.85,-0.09,0.51,-0.69,-0.50
94.82,R_IndexTip,2.03,78.40,123.46,-0.62,0.08,-0.04,-0.78
94.82,R_MiddleTip,3.56,77.58,124.09,-0.69,0.09,0.04,-0.72
94.82,R_RingTip,4.99,77.38,123.57,-0.71,0.15,0.09,-0.69
94.82,R_LittleTip,6.55,78.29,122.87,-0.62,0.18,0.16,-0.74
94.82,R_ThumbDistal,3.27,79.26,117.67,-0.09,0.51,-0.69,-0.50
94.82,R_IndexIntermediate,2.58,83.13,121.97,-0.56,0.11,-0.03,-0.82
94.82,R_MiddleIntermediate,4.58,83.03,123.25,-0.62,0.12,0.01,-0.78
94.82,R_RingIntermediate,6.63,82.48,122.79,-0.60,0.12,0.08,-0.79
94.82,R_LittleIntermediate,8.46,82.16,121.59,-0.55,0.12,0.15,-0.81
94.82,R_IndexProximal,3.45,86.19,119.46,-0.42,0.13,-0.03,-0.90
94.82,R_MiddleProximal,5.68,86.36,120.29,-0.40,0.12,0.03,-0.91
94.82,R_ThumbProximal,3.92,81.75,115.13,-0.15,0.35,-0.72,-0.57
94.82,R_RingProximal,7.79,85.65,120.32,-0.44,0.12,0.07,-0.89
94.82,L_LittleProximal,3.18,46.80,97.39,-0.68,-0.37,-0.09,-0.62
94.82,MediumCube,4.33,78.55,120.39,0.09,-0.03,-0.03,0.99
94.84,Main Camera,-12.54,113.08,85.66,0.17,0.01,0.10,0.98
94.84,R_Palm,7.06,85.85,116.93,-0.01,0.19,0.07,-0.98
94.84,R_ThumbTip,2.29,77.11,118.47,-0.08,0.51,-0.70,-0.50
94.84,R_IndexTip,2.18,78.28,123.01,-0.63,0.08,-0.04,-0.77
94.84,R_MiddleTip,3.73,77.46,123.59,-0.70,0.09,0.04,-0.71
94.84,R_RingTip,5.16,77.27,123.07,-0.71,0.15,0.08,-0.68
94.84,R_LittleTip,6.72,78.17,122.44,-0.63,0.18,0.16,-0.74
94.84,R_ThumbDistal,3.44,79.16,117.27,-0.08,0.51,-0.70,-0.50
94.84,R_IndexIntermediate,2.73,83.02,121.55,-0.57,0.11,-0.03,-0.82
94.84,R_MiddleIntermediate,4.73,82.93,122.84,-0.62,0.12,0.01,-0.78
94.84,R_RingIntermediate,6.78,82.38,122.38,-0.60,0.12,0.08,-0.78
94.84,R_LittleIntermediate,8.62,82.06,121.19,-0.55,0.13,0.15,-0.81
94.84,R_IndexProximal,3.60,86.07,119.02,-0.41,0.13,-0.03,-0.90
94.84,R_MiddleProximal,5.83,86.25,119.87,-0.40,0.12,0.03,-0.91
94.84,R_ThumbProximal,4.10,81.63,114.72,-0.15,0.35,-0.73,-0.57
94.84,R_RingProximal,7.94,85.54,119.91,-0.43,0.12,0.07,-0.89
94.84,L_LittleProximal,3.18,46.80,97.39,-0.68,-0.37,-0.09,-0.62
94.84,MediumCube,4.52,78.51,119.91,0.10,-0.04,-0.03,0.99
94.85,Main Camera,-12.49,113.09,85.50,0.17,0.01,0.10,0.98
94.85,R_Palm,7.13,85.81,116.69,-0.01,0.19,0.07,-0.98
94.85,R_ThumbTip,2.37,77.08,118.27,-0.08,0.51,-0.70,-0.50
94.85,R_IndexTip,2.23,78.25,122.75,-0.63,0.08,-0.05,-0.77
94.85,R_MiddleTip,3.77,77.46,123.33,-0.70,0.09,0.03,-0.71
94.85,R_RingTip,5.21,77.24,122.80,-0.72,0.15,0.08,-0.67
94.85,R_LittleTip,6.77,78.14,122.20,-0.63,0.18,0.15,-0.74
94.85,R_ThumbDistal,3.52,79.12,117.07,-0.08,0.51,-0.70,-0.50
94.85,R_IndexIntermediate,2.77,82.99,121.30,-0.57,0.12,-0.04,-0.81
94.85,R_MiddleIntermediate,4.76,82.92,122.62,-0.62,0.12,0.00,-0.78
94.85,R_RingIntermediate,6.82,82.37,122.17,-0.61,0.12,0.07,-0.78
94.85,R_LittleIntermediate,8.67,82.04,120.98,-0.55,0.13,0.14,-0.81
94.85,R_IndexProximal,3.65,86.03,118.76,-0.41,0.14,-0.04,-0.90
94.85,R_MiddleProximal,5.87,86.22,119.62,-0.40,0.12,0.02,-0.91
94.85,R_ThumbProximal,4.19,81.57,114.50,-0.15,0.35,-0.73,-0.57
94.85,R_RingProximal,7.98,85.51,119.68,-0.43,0.13,0.06,-0.89
94.85,L_LittleProximal,3.18,46.80,97.39,-0.68,-0.37,-0.09,-0.62
94.85,MediumCube,4.59,78.53,119.67,0.10,-0.04,-0.02,0.99
94.87,Main Camera,-12.44,113.11,85.34,0.18,0.01,0.10,0.98
94.87,R_Palm,7.18,85.78,116.38,-0.01,0.20,0.07,-0.98
94.87,R_ThumbTip,2.43,77.07,118.01,-0.08,0.51,-0.70,-0.49
94.87,R_IndexTip,2.25,78.25,122.42,-0.63,0.09,-0.05,-0.77
94.87,R_MiddleTip,3.79,77.47,123.02,-0.70,0.09,0.03,-0.70
94.87,R_RingTip,5.24,77.25,122.46,-0.72,0.15,0.07,-0.67
94.87,R_LittleTip,6.80,78.14,121.91,-0.63,0.18,0.15,-0.74
94.87,R_ThumbDistal,3.59,79.10,116.79,-0.08,0.51,-0.70,-0.49
94.87,R_IndexIntermediate,2.79,82.99,120.98,-0.57,0.12,-0.04,-0.81
94.87,R_MiddleIntermediate,4.77,82.94,122.33,-0.62,0.12,0.00,-0.77
94.87,R_RingIntermediate,6.84,82.38,121.89,-0.61,0.13,0.07,-0.78
94.87,R_LittleIntermediate,8.70,82.04,120.71,-0.56,0.13,0.14,-0.81
94.87,R_IndexProximal,3.69,86.01,118.42,-0.41,0.14,-0.04,-0.90
94.87,R_MiddleProximal,5.90,86.21,119.30,-0.39,0.13,0.02,-0.91
94.87,R_ThumbProximal,4.28,81.53,114.20,-0.14,0.35,-0.73,-0.57
94.87,R_RingProximal,8.01,85.51,119.39,-0.43,0.13,0.06,-0.89
94.87,L_LittleProximal,3.18,46.80,97.39,-0.68,-0.37,-0.09,-0.62
94.87,MediumCube,4.65,78.57,119.37,0.11,-0.05,-0.02,0.99
94.88,Main Camera,-12.39,113.12,85.20,0.18,0.01,0.10,0.98
94.88,R_Palm,7.26,85.64,116.10,0.00,0.20,0.07,-0.98
94.88,R_ThumbTip,2.50,76.96,117.78,-0.07,0.50,-0.70,-0.49
94.88,R_IndexTip,2.30,78.15,122.15,-0.63,0.09,-0.05,-0.77
94.88,R_MiddleTip,3.84,77.41,122.80,-0.70,0.09,0.03,-0.70
94.88,R_RingTip,5.29,77.16,122.20,-0.72,0.15,0.07,-0.67
94.88,R_LittleTip,6.85,78.02,121.63,-0.63,0.19,0.15,-0.74
94.88,R_ThumbDistal,3.66,78.98,116.54,-0.07,0.50,-0.70,-0.49
94.88,R_IndexIntermediate,2.84,82.89,120.70,-0.57,0.12,-0.04,-0.81
94.88,R_MiddleIntermediate,4.82,82.88,122.09,-0.62,0.12,0.00,-0.78
94.88,R_RingIntermediate,6.89,82.29,121.64,-0.61,0.13,0.07,-0.78
94.88,R_LittleIntermediate,8.76,81.92,120.45,-0.56,0.13,0.14,-0.81
94.88,R_IndexProximal,3.76,85.88,118.12,-0.40,0.14,-0.04,-0.90
94.88,R_MiddleProximal,5.97,86.09,119.01,-0.39,0.13,0.02,-0.91
94.88,R_ThumbProximal,4.35,81.39,113.94,-0.14,0.35,-0.73,-0.57
94.88,R_RingProximal,8.08,85.38,119.10,-0.42,0.13,0.06,-0.89
94.88,L_LittleProximal,3.18,46.80,97.39,-0.68,-0.37,-0.09,-0.62
94.88,MediumCube,4.70,78.50,119.16,0.11,-0.05,-0.02,0.99
94.89,Main Camera,-12.33,113.14,85.05,0.18,0.01,0.10,0.98
94.89,R_Palm,7.36,85.50,115.65,0.00,0.20,0.07,-0.98
94.89,R_ThumbTip,2.62,76.82,117.37,-0.07,0.50,-0.71,-0.49
94.89,R_IndexTip,2.39,78.02,121.70,-0.63,0.09,-0.05,-0.77
94.89,R_MiddleTip,3.91,77.33,122.43,-0.70,0.09,0.03,-0.71
94.89,R_RingTip,5.37,77.06,121.81,-0.72,0.15,0.07,-0.67
94.89,R_LittleTip,6.94,77.88,121.18,-0.63,0.19,0.15,-0.74
94.89,R_ThumbDistal,3.78,78.84,116.12,-0.07,0.50,-0.71,-0.49
94.89,R_IndexIntermediate,2.93,82.77,120.26,-0.57,0.12,-0.04,-0.81
94.89,R_MiddleIntermediate,4.91,82.79,121.68,-0.61,0.12,0.00,-0.78
94.89,R_RingIntermediate,6.99,82.18,121.23,-0.61,0.13,0.07,-0.78
94.89,R_LittleIntermediate,8.86,81.78,120.01,-0.56,0.13,0.14,-0.81
94.89,R_IndexProximal,3.86,85.75,117.67,-0.40,0.14,-0.04,-0.90
94.89,R_MiddleProximal,6.07,85.95,118.56,-0.38,0.13,0.02,-0.92
94.89,R_ThumbProximal,4.47,81.24,113.51,-0.14,0.35,-0.73,-0.57
94.89,R_RingProximal,8.18,85.25,118.66,-0.42,0.13,0.06,-0.90
94.89,L_LittleProximal,3.18,46.80,97.39,-0.68,-0.37,-0.09,-0.62
94.89,MediumCube,4.78,78.41,118.78,0.10,-0.05,-0.02,0.99
94.91,Main Camera,-12.27,113.16,84.90,0.18,0.01,0.10,0.98
94.91,R_Palm,7.40,85.35,115.23,0.00,0.20,0.07,-0.98
94.91,R_ThumbTip,2.67,76.67,116.96,-0.07,0.50,-0.71,-0.49
94.91,R_IndexTip,2.40,77.88,121.27,-0.63,0.09,-0.05,-0.77
94.91,R_MiddleTip,3.93,77.21,122.02,-0.70,0.09,0.03,-0.70
94.91,R_RingTip,5.39,76.93,121.39,-0.72,0.15,0.07,-0.67
94.91,R_LittleTip,6.96,77.73,120.75,-0.63,0.19,0.15,-0.74
94.91,R_ThumbDistal,3.82,78.69,115.71,-0.07,0.50,-0.71,-0.49
94.91,R_IndexIntermediate,2.96,82.63,119.84,-0.57,0.12,-0.04,-0.81
94.91,R_MiddleIntermediate,4.93,82.67,121.28,-0.61,0.13,0.00,-0.78
94.91,R_RingIntermediate,7.01,82.05,120.82,-0.61,0.13,0.07,-0.78
94.91,R_LittleIntermediate,8.88,81.63,119.58,-0.56,0.13,0.14,-0.81
94.91,R_IndexProximal,3.89,85.60,117.24,-0.40,0.14,-0.04,-0.90
94.91,R_MiddleProximal,6.10,85.80,118.13,-0.37,0.13,0.02,-0.92
94.91,R_ThumbProximal,4.50,81.08,113.09,-0.14,0.34,-0.73,-0.57
94.91,R_RingProximal,8.21,85.10,118.23,-0.42,0.13,0.06,-0.90
94.91,L_LittleProximal,3.18,46.80,97.39,-0.68,-0.37,-0.09,-0.62
94.91,MediumCube,4.80,78.30,118.37,0.11,-0.05,-0.02,0.99
94.92,Main Camera,-12.24,113.18,84.75,0.18,0.01,0.10,0.98
94.92,R_Palm,7.42,85.33,114.94,0.00,0.20,0.07,-0.98
94.92,R_ThumbTip,2.70,76.67,116.69,-0.07,0.50,-0.71,-0.49
94.92,R_IndexTip,2.41,77.88,120.97,-0.63,0.09,-0.05,-0.77
94.92,R_MiddleTip,3.94,77.21,121.70,-0.71,0.09,0.03,-0.70
94.92,R_RingTip,5.41,76.93,121.08,-0.73,0.16,0.07,-0.67
94.92,R_LittleTip,6.98,77.71,120.44,-0.64,0.19,0.15,-0.73
94.92,R_ThumbDistal,3.85,78.68,115.43,-0.07,0.50,-0.71,-0.49
94.92,R_IndexIntermediate,2.97,82.62,119.54,-0.57,0.12,-0.04,-0.81
94.92,R_MiddleIntermediate,4.95,82.68,121.00,-0.62,0.13,0.00,-0.78
94.92,R_RingIntermediate,7.03,82.05,120.54,-0.61,0.13,0.07,-0.78
94.92,R_LittleIntermediate,8.90,81.62,119.30,-0.56,0.13,0.14,-0.81
94.92,R_IndexProximal,3.92,85.60,116.95,-0.40,0.15,-0.04,-0.90
94.92,R_MiddleProximal,6.13,85.79,117.84,-0.37,0.13,0.02,-0.92
94.92,R_ThumbProximal,4.53,81.07,112.81,-0.14,0.34,-0.73,-0.57
94.92,R_RingProximal,8.23,85.08,117.94,-0.41,0.13,0.06,-0.90
94.92,L_LittleProximal,3.18,46.80,97.39,-0.68,-0.37,-0.09,-0.62
94.92,MediumCube,4.82,78.33,118.07,0.11,-0.05,-0.02,0.99
94.94,Main Camera,-12.20,113.19,84.60,0.18,0.02,0.10,0.98
94.94,R_Palm,7.36,85.35,114.46,0.00,0.20,0.07,-0.98
94.94,R_ThumbTip,2.61,76.71,116.21,-0.07,0.50,-0.71,-0.49
94.94,R_IndexTip,2.29,77.92,120.47,-0.63,0.09,-0.05,-0.77
94.94,R_MiddleTip,3.84,77.24,121.16,-0.71,0.10,0.03,-0.70
94.94,R_RingTip,5.30,76.95,120.53,-0.73,0.16,0.07,-0.66
94.94,R_LittleTip,6.87,77.72,119.94,-0.64,0.19,0.15,-0.73
94.94,R_ThumbDistal,3.77,78.71,114.96,-0.07,0.50,-0.71,-0.49
94.94,R_IndexIntermediate,2.88,82.66,119.05,-0.57,0.13,-0.04,-0.81
94.94,R_MiddleIntermediate,4.85,82.71,120.52,-0.62,0.13,0.00,-0.77
94.94,R_RingIntermediate,6.94,82.08,120.08,-0.61,0.13,0.07,-0.77
94.94,R_LittleIntermediate,8.81,81.63,118.83,-0.56,0.14,0.14,-0.80
94.94,R_IndexProximal,3.85,85.63,116.46,-0.40,0.15,-0.04,-0.90
94.94,R_MiddleProximal,6.06,85.82,117.36,-0.37,0.13,0.02,-0.92
94.94,R_ThumbProximal,4.46,81.10,112.33,-0.14,0.34,-0.73,-0.57
94.94,R_RingProximal,8.16,85.10,117.47,-0.41,0.13,0.06,-0.90
94.94,L_LittleProximal,3.18,46.80,97.39,-0.68,-0.37,-0.09,-0.62
94.94,MediumCube,4.73,78.41,117.54,0.12,-0.05,-0.02,0.99
94.95,Main Camera,-12.16,113.20,84.46,0.18,0.02,0.10,0.98
94.95,R_Palm,7.31,85.36,113.97,0.00,0.20,0.07,-0.98
94.95,R_ThumbTip,2.51,76.75,115.71,-0.07,0.50,-0.71,-0.49
94.95,R_IndexTip,2.17,77.96,119.94,-0.63,0.10,-0.05,-0.77
94.95,R_MiddleTip,3.72,77.28,120.58,-0.72,0.10,0.03,-0.69
94.95,R_RingTip,5.18,76.97,119.95,-0.74,0.16,0.07,-0.65
94.95,R_LittleTip,6.75,77.73,119.42,-0.64,0.19,0.15,-0.73
94.95,R_ThumbDistal,3.69,78.74,114.46,-0.07,0.50,-0.71,-0.49
94.95,R_IndexIntermediate,2.79,82.70,118.53,-0.57,0.13,-0.04,-0.81
94.95,R_MiddleIntermediate,4.76,82.75,120.02,-0.62,0.13,0.00,-0.77
94.95,R_RingIntermediate,6.84,82.10,119.58,-0.62,0.14,0.07,-0.77
94.95,R_LittleIntermediate,8.72,81.63,118.34,-0.56,0.14,0.14,-0.80
94.95,R_IndexProximal,3.79,85.66,115.94,-0.40,0.15,-0.04,-0.90
94.95,R_MiddleProximal,5.99,85.84,116.85,-0.37,0.14,0.03,-0.92
94.95,R_ThumbProximal,4.41,81.12,111.83,-0.13,0.34,-0.73,-0.57
94.95,R_RingProximal,8.09,85.11,116.98,-0.41,0.14,0.07,-0.90
94.95,L_LittleProximal,3.18,46.80,97.39,-0.68,-0.37,-0.09,-0.62
94.95,MediumCube,4.65,78.49,116.99,0.12,-0.06,-0.03,0.99
94.96,Main Camera,-12.13,113.21,84.31,0.18,0.02,0.10,0.98
94.96,R_Palm,7.29,85.41,113.39,0.00,0.21,0.08,-0.97
94.96,R_ThumbTip,2.41,76.85,115.11,-0.06,0.50,-0.71,-0.49
94.96,R_IndexTip,2.00,78.07,119.29,-0.63,0.11,-0.05,-0.77
94.96,R_MiddleTip,3.54,77.37,119.93,-0.72,0.11,0.02,-0.69
94.96,R_RingTip,5.01,77.05,119.28,-0.74,0.17,0.07,-0.64
94.96,R_LittleTip,6.59,77.76,118.74,-0.65,0.20,0.15,-0.72
94.96,R_ThumbDistal,3.62,78.83,113.86,-0.06,0.50,-0.71,-0.49
94.96,R_IndexIntermediate,2.68,82.81,117.90,-0.57,0.14,-0.04,-0.81
94.96,R_MiddleIntermediate,4.63,82.83,119.41,-0.62,0.14,0.00,-0.77
94.96,R_RingIntermediate,6.71,82.17,119.01,-0.62,0.15,0.07,-0.77
94.96,R_LittleIntermediate,8.60,81.66,117.76,-0.57,0.15,0.14,-0.80
94.96,R_IndexProximal,3.74,85.75,115.32,-0.39,0.16,-0.04,-0.90
94.96,R_MiddleProximal,5.93,85.91,116.26,-0.37,0.14,0.03,-0.92
94.96,R_ThumbProximal,4.38,81.19,111.23,-0.13,0.35,-0.73,-0.57
94.96,R_RingProximal,8.02,85.16,116.41,-0.41,0.14,0.07,-0.90
94.96,L_LittleProximal,3.18,46.80,97.39,-0.68,-0.37,-0.09,-0.62
94.96,MediumCube,4.53,78.61,116.36,0.13,-0.06,-0.03,0.99
94.98,Main Camera,-12.08,113.21,84.16,0.18,0.02,0.10,0.98
94.98,R_Palm,7.44,85.30,112.92,0.00,0.22,0.08,-0.97
94.98,R_ThumbTip,2.53,76.76,114.63,-0.06,0.50,-0.71,-0.49
94.98,R_IndexTip,2.06,78.00,118.78,-0.63,0.11,-0.06,-0.77
94.98,R_MiddleTip,3.60,77.31,119.41,-0.72,0.11,0.02,-0.68
94.98,R_RingTip,5.08,76.97,118.72,-0.75,0.17,0.07,-0.64
94.98,R_LittleTip,6.66,77.65,118.23,-0.65,0.21,0.15,-0.72
94.98,R_ThumbDistal,3.75,78.73,113.39,-0.06,0.50,-0.71,-0.49
94.98,R_IndexIntermediate,2.77,82.73,117.40,-0.57,0.14,-0.04,-0.81
94.98,R_MiddleIntermediate,4.72,82.77,118.93,-0.62,0.15,-0.01,-0.77
94.98,R_RingIntermediate,6.80,82.08,118.54,-0.63,0.15,0.07,-0.76
94.98,R_LittleIntermediate,8.70,81.55,117.31,-0.57,0.15,0.14,-0.79
94.98,R_IndexProximal,3.88,85.66,114.81,-0.39,0.17,-0.04,-0.90
94.98,R_MiddleProximal,6.07,85.81,115.77,-0.37,0.15,0.03,-0.92
94.98,R_ThumbProximal,4.54,81.08,110.75,-0.12,0.35,-0.73,-0.57
94.98,R_RingProximal,8.15,85.05,115.94,-0.41,0.15,0.07,-0.90
94.98,L_LittleProximal,3.18,46.80,97.39,-0.68,-0.37,-0.09,-0.62
94.98,MediumCube,4.63,78.57,115.86,0.13,-0.07,-0.03,0.99
94.99,Main Camera,-12.04,113.23,84.01,0.18,0.02,0.10,0.98
94.99,R_Palm,7.44,85.32,112.13,0.00,0.22,0.08,-0.97
94.99,R_ThumbTip,2.46,76.83,113.83,-0.05,0.51,-0.71,-0.49
94.99,R_IndexTip,1.91,78.09,117.93,-0.63,0.12,-0.06,-0.77
94.99,R_MiddleTip,3.44,77.41,118.59,-0.72,0.12,0.02,-0.68
94.99,R_RingTip,4.93,77.04,117.88,-0.75,0.18,0.06,-0.63
94.99,R_LittleTip,6.52,77.69,117.41,-0.65,0.22,0.14,-0.71
94.99,R_ThumbDistal,3.71,78.79,112.59,-0.05,0.51,-0.71,-0.49
94.99,R_IndexIntermediate,2.68,82.82,116.55,-0.56,0.15,-0.05,-0.81
94.99,R_MiddleIntermediate,4.60,82.86,118.13,-0.62,0.15,-0.01,-0.77
94.99,R_RingIntermediate,6.69,82.14,117.76,-0.63,0.16,0.06,-0.76
94.99,R_LittleIntermediate,8.60,81.58,116.55,-0.58,0.16,0.13,-0.79
94.99,R_IndexProximal,3.85,85.72,113.97,-0.39,0.18,-0.04,-0.90
94.99,R_MiddleProximal,6.02,85.86,114.96,-0.36,0.16,0.03,-0.92
94.99,R_ThumbProximal,4.56,81.11,109.95,-0.11,0.35,-0.73,-0.57
94.99,R_RingProximal,8.10,85.09,115.17,-0.41,0.16,0.07,-0.90
94.99,L_LittleProximal,3.18,46.80,97.39,-0.68,-0.37,-0.09,-0.62
94.99,MediumCube,4.54,78.68,115.06,0.13,-0.08,-0.03,0.99
95.01,Main Camera,-12.01,113.24,83.88,0.18,0.02,0.10,0.98
95.01,R_Palm,7.39,85.26,111.55,0.01,0.23,0.08,-0.97
95.01,R_ThumbTip,2.39,76.79,113.26,-0.04,0.51,-0.71,-0.49
95.01,R_IndexTip,1.79,78.08,117.34,-0.62,0.12,-0.06,-0.77
95.01,R_MiddleTip,3.31,77.42,118.03,-0.72,0.12,0.02,-0.68
95.01,R_RingTip,4.82,77.03,117.30,-0.75,0.19,0.06,-0.63
95.01,R_LittleTip,6.41,77.63,116.78,-0.66,0.22,0.14,-0.70
95.01,R_ThumbDistal,3.65,78.74,112.02,-0.04,0.51,-0.71,-0.49
95.01,R_IndexIntermediate,2.58,82.80,115.94,-0.56,0.16,-0.05,-0.81
95.01,R_MiddleIntermediate,4.50,82.87,117.57,-0.62,0.16,-0.01,-0.77
95.01,R_RingIntermediate,6.59,82.12,117.21,-0.63,0.16,0.06,-0.76
95.01,R_LittleIntermediate,8.51,81.53,115.99,-0.58,0.17,0.13,-0.79
95.01,R_IndexProximal,3.79,85.68,113.36,-0.39,0.18,-0.04,-0.90
95.01,R_MiddleProximal,5.95,85.82,114.36,-0.35,0.16,0.03,-0.92
95.01,R_ThumbProximal,4.51,81.05,109.37,-0.11,0.35,-0.73,-0.57
95.01,R_RingProximal,8.03,85.04,114.59,-0.40,0.16,0.07,-0.90
95.01,L_LittleProximal,3.18,46.80,97.39,-0.68,-0.37,-0.09,-0.62
95.01,MediumCube,4.44,78.69,114.52,0.13,-0.08,-0.03,0.99
95.02,Main Camera,-11.97,113.27,83.75,0.18,0.02,0.10,0.98
95.02,R_Palm,7.27,85.24,111.07,0.01,0.23,0.08,-0.97
95.02,R_ThumbTip,2.26,76.78,112.80,-0.04,0.51,-0.71,-0.49
95.02,R_IndexTip,1.62,78.07,116.85,-0.62,0.13,-0.06,-0.77
95.02,R_MiddleTip,3.15,77.45,117.59,-0.72,0.13,0.02,-0.68
95.02,R_RingTip,4.67,77.04,116.82,-0.76,0.19,0.06,-0.63
95.02,R_LittleTip,6.28,77.60,116.24,-0.67,0.22,0.14,-0.70
95.02,R_ThumbDistal,3.53,78.72,111.56,-0.04,0.51,-0.71,-0.49
95.02,R_IndexIntermediate,2.43,82.79,115.46,-0.56,0.16,-0.05,-0.81
95.02,R_MiddleIntermediate,4.35,82.88,117.11,-0.62,0.16,-0.01,-0.77
95.02,R_RingIntermediate,6.45,82.12,116.75,-0.63,0.16,0.06,-0.76
95.02,R_LittleIntermediate,8.38,81.51,115.52,-0.58,0.17,0.13,-0.78
95.02,R_IndexProximal,3.66,85.67,112.87,-0.38,0.18,-0.04,-0.90
95.02,R_MiddleProximal,5.83,85.80,113.88,-0.35,0.16,0.03,-0.92
95.02,R_ThumbProximal,4.39,81.02,108.90,-0.11,0.35,-0.73,-0.57
95.02,R_RingProximal,7.89,85.01,114.11,-0.40,0.16,0.07,-0.90
95.02,L_LittleProximal,3.18,46.80,97.39,-0.68,-0.37,-0.09,-0.62
95.02,MediumCube,4.29,78.70,114.08,0.13,-0.08,-0.03,0.99
95.03,Main Camera,-11.91,113.28,83.61,0.18,0.02,0.10,0.98
95.03,R_Palm,7.19,85.20,110.61,0.01,0.23,0.08,-0.97
95.03,R_ThumbTip,2.18,76.75,112.35,-0.04,0.51,-0.71,-0.49
95.03,R_IndexTip,1.51,78.06,116.38,-0.62,0.13,-0.06,-0.77
95.03,R_MiddleTip,3.05,77.45,117.15,-0.72,0.13,0.02,-0.68
95.03,R_RingTip,4.58,77.03,116.34,-0.76,0.19,0.06,-0.62
95.03,R_LittleTip,6.19,77.56,115.72,-0.67,0.22,0.14,-0.69
95.03,R_ThumbDistal,3.46,78.69,111.10,-0.04,0.51,-0.71,-0.49
95.03,R_IndexIntermediate,2.33,82.77,114.99,-0.56,0.16,-0.05,-0.81
95.03,R_MiddleIntermediate,4.26,82.89,116.67,-0.62,0.16,-0.01,-0.77
95.03,R_RingIntermediate,6.36,82.11,116.31,-0.63,0.17,0.06,-0.76
95.03,R_LittleIntermediate,8.29,81.48,115.06,-0.59,0.17,0.13,-0.78
95.03,R_IndexProximal,3.58,85.64,112.40,-0.38,0.19,-0.04,-0.90
95.03,R_MiddleProximal,5.74,85.77,113.42,-0.35,0.16,0.03,-0.92
95.03,R_ThumbProximal,4.32,80.99,108.45,-0.11,0.35,-0.73,-0.57
95.03,R_RingProximal,7.81,84.99,113.65,-0.39,0.16,0.07,-0.90
95.03,L_LittleProximal,3.18,46.80,97.39,-0.68,-0.37,-0.09,-0.62
95.03,MediumCube,4.20,78.72,113.64,0.13,-0.08,-0.03,0.99
95.05,Main Camera,-11.86,113.28,83.46,0.18,0.02,0.10,0.98
95.05,R_Palm,7.04,85.29,110.03,0.01,0.23,0.08,-0.97
95.05,R_ThumbTip,2.05,76.84,111.79,-0.04,0.50,-0.71,-0.49
95.05,R_IndexTip,1.32,78.15,115.79,-0.62,0.13,-0.06,-0.77
95.05,R_MiddleTip,2.90,77.55,116.54,-0.72,0.13,0.02,-0.68
95.05,R_RingTip,4.44,77.12,115.70,-0.76,0.19,0.06,-0.62
95.05,R_LittleTip,6.05,77.63,115.06,-0.68,0.22,0.14,-0.68
95.05,R_ThumbDistal,3.33,78.78,110.54,-0.04,0.50,-0.71,-0.49
95.05,R_IndexIntermediate,2.16,82.86,114.40,-0.56,0.17,-0.05,-0.81
95.05,R_MiddleIntermediate,4.10,82.99,116.09,-0.62,0.16,-0.01,-0.77
95.05,R_RingIntermediate,6.20,82.21,115.74,-0.63,0.17,0.06,-0.75
95.05,R_LittleIntermediate,8.14,81.57,114.49,-0.60,0.17,0.13,-0.78
95.05,R_IndexProximal,3.43,85.73,111.82,-0.38,0.19,-0.04,-0.90
95.05,R_MiddleProximal,5.59,85.86,112.84,-0.34,0.16,0.03,-0.92
95.05,R_ThumbProximal,4.18,81.07,107.88,-0.11,0.35,-0.73,-0.57
95.05,R_RingProximal,7.66,85.08,113.07,-0.39,0.16,0.07,-0.90
95.05,L_LittleProximal,3.18,46.80,97.39,-0.68,-0.37,-0.09,-0.62
95.05,MediumCube,4.06,78.84,113.04,0.14,-0.09,-0.03,0.99
95.06,Main Camera,-11.84,113.30,83.32,0.18,0.02,0.10,0.98
95.06,R_Palm,7.00,85.16,109.92,0.01,0.23,0.08,-0.97
95.06,R_ThumbTip,2.05,76.69,111.68,-0.04,0.51,-0.71,-0.49
95.06,R_IndexTip,1.27,77.99,115.65,-0.62,0.13,-0.07,-0.77
95.06,R_MiddleTip,2.89,77.40,116.36,-0.73,0.13,0.01,-0.67
95.06,R_RingTip,4.43,76.99,115.51,-0.77,0.19,0.05,-0.61
95.06,R_LittleTip,6.05,77.47,114.86,-0.69,0.22,0.13,-0.68
95.06,R_ThumbDistal,3.31,78.63,110.43,-0.04,0.51,-0.71,-0.49
95.06,R_IndexIntermediate,2.10,82.72,114.28,-0.56,0.17,-0.06,-0.81
95.06,R_MiddleIntermediate,4.05,82.85,115.98,-0.62,0.16,-0.01,-0.77
95.06,R_RingIntermediate,6.16,82.08,115.64,-0.64,0.17,0.06,-0.75
95.06,R_LittleIntermediate,8.11,81.43,114.38,-0.60,0.17,0.13,-0.77
95.06,R_IndexProximal,3.38,85.58,111.70,-0.38,0.19,-0.04,-0.90
95.06,R_MiddleProximal,5.54,85.72,112.72,-0.34,0.16,0.03,-0.92
95.06,R_ThumbProximal,4.17,80.92,107.77,-0.11,0.35,-0.74,-0.57
95.06,R_RingProximal,7.61,84.94,112.97,-0.39,0.16,0.07,-0.90
95.06,L_LittleProximal,3.18,46.80,97.39,-0.68,-0.37,-0.09,-0.62
95.08,Main Camera,-11.80,113.31,83.19,0.18,0.02,0.10,0.98
95.08,R_Palm,7.05,85.13,109.88,0.01,0.23,0.08,-0.97
95.08,R_ThumbTip,2.15,76.63,111.62,-0.04,0.51,-0.71,-0.49
95.08,R_IndexTip,1.32,77.92,115.53,-0.63,0.14,-0.08,-0.76
95.08,R_MiddleTip,2.98,77.35,116.21,-0.74,0.12,0.01,-0.66
95.08,R_RingTip,4.53,76.96,115.37,-0.78,0.19,0.05,-0.60
95.08,R_LittleTip,6.14,77.42,114.71,-0.70,0.22,0.13,-0.67
95.08,R_ThumbDistal,3.41,78.58,110.38,-0.04,0.51,-0.71,-0.49
95.08,R_IndexIntermediate,2.13,82.66,114.21,-0.57,0.17,-0.06,-0.80
95.08,R_MiddleIntermediate,4.09,82.81,115.94,-0.63,0.16,-0.02,-0.76
95.08,R_RingIntermediate,6.21,82.06,115.61,-0.64,0.17,0.05,-0.74
95.08,R_LittleIntermediate,8.17,81.40,114.34,-0.61,0.17,0.12,-0.76
95.08,R_IndexProximal,3.42,85.53,111.65,-0.38,0.20,-0.05,-0.90
95.08,R_MiddleProximal,5.58,85.68,112.68,-0.34,0.17,0.03,-0.92
95.08,R_ThumbProximal,4.25,80.88,107.72,-0.11,0.35,-0.74,-0.57
95.08,R_RingProximal,7.65,84.92,112.93,-0.39,0.16,0.07,-0.90
95.08,L_LittleProximal,3.18,46.80,97.39,-0.68,-0.37,-0.09,-0.62
95.09,Main Camera,-11.75,113.32,83.06,0.18,0.02,0.10,0.98
95.09,R_Palm,7.02,85.09,109.70,0.00,0.24,0.08,-0.97
95.09,R_ThumbTip,2.14,76.57,111.38,-0.04,0.51,-0.71,-0.48
95.09,R_IndexTip,1.26,77.83,115.23,-0.63,0.14,-0.08,-0.76
95.09,R_MiddleTip,2.94,77.28,115.89,-0.75,0.13,0.00,-0.65
95.09,R_RingTip,4.49,76.92,115.09,-0.78,0.19,0.04,-0.59
95.09,R_LittleTip,6.11,77.35,114.40,-0.71,0.22,0.12,-0.65
95.09,R_ThumbDistal,3.40,78.53,110.15,-0.04,0.51,-0.71,-0.48
95.09,R_IndexIntermediate,2.05,82.59,113.97,-0.57,0.18,-0.07,-0.80
95.09,R_MiddleIntermediate,4.01,82.76,115.73,-0.63,0.16,-0.02,-0.76
95.09,R_RingIntermediate,6.14,82.03,115.43,-0.65,0.17,0.05,-0.74
95.09,R_LittleIntermediate,8.12,81.36,114.16,-0.62,0.17,0.12,-0.76
95.09,R_IndexProximal,3.37,85.47,111.43,-0.38,0.20,-0.05,-0.90
95.09,R_MiddleProximal,5.52,85.63,112.48,-0.34,0.17,0.02,-0.92
95.09,R_ThumbProximal,4.26,80.83,107.50,-0.11,0.35,-0.74,-0.57
95.09,R_RingProximal,7.59,84.87,112.75,-0.39,0.17,0.06,-0.90
95.09,L_LittleProximal,3.18,46.80,97.39,-0.68,-0.37,-0.09,-0.62
95.10,Main Camera,-11.71,113.33,82.92,0.18,0.02,0.10,0.98
95.10,R_Palm,6.98,85.03,109.42,0.00,0.24,0.08,-0.97
95.10,R_ThumbTip,2.13,76.49,111.03,-0.04,0.51,-0.71,-0.48
95.10,R_IndexTip,1.20,77.73,114.83,-0.63,0.14,-0.09,-0.75
95.10,R_MiddleTip,2.88,77.21,115.50,-0.75,0.13,-0.01,-0.65
95.10,R_RingTip,4.45,76.87,114.72,-0.79,0.19,0.04,-0.58
95.10,R_LittleTip,6.07,77.27,114.02,-0.72,0.22,0.12,-0.64
95.10,R_ThumbDistal,3.40,78.46,109.83,-0.04,0.51,-0.71,-0.48
95.10,R_IndexIntermediate,1.97,82.51,113.63,-0.57,0.18,-0.07,-0.80
95.10,R_MiddleIntermediate,3.91,82.69,115.43,-0.64,0.17,-0.03,-0.75
95.10,R_RingIntermediate,6.05,81.97,115.16,-0.66,0.17,0.04,-0.73
95.10,R_LittleIntermediate,8.06,81.29,113.89,-0.63,0.17,0.11,-0.75
95.10,R_IndexProximal,3.32,85.39,111.12,-0.38,0.21,-0.05,-0.90
95.10,R_MiddleProximal,5.45,85.56,112.19,-0.34,0.17,0.02,-0.92
95.10,R_ThumbProximal,4.27,80.77,107.19,-0.10,0.35,-0.74,-0.56
95.10,R_RingProximal,7.52,84.81,112.48,-0.39,0.17,0.06,-0.90
95.10,L_LittleProximal,3.18,46.80,97.39,-0.68,-0.37,-0.09,-0.62
95.12,Main Camera,-11.67,113.34,82.79,0.18,0.02,0.10,0.98
95.12,R_Palm,6.98,85.03,108.82,0.00,0.25,0.08,-0.97
95.12,R_ThumbTip,2.11,76.48,110.37,-0.03,0.52,-0.71,-0.48
95.12,R_IndexTip,1.13,77.72,114.15,-0.63,0.15,-0.09,-0.75
95.12,R_MiddleTip,2.83,77.20,114.82,-0.76,0.13,-0.01,-0.64
95.12,R_RingTip,4.40,76.87,114.07,-0.79,0.19,0.03,-0.58
95.12,R_LittleTip,6.04,77.26,113.36,-0.73,0.22,0.12,-0.64
95.12,R_ThumbDistal,3.39,78.46,109.18,-0.03,0.52,-0.71,-0.48
95.12,R_IndexIntermediate,1.92,82.50,112.98,-0.57,0.19,-0.08,-0.79
95.12,R_MiddleIntermediate,3.85,82.68,114.80,-0.64,0.17,-0.03,-0.75
95.12,R_RingIntermediate,6.00,81.97,114.56,-0.66,0.17,0.04,-0.73
95.12,R_LittleIntermediate,8.02,81.28,113.30,-0.63,0.17,0.11,-0.75
95.12,R_IndexProximal,3.30,85.39,110.48,-0.38,0.21,-0.06,-0.90
95.12,R_MiddleProximal,5.42,85.55,111.58,-0.34,0.18,0.02,-0.92
95.12,R_ThumbProximal,4.29,80.77,106.56,-0.10,0.36,-0.74,-0.56
95.12,R_RingProximal,7.49,84.80,111.88,-0.39,0.17,0.06,-0.90
95.12,L_LittleProximal,3.18,46.80,97.39,-0.68,-0.37,-0.09,-0.62
95.13,Main Camera,-11.63,113.36,82.66,0.18,0.02,0.10,0.98
95.13,R_Palm,6.99,85.02,108.39,0.00,0.25,0.08,-0.97
95.13,R_ThumbTip,2.09,76.48,109.88,-0.03,0.52,-0.71,-0.47
95.13,R_IndexTip,1.06,77.71,113.64,-0.63,0.15,-0.10,-0.75
95.13,R_MiddleTip,2.76,77.20,114.33,-0.76,0.13,-0.01,-0.64
95.13,R_RingTip,4.34,76.86,113.60,-0.79,0.19,0.03,-0.57
95.13,R_LittleTip,6.00,77.24,112.89,-0.73,0.23,0.11,-0.63
95.13,R_ThumbDistal,3.39,78.45,108.70,-0.03,0.52,-0.71,-0.47
95.13,R_IndexIntermediate,1.87,82.49,112.48,-0.57,0.19,-0.08,-0.79
95.13,R_MiddleIntermediate,3.79,82.67,114.33,-0.64,0.17,-0.04,-0.75
95.13,R_RingIntermediate,5.94,81.96,114.11,-0.66,0.18,0.04,-0.73
95.13,R_LittleIntermediate,7.98,81.26,112.87,-0.63,0.18,0.11,-0.75
95.13,R_IndexProximal,3.29,85.38,110.01,-0.38,0.22,-0.06,-0.90
95.13,R_MiddleProximal,5.40,85.54,111.12,-0.34,0.18,0.02,-0.92
95.13,R_ThumbProximal,4.32,80.77,106.09,-0.10,0.36,-0.74,-0.56
95.13,R_RingProximal,7.47,84.79,111.45,-0.39,0.18,0.06,-0.90
95.13,L_LittleProximal,3.18,46.80,97.39,-0.68,-0.37,-0.09,-0.62
95.14,Main Camera,-11.58,113.38,82.55,0.18,0.02,0.10,0.98
95.14,R_Palm,6.95,85.07,107.85,0.00,0.26,0.08,-0.96
95.14,R_ThumbTip,2.00,76.55,109.32,-0.02,0.52,-0.71,-0.47
95.14,R_IndexTip,0.93,77.81,113.07,-0.63,0.16,-0.10,-0.75
95.14,R_MiddleTip,2.61,77.29,113.78,-0.75,0.14,-0.02,-0.64
95.14,R_RingTip,4.21,76.95,113.07,-0.79,0.20,0.02,-0.57
95.14,R_LittleTip,5.89,77.31,112.36,-0.73,0.23,0.11,-0.63
95.14,R_ThumbDistal,3.33,78.52,108.16,-0.02,0.52,-0.71,-0.47
95.14,R_IndexIntermediate,1.77,82.58,111.90,-0.57,0.20,-0.08,-0.79
95.14,R_MiddleIntermediate,3.67,82.76,113.77,-0.64,0.18,-0.04,-0.75
95.14,R_RingIntermediate,5.82,82.04,113.58,-0.66,0.18,0.03,-0.73
95.14,R_LittleIntermediate,7.88,81.33,112.36,-0.63,0.18,0.11,-0.74
95.14,R_IndexProximal,3.23,85.45,109.43,-0.38,0.23,-0.06,-0.89
95.14,R_MiddleProximal,5.33,85.61,110.57,-0.34,0.19,0.02,-0.92
95.14,R_ThumbProximal,4.29,80.82,105.54,-0.09,0.36,-0.74,-0.56
95.14,R_RingProximal,7.39,84.85,110.92,-0.38,0.18,0.06,-0.90
95.14,L_LittleProximal,3.18,46.80,97.39,-0.68,-0.37,-0.09,-0.62
95.16,Main Camera,-11.53,113.40,82.44,0.18,0.02,0.10,0.98
95.16,R_Palm,6.89,85.04,107.35,0.00,0.26,0.08,-0.96
95.16,R_ThumbTip,1.90,76.55,108.78,-0.02,0.52,-0.71,-0.47
95.16,R_IndexTip,0.77,77.83,112.51,-0.63,0.17,-0.10,-0.75
95.16,R_MiddleTip,2.44,77.31,113.24,-0.75,0.15,-0.02,-0.64
95.16,R_RingTip,4.04,76.95,112.55,-0.79,0.21,0.02,-0.57
95.16,R_LittleTip,5.74,77.31,111.86,-0.73,0.24,0.10,-0.63
95.16,R_ThumbDistal,3.24,78.50,107.63,-0.02,0.52,-0.71,-0.47
95.16,R_IndexIntermediate,1.64,82.59,111.33,-0.57,0.20,-0.09,-0.79
95.16,R_MiddleIntermediate,3.51,82.78,113.22,-0.64,0.19,-0.04,-0.75
95.16,R_RingIntermediate,5.66,82.04,113.07,-0.65,0.19,0.03,-0.73
95.16,R_LittleIntermediate,7.74,81.32,111.89,-0.63,0.19,0.10,-0.74
95.16,R_IndexProximal,3.15,85.45,108.87,-0.38,0.23,-0.06,-0.89
95.16,R_MiddleProximal,5.23,85.60,110.04,-0.34,0.20,0.02,-0.92
95.16,R_ThumbProximal,4.26,80.79,105.02,-0.08,0.36,-0.74,-0.56
95.16,R_RingProximal,7.28,84.84,110.43,-0.38,0.19,0.05,-0.90
95.16,L_LittleProximal,3.18,46.80,97.39,-0.68,-0.37,-0.09,-0.62
95.17,Main Camera,-11.48,113.43,82.33,0.18,0.02,0.10,0.98
95.17,R_Palm,6.92,84.85,107.15,0.01,0.27,0.08,-0.96
95.17,R_ThumbTip,1.90,76.37,108.56,-0.01,0.52,-0.71,-0.47
95.17,R_IndexTip,0.74,77.66,112.28,-0.63,0.17,-0.11,-0.75
95.17,R_MiddleTip,2.41,77.13,113.02,-0.75,0.15,-0.03,-0.64
95.17,R_RingTip,4.02,76.77,112.33,-0.79,0.21,0.02,-0.57
95.17,R_LittleTip,5.73,77.11,111.60,-0.73,0.24,0.10,-0.63
95.17,R_ThumbDistal,3.26,78.31,107.42,-0.01,0.52,-0.71,-0.47
95.17,R_IndexIntermediate,1.63,82.42,111.09,-0.57,0.21,-0.09,-0.79
95.17,R_MiddleIntermediate,3.48,82.60,113.00,-0.63,0.19,-0.04,-0.75
95.17,R_RingIntermediate,5.64,81.86,112.86,-0.65,0.19,0.03,-0.73
95.17,R_LittleIntermediate,7.72,81.12,111.68,-0.64,0.19,0.10,-0.74
95.17,R_IndexProximal,3.16,85.26,108.63,-0.38,0.24,-0.06,-0.89
95.17,R_MiddleProximal,5.23,85.42,109.82,-0.34,0.20,0.01,-0.92
95.17,R_ThumbProximal,4.30,80.59,104.81,-0.08,0.36,-0.74,-0.56
95.17,R_RingProximal,7.28,84.65,110.23,-0.38,0.20,0.05,-0.90
95.17,L_LittleProximal,3.18,46.80,97.39,-0.68,-0.37,-0.09,-0.62
95.19,Main Camera,-11.44,113.46,82.22,0.18,0.02,0.10,0.98
95.19,R_Palm,6.94,84.69,106.91,0.01,0.27,0.08,-0.96
95.19,R_ThumbTip,1.90,76.21,108.31,-0.01,0.53,-0.71,-0.47
95.19,R_IndexTip,0.71,77.52,112.02,-0.63,0.17,-0.11,-0.75
95.19,R_MiddleTip,2.38,76.98,112.76,-0.75,0.15,-0.03,-0.64
95.19,R_RingTip,4.00,76.62,112.08,-0.79,0.21,0.01,-0.57
95.19,R_LittleTip,5.72,76.94,111.32,-0.74,0.24,0.10,-0.62
95.19,R_ThumbDistal,3.28,78.16,107.18,-0.01,0.53,-0.71,-0.47
95.19,R_IndexIntermediate,1.62,82.27,110.82,-0.57,0.21,-0.09,-0.79
95.19,R_MiddleIntermediate,3.46,82.45,112.74,-0.63,0.19,-0.05,-0.75
95.19,R_RingIntermediate,5.62,81.71,112.62,-0.65,0.20,0.02,-0.73
95.19,R_LittleIntermediate,7.71,80.95,111.44,-0.64,0.19,0.10,-0.74
95.19,R_IndexProximal,3.17,85.11,108.37,-0.37,0.24,-0.06,-0.89
95.19,R_MiddleProximal,5.24,85.27,109.58,-0.34,0.21,0.01,-0.92
95.19,R_ThumbProximal,4.33,80.43,104.57,-0.08,0.37,-0.74,-0.56
95.19,R_RingProximal,7.28,84.50,110.00,-0.38,0.20,0.05,-0.90
95.19,L_LittleProximal,3.18,46.80,97.39,-0.68,-0.37,-0.09,-0.62
95.20,Main Camera,-11.39,113.49,82.10,0.18,0.02,0.10,0.98
95.20,R_Palm,6.96,84.59,106.78,0.01,0.27,0.08,-0.96
95.20,R_ThumbTip,1.92,76.12,108.16,-0.01,0.53,-0.71,-0.47
95.20,R_IndexTip,0.72,77.43,111.87,-0.62,0.17,-0.11,-0.75
95.20,R_MiddleTip,2.38,76.89,112.61,-0.75,0.15,-0.03,-0.64
95.20,R_RingTip,4.00,76.53,111.93,-0.79,0.21,0.01,-0.57
95.20,R_LittleTip,5.73,76.83,111.13,-0.74,0.24,0.10,-0.62
95.20,R_ThumbDistal,3.30,78.06,107.04,-0.01,0.53,-0.71,-0.47
95.20,R_IndexIntermediate,1.64,82.18,110.67,-0.57,0.21,-0.09,-0.79
95.20,R_MiddleIntermediate,3.47,82.36,112.59,-0.63,0.19,-0.05,-0.75
95.20,R_RingIntermediate,5.63,81.61,112.48,-0.65,0.20,0.02,-0.73
95.20,R_LittleIntermediate,7.72,80.85,111.29,-0.64,0.19,0.10,-0.74
95.20,R_IndexProximal,3.20,85.02,108.23,-0.37,0.24,-0.06,-0.89
95.20,R_MiddleProximal,5.25,85.17,109.43,-0.34,0.21,0.01,-0.92
95.20,R_ThumbProximal,4.36,80.33,104.43,-0.08,0.37,-0.74,-0.55
95.20,R_RingProximal,7.30,84.40,109.86,-0.38,0.20,0.05,-0.90
95.20,L_LittleProximal,3.18,46.80,97.39,-0.68,-0.37,-0.09,-0.62
95.21,Main Camera,-11.35,113.51,82.00,0.18,0.02,0.10,0.98
95.21,R_Palm,6.93,84.51,106.62,0.01,0.27,0.08,-0.96
95.21,R_ThumbTip,1.88,76.04,108.00,-0.01,0.53,-0.71,-0.47
95.21,R_IndexTip,0.68,77.35,111.71,-0.62,0.17,-0.11,-0.75
95.21,R_MiddleTip,2.34,76.80,112.44,-0.75,0.15,-0.03,-0.64
95.21,R_RingTip,3.97,76.44,111.76,-0.79,0.21,0.01,-0.57
95.21,R_LittleTip,5.70,76.74,110.95,-0.74,0.24,0.10,-0.62
95.21,R_ThumbDistal,3.26,77.98,106.88,-0.01,0.53,-0.71,-0.47
95.21,R_IndexIntermediate,1.60,82.10,110.51,-0.57,0.21,-0.09,-0.79
95.21,R_MiddleIntermediate,3.43,82.27,112.43,-0.63,0.19,-0.05,-0.75
95.21,R_RingIntermediate,5.59,81.53,112.32,-0.65,0.20,0.02,-0.73
95.21,R_LittleIntermediate,7.69,80.76,111.13,-0.64,0.19,0.10,-0.73
95.21,R_IndexProximal,3.16,84.94,108.07,-0.37,0.24,-0.06,-0.89
95.21,R_MiddleProximal,5.22,85.09,109.27,-0.34,0.21,0.01,-0.92
95.21,R_ThumbProximal,4.33,80.25,104.27,-0.08,0.37,-0.74,-0.55
95.21,R_RingProximal,7.26,84.32,109.70,-0.38,0.20,0.05,-0.90
95.21,L_LittleProximal,3.18,46.80,97.39,-0.68,-0.37,-0.09,-0.62
95.23,Main Camera,-11.30,113.54,81.89,0.18,0.02,0.09,0.98
95.23,R_Palm,6.92,84.45,106.44,0.01,0.27,0.08,-0.96
95.23,R_ThumbTip,1.88,75.97,107.83,-0.01,0.53,-0.71,-0.47
95.23,R_IndexTip,0.67,77.28,111.53,-0.62,0.17,-0.11,-0.75
95.23,R_MiddleTip,2.34,76.74,112.26,-0.75,0.15,-0.03,-0.64
95.23,R_RingTip,3.97,76.38,111.58,-0.79,0.21,0.01,-0.57
95.23,R_LittleTip,5.70,76.68,110.75,-0.74,0.24,0.10,-0.62
95.23,R_ThumbDistal,3.26,77.92,106.70,-0.01,0.53,-0.71,-0.47
95.23,R_IndexIntermediate,1.59,82.04,110.34,-0.57,0.21,-0.09,-0.79
95.23,R_MiddleIntermediate,3.42,82.21,112.25,-0.63,0.19,-0.05,-0.75
95.23,R_RingIntermediate,5.58,81.46,112.14,-0.65,0.20,0.02,-0.73
95.23,R_LittleIntermediate,7.68,80.69,110.96,-0.65,0.19,0.10,-0.73
95.23,R_IndexProximal,3.15,84.87,107.89,-0.37,0.24,-0.06,-0.89
95.23,R_MiddleProximal,5.21,85.02,109.10,-0.34,0.21,0.01,-0.92
95.23,R_ThumbProximal,4.32,80.19,104.10,-0.08,0.37,-0.74,-0.55
95.23,R_RingProximal,7.25,84.25,109.53,-0.38,0.20,0.05,-0.90
95.23,L_LittleProximal,3.18,46.80,97.39,-0.68,-0.37,-0.09,-0.62
95.24,Main Camera,-11.24,113.58,81.80,0.17,0.02,0.09,0.98
95.24,R_Palm,6.84,84.45,106.15,0.01,0.27,0.08,-0.96
95.24,R_ThumbTip,1.79,75.98,107.54,-0.01,0.53,-0.71,-0.47
95.24,R_IndexTip,0.59,77.29,111.24,-0.62,0.17,-0.11,-0.75
95.24,R_MiddleTip,2.25,76.75,111.97,-0.75,0.15,-0.03,-0.64
95.24,R_RingTip,3.89,76.39,111.28,-0.79,0.21,0.01,-0.57
95.24,R_LittleTip,5.63,76.68,110.43,-0.75,0.24,0.10,-0.61
95.24,R_ThumbDistal,3.17,77.92,106.41,-0.01,0.53,-0.71,-0.47
95.24,R_IndexIntermediate,1.51,82.04,110.05,-0.57,0.21,-0.09,-0.79
95.24,R_MiddleIntermediate,3.34,82.21,111.96,-0.63,0.19,-0.05,-0.75
95.24,R_RingIntermediate,5.51,81.47,111.85,-0.66,0.20,0.02,-0.73
95.24,R_LittleIntermediate,7.60,80.70,110.66,-0.65,0.19,0.10,-0.73
95.24,R_IndexProximal,3.07,84.88,107.60,-0.37,0.24,-0.06,-0.89
95.24,R_MiddleProximal,5.13,85.03,108.81,-0.34,0.21,0.01,-0.92
95.24,R_ThumbProximal,4.23,80.19,103.80,-0.08,0.37,-0.74,-0.56
95.24,R_RingProximal,7.17,84.26,109.23,-0.38,0.20,0.05,-0.90
95.24,L_LittleProximal,3.18,46.80,97.39,-0.68,-0.37,-0.09,-0.62
95.26,Main Camera,-11.20,113.60,81.70,0.17,0.02,0.09,0.98
95.26,R_Palm,6.77,84.41,105.85,0.01,0.27,0.08,-0.96
95.26,R_ThumbTip,1.73,75.95,107.24,-0.01,0.53,-0.71,-0.47
95.26,R_IndexTip,0.52,77.26,110.95,-0.62,0.17,-0.11,-0.75
95.26,R_MiddleTip,2.19,76.71,111.66,-0.75,0.15,-0.03,-0.64
95.26,R_RingTip,3.83,76.35,110.97,-0.80,0.21,0.01,-0.57
95.26,R_LittleTip,5.58,76.64,110.08,-0.75,0.24,0.10,-0.61
95.26,R_ThumbDistal,3.11,77.89,106.12,-0.01,0.53,-0.71,-0.47
95.26,R_IndexIntermediate,1.45,82.01,109.76,-0.57,0.21,-0.09,-0.79
95.26,R_MiddleIntermediate,3.28,82.18,111.67,-0.63,0.19,-0.05,-0.75
95.26,R_RingIntermediate,5.45,81.43,111.55,-0.66,0.20,0.03,-0.73
95.26,R_LittleIntermediate,7.55,80.66,110.37,-0.65,0.19,0.10,-0.73
95.26,R_IndexProximal,3.01,84.84,107.31,-0.37,0.24,-0.06,-0.89
95.26,R_MiddleProximal,5.07,84.99,108.51,-0.34,0.21,0.01,-0.92
95.26,R_ThumbProximal,4.16,80.16,103.51,-0.08,0.37,-0.74,-0.56
95.26,R_RingProximal,7.11,84.22,108.94,-0.38,0.20,0.05,-0.90
95.26,L_LittleProximal,3.18,46.80,97.39,-0.68,-0.37,-0.09,-0.62
95.27,Main Camera,-11.15,113.63,81.61,0.17,0.02,0.09,0.98
95.27,R_Palm,6.73,84.37,105.55,0.01,0.27,0.08,-0.96
95.27,R_ThumbTip,1.67,75.91,106.94,-0.01,0.53,-0.71,-0.47
95.27,R_IndexTip,0.47,77.22,110.65,-0.62,0.17,-0.11,-0.75
95.27,R_MiddleTip,2.15,76.67,111.35,-0.75,0.15,-0.03,-0.64
95.27,R_RingTip,3.79,76.31,110.64,-0.80,0.21,0.01,-0.57
95.27,R_LittleTip,5.55,76.60,109.73,-0.76,0.24,0.10,-0.60
95.27,R_ThumbDistal,3.05,77.85,105.82,-0.01,0.53,-0.71,-0.47
95.27,R_IndexIntermediate,1.40,81.97,109.46,-0.57,0.21,-0.09,-0.79
95.27,R_MiddleIntermediate,3.24,82.13,111.37,-0.64,0.19,-0.05,-0.75
95.27,R_RingIntermediate,5.40,81.38,111.25,-0.66,0.20,0.03,-0.73
95.27,R_LittleIntermediate,7.51,80.61,110.07,-0.66,0.19,0.10,-0.72
95.27,R_IndexProximal,2.97,84.80,107.01,-0.37,0.24,-0.06,-0.89
95.27,R_MiddleProximal,5.03,84.95,108.21,-0.34,0.21,0.01,-0.92
95.27,R_ThumbProximal,4.11,80.12,103.21,-0.08,0.37,-0.74,-0.56
95.27,R_RingProximal,7.07,84.18,108.64,-0.38,0.20,0.05,-0.90
95.27,L_LittleProximal,3.18,46.80,97.39,-0.68,-0.37,-0.09,-0.62
95.28,Main Camera,-11.10,113.66,81.53,0.17,0.02,0.09,0.98
95.28,R_Palm,6.66,84.36,105.25,0.01,0.27,0.08,-0.96
95.28,R_ThumbTip,1.59,75.90,106.64,-0.01,0.53,-0.71,-0.47
95.28,R_IndexTip,0.41,77.21,110.33,-0.63,0.18,-0.11,-0.75
95.28,R_MiddleTip,2.08,76.66,111.02,-0.76,0.15,-0.03,-0.64
95.28,R_RingTip,3.74,76.30,110.24,-0.80,0.21,0.01,-0.56
95.28,R_LittleTip,5.51,76.58,109.33,-0.76,0.24,0.10,-0.59
95.28,R_ThumbDistal,2.98,77.84,105.51,-0.01,0.53,-0.71,-0.47
95.28,R_IndexIntermediate,1.34,81.97,109.16,-0.57,0.21,-0.09,-0.79
95.28,R_MiddleIntermediate,3.18,82.12,111.07,-0.64,0.19,-0.05,-0.74
95.28,R_RingIntermediate,5.34,81.37,110.95,-0.66,0.20,0.03,-0.72
95.28,R_LittleIntermediate,7.45,80.59,109.77,-0.66,0.19,0.10,-0.72
95.28,R_IndexProximal,2.91,84.80,106.72,-0.37,0.24,-0.06,-0.89
95.28,R_MiddleProximal,4.97,84.94,107.92,-0.34,0.21,0.02,-0.92
95.28,R_ThumbProximal,4.03,80.12,102.90,-0.08,0.37,-0.74,-0.56
95.28,R_RingProximal,7.01,84.16,108.34,-0.38,0.20,0.05,-0.90
95.28,L_LittleProximal,3.18,46.80,97.39,-0.68,-0.37,-0.09,-0.62
95.30,Main Camera,-11.05,113.69,81.45,0.17,0.03,0.09,0.98
95.30,R_Palm,6.71,84.37,105.09,0.01,0.27,0.08,-0.96
95.30,R_ThumbTip,1.62,75.92,106.44,-0.01,0.53,-0.71,-0.47
95.30,R_IndexTip,0.44,77.20,110.11,-0.63,0.18,-0.11,-0.75
95.30,R_MiddleTip,2.14,76.65,110.72,-0.76,0.15,-0.03,-0.63
95.30,R_RingTip,3.81,76.31,109.88,-0.82,0.21,0.01,-0.54
95.30,R_LittleTip,5.56,76.58,109.01,-0.78,0.24,0.10,-0.57
95.30,R_ThumbDistal,3.00,77.86,105.32,-0.01,0.53,-0.71,-0.47
95.30,R_IndexIntermediate,1.37,81.97,108.99,-0.57,0.21,-0.09,-0.79
95.30,R_MiddleIntermediate,3.21,82.11,110.90,-0.64,0.20,-0.05,-0.74
95.30,R_RingIntermediate,5.37,81.35,110.78,-0.67,0.20,0.02,-0.71
95.30,R_LittleIntermediate,7.49,80.57,109.60,-0.67,0.19,0.10,-0.71
95.30,R_IndexProximal,2.95,84.81,106.56,-0.37,0.24,-0.06,-0.89
95.30,R_MiddleProximal,5.01,84.94,107.76,-0.34,0.21,0.02,-0.92
95.30,R_ThumbProximal,4.06,80.13,102.72,-0.08,0.37,-0.74,-0.56
95.30,R_RingProximal,7.05,84.15,108.18,-0.39,0.20,0.06,-0.90
95.30,L_LittleProximal,3.18,46.80,97.39,-0.68,-0.37,-0.09,-0.62
95.31,Main Camera,-11.00,113.72,81.37,0.17,0.03,0.09,0.98
95.31,R_Palm,6.79,84.41,105.01,0.00,0.27,0.08,-0.96
95.31,R_ThumbTip,1.69,75.97,106.33,-0.01,0.53,-0.71,-0.47
95.31,R_IndexTip,0.52,77.23,109.96,-0.63,0.18,-0.11,-0.75
95.31,R_MiddleTip,2.28,76.69,110.41,-0.78,0.15,-0.03,-0.61
95.31,R_RingTip,3.95,76.38,109.59,-0.83,0.21,0.01,-0.52
95.31,R_LittleTip,5.67,76.63,108.74,-0.79,0.24,0.10,-0.55
95.31,R_ThumbDistal,3.08,77.91,105.22,-0.01,0.53,-0.71,-0.47
95.31,R_IndexIntermediate,1.44,82.02,108.90,-0.58,0.21,-0.09,-0.78
95.31,R_MiddleIntermediate,3.29,82.15,110.80,-0.66,0.20,-0.05,-0.73
95.31,R_RingIntermediate,5.46,81.38,110.68,-0.68,0.20,0.02,-0.70
95.31,R_LittleIntermediate,7.58,80.60,109.50,-0.68,0.19,0.10,-0.70
95.31,R_IndexProximal,3.04,84.86,106.47,-0.38,0.24,-0.06,-0.89
95.31,R_MiddleProximal,5.10,84.98,107.68,-0.34,0.21,0.02,-0.92
95.31,R_ThumbProximal,4.14,80.20,102.63,-0.08,0.37,-0.74,-0.56
95.31,R_RingProximal,7.14,84.19,108.10,-0.39,0.20,0.06,-0.90
95.31,L_LittleProximal,3.18,46.80,97.39,-0.68,-0.37,-0.09,-0.62
95.32,Main Camera,-10.95,113.74,81.29,0.17,0.03,0.09,0.98
95.32,R_Palm,6.84,84.40,105.00,0.00,0.27,0.08,-0.96
95.32,R_ThumbTip,1.74,75.95,106.30,-0.01,0.53,-0.71,-0.47
95.32,R_IndexTip,0.57,77.21,109.90,-0.64,0.18,-0.11,-0.74
95.32,R_MiddleTip,2.41,76.68,110.15,-0.80,0.15,-0.04,-0.59
95.32,R_RingTip,4.05,76.39,109.37,-0.84,0.21,0.00,-0.50
95.32,R_LittleTip,5.76,76.63,108.55,-0.81,0.24,0.09,-0.53
95.32,R_ThumbDistal,3.13,77.90,105.18,-0.01,0.53,-0.71,-0.47
95.32,R_IndexIntermediate,1.48,82.00,108.87,-0.58,0.21,-0.09,-0.78
95.32,R_MiddleIntermediate,3.33,82.12,110.78,-0.67,0.20,-0.05,-0.72
95.32,R_RingIntermediate,5.50,81.36,110.66,-0.69,0.20,0.02,-0.69
95.32,R_LittleIntermediate,7.63,80.57,109.48,-0.70,0.19,0.10,-0.69
95.32,R_IndexProximal,3.08,84.84,106.45,-0.38,0.25,-0.06,-0.89
95.32,R_MiddleProximal,5.14,84.96,107.66,-0.34,0.21,0.02,-0.92
95.32,R_ThumbProximal,4.19,80.19,102.60,-0.08,0.37,-0.74,-0.56
95.32,R_RingProximal,7.18,84.17,108.08,-0.39,0.20,0.06,-0.90
95.32,L_LittleProximal,3.18,46.80,97.39,-0.68,-0.37,-0.09,-0.62
95.34,Main Camera,-10.90,113.77,81.21,0.17,0.03,0.09,0.98
95.34,R_Palm,6.89,84.38,104.96,0.00,0.27,0.08,-0.96
95.34,R_ThumbTip,1.79,75.93,106.25,-0.01,0.53,-0.71,-0.47
95.34,R_IndexTip,0.60,77.18,109.83,-0.64,0.18,-0.11,-0.74
95.34,R_MiddleTip,2.51,76.67,109.93,-0.81,0.15,-0.04,-0.57
95.34,R_RingTip,4.15,76.39,109.18,-0.85,0.21,0.00,-0.48
95.34,R_LittleTip,5.84,76.63,108.37,-0.82,0.24,0.09,-0.52
95.34,R_ThumbDistal,3.17,77.88,105.13,-0.01,0.53,-0.71,-0.47
95.34,R_IndexIntermediate,1.51,81.98,108.83,-0.58,0.22,-0.09,-0.78
95.34,R_MiddleIntermediate,3.36,82.09,110.73,-0.68,0.20,-0.06,-0.71
95.34,R_RingIntermediate,5.54,81.33,110.62,-0.70,0.20,0.02,-0.68
95.34,R_LittleIntermediate,7.68,80.54,109.45,-0.71,0.19,0.10,-0.68
95.34,R_IndexProximal,3.13,84.82,106.42,-0.38,0.25,-0.06,-0.89
95.34,R_MiddleProximal,5.18,84.94,107.63,-0.34,0.21,0.02,-0.92
95.34,R_ThumbProximal,4.24,80.18,102.55,-0.08,0.37,-0.74,-0.56
95.34,R_RingProximal,7.22,84.15,108.05,-0.39,0.20,0.06,-0.90
95.34,L_LittleProximal,3.18,46.80,97.39,-0.68,-0.37,-0.09,-0.62
95.35,Main Camera,-10.85,113.80,81.14,0.17,0.03,0.09,0.98
95.35,R_Palm,6.92,84.39,104.95,0.00,0.27,0.09,-0.96
95.35,R_ThumbTip,1.82,75.95,106.22,-0.01,0.53,-0.71,-0.47
95.35,R_IndexTip,0.60,77.21,109.82,-0.64,0.18,-0.11,-0.74
95.35,R_MiddleTip,2.62,76.70,109.69,-0.82,0.14,-0.05,-0.55
95.35,R_RingTip,4.24,76.44,108.96,-0.86,0.20,0.00,-0.46
95.35,R_LittleTip,5.92,76.66,108.19,-0.83,0.24,0.09,-0.50
95.35,R_ThumbDistal,3.19,77.89,105.09,-0.01,0.53,-0.71,-0.47
95.35,R_IndexIntermediate,1.52,82.01,108.82,-0.58,0.22,-0.09,-0.78
95.35,R_MiddleIntermediate,3.39,82.08,110.71,-0.69,0.20,-0.06,-0.70
95.35,R_RingIntermediate,5.57,81.32,110.59,-0.71,0.20,0.01,-0.67
95.35,R_LittleIntermediate,7.72,80.53,109.43,-0.72,0.19,0.10,-0.67
95.35,R_IndexProximal,3.16,84.82,106.40,-0.37,0.25,-0.06,-0.89
95.35,R_MiddleProximal,5.22,84.94,107.61,-0.34,0.21,0.02,-0.91
95.35,R_ThumbProximal,4.26,80.19,102.51,-0.08,0.37,-0.74,-0.56
95.35,R_RingProximal,7.25,84.15,108.03,-0.39,0.20,0.06,-0.90
95.35,L_LittleProximal,3.18,46.80,97.39,-0.68,-0.37,-0.09,-0.62
95.37,Main Camera,-10.79,113.82,81.08,0.17,0.03,0.09,0.98
95.37,R_Palm,6.93,84.38,104.93,0.00,0.27,0.09,-0.96
95.37,R_ThumbTip,1.80,75.96,106.20,-0.01,0.52,-0.71,-0.47
95.37,R_IndexTip,0.59,77.22,109.81,-0.64,0.18,-0.11,-0.74
95.37,R_MiddleTip,2.71,76.73,109.44,-0.84,0.14,-0.05,-0.52
95.37,R_RingTip,4.31,76.49,108.77,-0.87,0.20,-0.01,-0.44
95.37,R_LittleTip,5.97,76.70,108.04,-0.84,0.23,0.09,-0.48
95.37,R_ThumbDistal,3.16,77.90,105.06,-0.01,0.52,-0.71,-0.47
95.37,R_IndexIntermediate,1.52,82.02,108.82,-0.58,0.22,-0.10,-0.78
95.37,R_MiddleIntermediate,3.40,82.07,110.69,-0.70,0.20,-0.06,-0.68
95.37,R_RingIntermediate,5.58,81.31,110.58,-0.72,0.20,0.01,-0.66
95.37,R_LittleIntermediate,7.73,80.52,109.43,-0.72,0.19,0.10,-0.66
95.37,R_IndexProximal,3.17,84.81,106.38,-0.37,0.25,-0.06,-0.89
95.37,R_MiddleProximal,5.23,84.93,107.60,-0.34,0.21,0.02,-0.91
95.37,R_ThumbProximal,4.25,80.20,102.48,-0.08,0.37,-0.74,-0.56
95.37,R_RingProximal,7.26,84.14,108.02,-0.39,0.20,0.06,-0.90
95.37,L_LittleProximal,3.18,46.80,97.39,-0.68,-0.37,-0.09,-0.62
95.38,Main Camera,-10.75,113.84,81.02,0.17,0.03,0.09,0.98
95.38,R_Palm,6.92,84.38,104.91,0.00,0.28,0.09,-0.96
95.38,R_ThumbTip,1.73,76.01,106.16,-0.01,0.52,-0.71,-0.47
95.38,R_IndexTip,0.55,77.26,109.75,-0.64,0.19,-0.11,-0.74
95.38,R_MiddleTip,2.76,76.79,109.16,-0.85,0.14,-0.06,-0.50
95.38,R_RingTip,4.33,76.57,108.59,-0.88,0.20,-0.01,-0.42
95.38,R_LittleTip,5.96,76.75,107.90,-0.85,0.24,0.08,-0.46
95.38,R_ThumbDistal,3.10,77.94,105.01,-0.01,0.52,-0.71,-0.47
95.38,R_IndexIntermediate,1.48,82.06,108.79,-0.58,0.22,-0.10,-0.78
95.38,R_MiddleIntermediate,3.37,82.07,110.63,-0.71,0.20,-0.07,-0.67
95.38,R_RingIntermediate,5.54,81.33,110.56,-0.73,0.20,0.01,-0.65
95.38,R_LittleIntermediate,7.71,80.53,109.42,-0.73,0.19,0.09,-0.65
95.38,R_IndexProximal,3.16,84.83,106.35,-0.37,0.26,-0.06,-0.89
95.38,R_MiddleProximal,5.21,84.95,107.57,-0.35,0.21,0.02,-0.91
95.38,R_ThumbProximal,4.21,80.22,102.43,-0.07,0.37,-0.74,-0.56
95.38,R_RingProximal,7.24,84.15,108.00,-0.39,0.20,0.06,-0.90
95.38,L_LittleProximal,3.18,46.80,97.39,-0.68,-0.37,-0.09,-0.62
95.39,Main Camera,-10.69,113.87,80.97,0.17,0.03,0.09,0.98
95.39,R_Palm,6.93,84.32,104.85,0.01,0.28,0.09,-0.96
95.39,R_ThumbTip,1.67,76.00,106.10,-0.01,0.52,-0.71,-0.47
95.39,R_IndexTip,0.51,77.24,109.67,-0.64,0.19,-0.11,-0.74
95.39,R_MiddleTip,2.83,76.81,108.87,-0.87,0.14,-0.06,-0.48
95.39,R_RingTip,4.37,76.59,108.37,-0.89,0.20,-0.02,-0.40
95.39,R_LittleTip,5.98,76.76,107.72,-0.86,0.24,0.08,-0.44
95.39,R_ThumbDistal,3.04,77.92,104.93,-0.01,0.52,-0.71,-0.47
95.39,R_IndexIntermediate,1.46,82.05,108.73,-0.58,0.23,-0.10,-0.77
95.39,R_MiddleIntermediate,3.35,82.02,110.55,-0.72,0.20,-0.07,-0.66
95.39,R_RingIntermediate,5.52,81.28,110.50,-0.74,0.20,0.01,-0.64
95.39,R_LittleIntermediate,7.69,80.48,109.38,-0.74,0.19,0.09,-0.64
95.39,R_IndexProximal,3.17,84.79,106.27,-0.36,0.26,-0.06,-0.89
95.39,R_MiddleProximal,5.22,84.90,107.50,-0.35,0.22,0.02,-0.91
95.39,R_ThumbProximal,4.19,80.18,102.36,-0.07,0.37,-0.73,-0.56
95.39,R_RingProximal,7.24,84.10,107.95,-0.39,0.21,0.06,-0.90
95.39,L_LittleProximal,3.18,46.80,97.39,-0.68,-0.37,-0.09,-0.62
95.41,Main Camera,-10.64,113.90,80.93,0.17,0.03,0.09,0.98
95.41,R_Palm,7.00,84.24,104.81,0.01,0.28,0.09,-0.96
95.41,R_ThumbTip,1.68,75.96,106.08,-0.01,0.52,-0.71,-0.47
95.41,R_IndexTip,0.52,77.22,109.59,-0.64,0.19,-0.12,-0.73
95.41,R_MiddleTip,2.91,76.83,108.67,-0.87,0.14,-0.07,-0.46
95.41,R_RingTip,4.44,76.62,108.21,-0.90,0.21,-0.02,-0.39
95.41,R_LittleTip,6.03,76.75,107.61,-0.87,0.24,0.08,-0.42
95.41,R_ThumbDistal,3.06,77.86,104.90,-0.01,0.52,-0.71,-0.47
95.41,R_IndexIntermediate,1.48,82.03,108.68,-0.59,0.23,-0.10,-0.77
95.41,R_MiddleIntermediate,3.37,81.99,110.50,-0.73,0.20,-0.07,-0.65
95.41,R_RingIntermediate,5.55,81.24,110.47,-0.74,0.21,0.00,-0.63
95.41,R_LittleIntermediate,7.72,80.42,109.38,-0.75,0.19,0.09,-0.63
95.41,R_IndexProximal,3.23,84.74,106.22,-0.36,0.26,-0.06,-0.89
95.41,R_MiddleProximal,5.28,84.85,107.45,-0.35,0.22,0.02,-0.91
95.41,R_ThumbProximal,4.24,80.11,102.32,-0.07,0.37,-0.73,-0.56
95.41,R_RingProximal,7.30,84.03,107.91,-0.39,0.21,0.06,-0.90
95.41,L_LittleProximal,3.18,46.80,97.39,-0.68,-0.37,-0.09,-0.62
95.42,Main Camera,-10.59,113.92,80.88,0.17,0.03,0.09,0.98
95.42,R_Palm,7.09,84.20,104.79,0.01,0.28,0.09,-0.96
95.42,R_ThumbTip,1.72,75.95,106.08,0.00,0.52,-0.71,-0.48
95.42,R_IndexTip,0.56,77.23,109.55,-0.64,0.20,-0.12,-0.73
95.42,R_MiddleTip,3.00,76.86,108.57,-0.88,0.14,-0.07,-0.45
95.42,R_RingTip,4.53,76.65,108.11,-0.90,0.21,-0.03,-0.37
95.42,R_LittleTip,6.10,76.76,107.55,-0.87,0.24,0.08,-0.41
95.42,R_ThumbDistal,3.11,77.85,104.89,0.00,0.52,-0.71,-0.48
95.42,R_IndexIntermediate,1.54,82.04,108.65,-0.59,0.23,-0.10,-0.77
95.42,R_MiddleIntermediate,3.44,81.98,110.48,-0.73,0.20,-0.07,-0.65
95.42,R_RingIntermediate,5.62,81.22,110.46,-0.75,0.21,0.00,-0.63
95.42,R_LittleIntermediate,7.80,80.39,109.39,-0.75,0.19,0.09,-0.63
95.42,R_IndexProximal,3.32,84.72,106.19,-0.35,0.27,-0.05,-0.89
95.42,R_MiddleProximal,5.37,84.82,107.43,-0.34,0.22,0.02,-0.91
95.42,R_ThumbProximal,4.30,80.08,102.31,-0.06,0.37,-0.73,-0.57
95.42,R_RingProximal,7.38,84.00,107.89,-0.39,0.21,0.06,-0.90
95.42,L_LittleProximal,3.18,46.80,97.39,-0.68,-0.37,-0.09,-0.62
95.44,Main Camera,-10.54,113.94,80.84,0.17,0.03,0.09,0.98
95.44,R_Palm,7.17,84.17,104.76,0.01,0.28,0.09,-0.96
95.44,R_ThumbTip,1.76,75.94,106.07,0.00,0.51,-0.71,-0.48
95.44,R_IndexTip,0.60,77.24,109.51,-0.64,0.20,-0.12,-0.73
95.44,R_MiddleTip,3.09,76.90,108.44,-0.89,0.14,-0.07,-0.44
95.44,R_RingTip,4.62,76.69,108.00,-0.91,0.21,-0.03,-0.36
95.44,R_LittleTip,6.18,76.78,107.48,-0.88,0.24,0.08,-0.40
95.44,R_ThumbDistal,3.16,77.83,104.87,0.00,0.51,-0.71,-0.48
95.44,R_IndexIntermediate,1.60,82.04,108.62,-0.59,0.24,-0.10,-0.77
95.44,R_MiddleIntermediate,3.51,81.97,110.45,-0.74,0.20,-0.08,-0.64
95.44,R_RingIntermediate,5.68,81.21,110.44,-0.75,0.21,0.00,-0.62
95.44,R_LittleIntermediate,7.87,80.36,109.38,-0.75,0.19,0.10,-0.62
95.44,R_IndexProximal,3.41,84.71,106.16,-0.35,0.27,-0.05,-0.89
95.44,R_MiddleProximal,5.45,84.80,107.40,-0.34,0.22,0.02,-0.91
95.44,R_ThumbProximal,4.36,80.05,102.28,-0.06,0.37,-0.73,-0.57
95.44,R_RingProximal,7.46,83.97,107.87,-0.38,0.21,0.06,-0.90
95.44,L_LittleProximal,3.18,46.80,97.39,-0.68,-0.37,-0.09,-0.62
95.45,Main Camera,-10.50,113.98,80.80,0.17,0.03,0.09,0.98
95.45,R_Palm,7.22,84.11,104.76,0.01,0.28,0.10,-0.96
95.45,R_ThumbTip,1.80,75.90,106.08,0.00,0.51,-0.71,-0.48
95.45,R_IndexTip,0.62,77.21,109.52,-0.64,0.20,-0.12,-0.73
95.45,R_MiddleTip,3.14,76.88,108.42,-0.89,0.14,-0.07,-0.43
95.45,R_RingTip,4.68,76.67,107.97,-0.91,0.21,-0.03,-0.35
95.45,R_LittleTip,6.22,76.76,107.48,-0.88,0.24,0.08,-0.40
95.45,R_ThumbDistal,3.20,77.78,104.88,0.00,0.51,-0.71,-0.48
95.45,R_IndexIntermediate,1.63,82.01,108.63,-0.58,0.24,-0.10,-0.77
95.45,R_MiddleIntermediate,3.56,81.94,110.46,-0.74,0.20,-0.08,-0.64
95.45,R_RingIntermediate,5.73,81.17,110.45,-0.76,0.21,0.00,-0.62
95.45,R_LittleIntermediate,7.92,80.32,109.41,-0.75,0.19,0.10,-0.62
95.45,R_IndexProximal,3.46,84.67,106.16,-0.35,0.27,-0.05,-0.89
95.45,R_MiddleProximal,5.50,84.76,107.40,-0.34,0.22,0.02,-0.91
95.45,R_ThumbProximal,4.40,80.00,102.29,-0.06,0.37,-0.73,-0.57
95.45,R_RingProximal,7.51,83.92,107.87,-0.38,0.21,0.06,-0.90
95.45,L_LittleProximal,3.18,46.80,97.39,-0.68,-0.37,-0.09,-0.62
95.46,Main Camera,-10.46,114.00,80.78,0.17,0.03,0.09,0.98
95.46,R_Palm,7.25,84.11,104.74,0.01,0.28,0.10,-0.95
95.46,R_ThumbTip,1.82,75.91,106.07,0.00,0.51,-0.71,-0.48
95.46,R_IndexTip,0.62,77.23,109.50,-0.64,0.20,-0.12,-0.73
95.46,R_MiddleTip,3.17,76.89,108.40,-0.89,0.14,-0.07,-0.43
95.46,R_RingTip,4.71,76.69,107.94,-0.91,0.21,-0.03,-0.35
95.46,R_LittleTip,6.25,76.77,107.46,-0.88,0.24,0.08,-0.39
95.46,R_ThumbDistal,3.22,77.79,104.86,0.00,0.51,-0.71,-0.48
95.46,R_IndexIntermediate,1.65,82.03,108.60,-0.58,0.24,-0.10,-0.77
95.46,R_MiddleIntermediate,3.58,81.95,110.44,-0.74,0.20,-0.08,-0.64
95.46,R_RingIntermediate,5.76,81.18,110.43,-0.76,0.21,0.00,-0.62
95.46,R_LittleIntermediate,7.95,80.33,109.40,-0.75,0.19,0.10,-0.62
95.46,R_IndexProximal,3.49,84.67,106.14,-0.35,0.27,-0.05,-0.89
95.46,R_MiddleProximal,5.53,84.76,107.38,-0.34,0.22,0.02,-0.91
95.46,R_ThumbProximal,4.42,80.00,102.27,-0.06,0.37,-0.73,-0.57
95.46,R_RingProximal,7.54,83.93,107.85,-0.38,0.21,0.06,-0.90
95.46,L_LittleProximal,3.18,46.80,97.39,-0.68,-0.37,-0.09,-0.62
95.48,Main Camera,-10.40,114.02,80.76,0.17,0.03,0.09,0.98
95.48,R_Palm,7.28,84.12,104.74,0.02,0.28,0.10,-0.95
95.48,R_ThumbTip,1.85,75.92,106.08,0.00,0.51,-0.71,-0.48
95.48,R_IndexTip,0.65,77.25,109.51,-0.64,0.20,-0.12,-0.73
95.48,R_MiddleTip,3.20,76.91,108.41,-0.89,0.14,-0.07,-0.43
95.48,R_RingTip,4.74,76.70,107.95,-0.91,0.21,-0.03,-0.35
95.48,R_LittleTip,6.29,76.78,107.48,-0.88,0.24,0.08,-0.39
95.48,R_ThumbDistal,3.25,77.79,104.87,0.00,0.51,-0.71,-0.48
95.48,R_IndexIntermediate,1.67,82.04,108.61,-0.58,0.24,-0.10,-0.77
95.48,R_MiddleIntermediate,3.61,81.96,110.44,-0.74,0.20,-0.08,-0.64
95.48,R_RingIntermediate,5.79,81.19,110.44,-0.76,0.21,0.00,-0.62
95.48,R_LittleIntermediate,7.99,80.34,109.41,-0.75,0.19,0.10,-0.62
95.48,R_IndexProximal,3.52,84.68,106.14,-0.35,0.28,-0.05,-0.90
95.48,R_MiddleProximal,5.56,84.77,107.38,-0.34,0.22,0.02,-0.91
95.48,R_ThumbProximal,4.45,80.01,102.28,-0.06,0.37,-0.73,-0.57
95.48,R_RingProximal,7.57,83.94,107.85,-0.38,0.21,0.06,-0.90
95.48,L_LittleProximal,3.18,46.80,97.39,-0.68,-0.37,-0.09,-0.62
95.49,Main Camera,-10.35,114.05,80.75,0.17,0.03,0.09,0.98
95.49,R_Palm,7.29,84.12,104.76,0.02,0.28,0.10,-0.95
95.49,R_ThumbTip,1.86,75.92,106.11,0.00,0.51,-0.71,-0.48
95.49,R_IndexTip,0.65,77.26,109.54,-0.63,0.20,-0.12,-0.74
95.49,R_MiddleTip,3.21,76.92,108.44,-0.89,0.14,-0.07,-0.43
95.49,R_RingTip,4.75,76.71,107.98,-0.91,0.21,-0.03,-0.35
95.49,R_LittleTip,6.30,76.79,107.50,-0.88,0.24,0.08,-0.39
95.49,R_ThumbDistal,3.26,77.80,104.90,0.00,0.51,-0.71,-0.48
95.49,R_IndexIntermediate,1.68,82.06,108.63,-0.58,0.24,-0.10,-0.77
95.49,R_MiddleIntermediate,3.62,81.98,110.46,-0.74,0.21,-0.08,-0.64
95.49,R_RingIntermediate,5.80,81.21,110.46,-0.75,0.21,0.00,-0.62
95.49,R_LittleIntermediate,8.00,80.35,109.43,-0.75,0.19,0.10,-0.62
95.49,R_IndexProximal,3.53,84.69,106.16,-0.35,0.28,-0.05,-0.90
95.49,R_MiddleProximal,5.57,84.78,107.39,-0.34,0.23,0.02,-0.91
95.49,R_ThumbProximal,4.46,80.00,102.30,-0.06,0.37,-0.73,-0.57
95.49,R_RingProximal,7.58,83.94,107.86,-0.38,0.21,0.06,-0.90
95.49,L_LittleProximal,3.18,46.80,97.39,-0.68,-0.37,-0.09,-0.62
95.51,Main Camera,-10.31,114.07,80.74,0.17,0.03,0.09,0.98
95.51,R_Palm,7.30,84.15,104.76,0.02,0.28,0.10,-0.95
95.51,R_ThumbTip,1.87,75.96,106.15,0.00,0.51,-0.71,-0.48
95.51,R_IndexTip,0.65,77.32,109.58,-0.63,0.21,-0.12,-0.74
95.51,R_MiddleTip,3.21,76.96,108.47,-0.89,0.14,-0.07,-0.44
95.51,R_RingTip,4.76,76.75,108.01,-0.91,0.21,-0.03,-0.35
95.51,R_LittleTip,6.30,76.83,107.52,-0.88,0.24,0.08,-0.40
95.51,R_ThumbDistal,3.26,77.83,104.92,0.00,0.51,-0.71,-0.48
95.51,R_IndexIntermediate,1.69,82.10,108.64,-0.58,0.24,-0.10,-0.77
95.51,R_MiddleIntermediate,3.63,82.03,110.48,-0.73,0.21,-0.08,-0.64
95.51,R_RingIntermediate,5.82,81.25,110.48,-0.75,0.21,0.00,-0.62
95.51,R_LittleIntermediate,8.02,80.39,109.45,-0.75,0.19,0.10,-0.62
95.51,R_IndexProximal,3.55,84.72,106.16,-0.34,0.28,-0.05,-0.90
95.51,R_MiddleProximal,5.59,84.82,107.40,-0.34,0.23,0.02,-0.91
95.51,R_ThumbProximal,4.47,80.03,102.32,-0.06,0.37,-0.73,-0.57
95.51,R_RingProximal,7.60,83.98,107.87,-0.38,0.21,0.06,-0.90
95.51,L_LittleProximal,3.18,46.80,97.39,-0.68,-0.37,-0.09,-0.62
95.52,Main Camera,-10.28,114.09,80.73,0.17,0.03,0.09,0.98
95.52,R_Palm,7.32,84.18,104.77,0.02,0.28,0.10,-0.95
95.52,R_ThumbTip,1.88,76.00,106.19,0.00,0.51,-0.72,-0.48
95.52,R_IndexTip,0.65,77.39,109.62,-0.63,0.21,-0.12,-0.74
95.52,R_MiddleTip,3.21,77.01,108.52,-0.89,0.14,-0.07,-0.44
95.52,R_RingTip,4.76,76.80,108.04,-0.91,0.21,-0.03,-0.36
95.52,R_LittleTip,6.31,76.88,107.55,-0.88,0.24,0.08,-0.40
95.52,R_ThumbDistal,3.27,77.87,104.96,0.00,0.51,-0.72,-0.48
95.52,R_IndexIntermediate,1.71,82.17,108.66,-0.58,0.24,-0.10,-0.77
95.52,R_MiddleIntermediate,3.65,82.09,110.49,-0.73,0.21,-0.07,-0.65
95.52,R_RingIntermediate,5.83,81.31,110.49,-0.75,0.21,0.00,-0.62
95.52,R_LittleIntermediate,8.03,80.43,109.46,-0.75,0.19,0.10,-0.62
95.52,R_IndexProximal,3.57,84.77,106.17,-0.34,0.28,-0.05,-0.90
95.52,R_MiddleProximal,5.61,84.86,107.40,-0.34,0.23,0.02,-0.91
95.52,R_ThumbProximal,4.47,80.05,102.34,-0.06,0.37,-0.73,-0.57
95.52,R_RingProximal,7.62,84.02,107.87,-0.38,0.21,0.07,-0.90
95.52,L_LittleProximal,3.18,46.80,97.39,-0.68,-0.37,-0.09,-0.62
95.53,Main Camera,-10.26,114.09,80.72,0.17,0.03,0.09,0.98
95.53,R_Palm,7.32,84.20,104.78,0.02,0.28,0.10,-0.95
95.53,R_ThumbTip,1.87,76.04,106.23,0.00,0.51,-0.72,-0.48
95.53,R_IndexTip,0.64,77.44,109.66,-0.63,0.21,-0.12,-0.74
95.53,R_MiddleTip,3.20,77.05,108.56,-0.88,0.14,-0.07,-0.44
95.53,R_RingTip,4.76,76.84,108.07,-0.91,0.21,-0.03,-0.36
95.53,R_LittleTip,6.31,76.91,107.55,-0.88,0.24,0.08,-0.40
95.53,R_ThumbDistal,3.27,77.89,104.99,0.00,0.51,-0.72,-0.48
95.53,R_IndexIntermediate,1.71,82.21,108.68,-0.58,0.24,-0.10,-0.77
95.53,R_MiddleIntermediate,3.65,82.14,110.51,-0.73,0.21,-0.07,-0.65
95.53,R_RingIntermediate,5.83,81.35,110.51,-0.75,0.21,0.00,-0.62
95.53,R_LittleIntermediate,8.03,80.46,109.48,-0.75,0.19,0.10,-0.62
95.53,R_IndexProximal,3.57,84.80,106.18,-0.34,0.28,-0.05,-0.90
95.53,R_MiddleProximal,5.62,84.90,107.41,-0.33,0.23,0.02,-0.91
95.53,R_ThumbProximal,4.47,80.07,102.37,-0.06,0.37,-0.73,-0.57
95.53,R_RingProximal,7.62,84.06,107.89,-0.38,0.21,0.07,-0.90
95.53,L_LittleProximal,3.18,46.80,97.39,-0.68,-0.37,-0.09,-0.62
95.55,Main Camera,-10.24,114.09,80.73,0.17,0.03,0.09,0.98
95.55,R_Palm,7.34,84.21,104.79,0.02,0.28,0.10,-0.95
95.55,R_ThumbTip,1.89,76.04,106.25,0.00,0.51,-0.72,-0.48
95.55,R_IndexTip,0.65,77.46,109.69,-0.63,0.21,-0.12,-0.74
95.55,R_MiddleTip,3.21,77.06,108.58,-0.88,0.14,-0.07,-0.44
95.55,R_RingTip,4.78,76.85,108.09,-0.91,0.21,-0.03,-0.36
95.55,R_LittleTip,6.34,76.92,107.50,-0.88,0.24,0.08,-0.39
95.55,R_ThumbDistal,3.28,77.90,105.01,0.00,0.51,-0.72,-0.48
95.55,R_IndexIntermediate,1.72,82.23,108.70,-0.58,0.24,-0.10,-0.77
95.55,R_MiddleIntermediate,3.67,82.15,110.53,-0.73,0.21,-0.07,-0.65
95.55,R_RingIntermediate,5.85,81.36,110.53,-0.75,0.21,0.00,-0.62
95.55,R_LittleIntermediate,8.04,80.46,109.47,-0.75,0.19,0.10,-0.62
95.55,R_IndexProximal,3.59,84.81,106.19,-0.34,0.28,-0.05,-0.90
95.55,R_MiddleProximal,5.63,84.91,107.43,-0.33,0.23,0.02,-0.91
95.55,R_ThumbProximal,4.49,80.08,102.38,-0.06,0.37,-0.73,-0.57
95.55,R_RingProximal,7.64,84.07,107.90,-0.38,0.21,0.07,-0.90
95.55,L_LittleProximal,3.18,46.80,97.39,-0.68,-0.37,-0.09,-0.62
95.56,Main Camera,-10.23,114.08,80.73,0.17,0.03,0.09,0.98
95.56,R_Palm,7.36,84.21,104.82,0.02,0.28,0.10,-0.95
95.56,R_ThumbTip,1.91,76.04,106.27,0.00,0.51,-0.72,-0.48
95.56,R_IndexTip,0.66,77.46,109.71,-0.63,0.21,-0.12,-0.74
95.56,R_MiddleTip,3.23,77.06,108.61,-0.88,0.14,-0.07,-0.44
95.56,R_RingTip,4.80,76.85,108.08,-0.91,0.21,-0.03,-0.36
95.56,R_LittleTip,6.37,76.92,107.48,-0.89,0.24,0.08,-0.39
95.56,R_ThumbDistal,3.30,77.90,105.03,0.00,0.51,-0.72,-0.48
95.56,R_IndexIntermediate,1.73,82.23,108.72,-0.57,0.24,-0.10,-0.77
95.56,R_MiddleIntermediate,3.68,82.15,110.55,-0.73,0.21,-0.08,-0.65
95.56,R_RingIntermediate,5.87,81.35,110.54,-0.75,0.21,0.00,-0.62
95.56,R_LittleIntermediate,8.06,80.45,109.47,-0.76,0.19,0.10,-0.62
95.56,R_IndexProximal,3.60,84.81,106.21,-0.34,0.28,-0.05,-0.90
95.56,R_MiddleProximal,5.65,84.91,107.45,-0.33,0.23,0.02,-0.91
95.56,R_ThumbProximal,4.51,80.07,102.41,-0.06,0.37,-0.73,-0.57
95.56,R_RingProximal,7.65,84.07,107.93,-0.38,0.21,0.06,-0.90
95.56,L_LittleProximal,3.18,46.80,97.39,-0.68,-0.37,-0.09,-0.62
95.57,Main Camera,-10.21,114.08,80.74,0.17,0.03,0.09,0.98
95.57,R_Palm,7.41,84.21,104.85,0.02,0.28,0.10,-0.95
95.57,R_ThumbTip,1.96,76.03,106.30,0.00,0.51,-0.72,-0.48
95.57,R_IndexTip,0.71,77.46,109.75,-0.63,0.21,-0.12,-0.74
95.57,R_MiddleTip,3.28,77.05,108.64,-0.88,0.14,-0.07,-0.44
95.57,R_RingTip,4.86,76.84,108.10,-0.91,0.21,-0.03,-0.36
95.57,R_LittleTip,6.42,76.92,107.50,-0.89,0.24,0.08,-0.39
95.57,R_ThumbDistal,3.36,77.89,105.06,0.00,0.51,-0.72,-0.48
95.57,R_IndexIntermediate,1.79,82.23,108.75,-0.57,0.24,-0.10,-0.77
95.57,R_MiddleIntermediate,3.73,82.15,110.57,-0.73,0.21,-0.08,-0.65
95.57,R_RingIntermediate,5.92,81.34,110.57,-0.75,0.21,0.00,-0.62
95.57,R_LittleIntermediate,8.11,80.44,109.50,-0.76,0.19,0.10,-0.62
95.57,R_IndexProximal,3.66,84.81,106.24,-0.34,0.28,-0.05,-0.90
95.57,R_MiddleProximal,5.70,84.91,107.48,-0.33,0.23,0.02,-0.91
95.57,R_ThumbProximal,4.56,80.07,102.43,-0.06,0.37,-0.73,-0.57
95.57,R_RingProximal,7.70,84.07,107.96,-0.38,0.21,0.06,-0.90
95.57,L_LittleProximal,3.18,46.80,97.39,-0.68,-0.37,-0.09,-0.62
95.59,Main Camera,-10.18,114.09,80.72,0.17,0.03,0.09,0.98
95.59,R_Palm,7.48,84.20,104.88,0.02,0.28,0.10,-0.95
95.59,R_ThumbTip,2.03,76.02,106.33,0.00,0.51,-0.72,-0.48
95.59,R_IndexTip,0.77,77.46,109.78,-0.63,0.21,-0.12,-0.74
95.59,R_MiddleTip,3.34,77.05,108.67,-0.88,0.14,-0.07,-0.44
95.59,R_RingTip,4.92,76.84,108.12,-0.91,0.21,-0.03,-0.35
95.59,R_LittleTip,6.49,76.91,107.50,-0.89,0.24,0.08,-0.38
95.59,R_ThumbDistal,3.42,77.88,105.09,0.00,0.51,-0.72,-0.48
95.59,R_IndexIntermediate,1.85,82.22,108.78,-0.57,0.24,-0.10,-0.77
95.59,R_MiddleIntermediate,3.79,82.14,110.60,-0.73,0.21,-0.08,-0.65
95.59,R_RingIntermediate,5.98,81.33,110.59,-0.75,0.21,0.00,-0.62
95.59,R_LittleIntermediate,8.17,80.43,109.52,-0.76,0.19,0.10,-0.61
95.59,R_IndexProximal,3.72,84.81,106.27,-0.34,0.28,-0.05,-0.90
95.59,R_MiddleProximal,5.77,84.90,107.51,-0.33,0.23,0.02,-0.91
95.59,R_ThumbProximal,4.63,80.06,102.46,-0.06,0.37,-0.73,-0.57
95.59,R_RingProximal,7.77,84.06,107.99,-0.38,0.21,0.06,-0.90
95.59,L_LittleProximal,3.18,46.80,97.39,-0.68,-0.37,-0.09,-0.62
95.60,Main Camera,-10.16,114.08,80.73,0.17,0.03,0.09,0.98
95.60,R_Palm,7.50,84.18,104.91,0.02,0.28,0.10,-0.95
95.60,R_ThumbTip,2.05,76.00,106.35,0.00,0.51,-0.72,-0.48
95.60,R_IndexTip,0.78,77.45,109.81,-0.62,0.21,-0.12,-0.74
95.60,R_MiddleTip,3.35,77.03,108.70,-0.88,0.14,-0.07,-0.44
95.60,R_RingTip,4.94,76.82,108.14,-0.91,0.21,-0.03,-0.35
95.60,R_LittleTip,6.51,76.90,107.52,-0.89,0.24,0.08,-0.38
95.60,R_ThumbDistal,3.45,77.86,105.12,0.00,0.51,-0.72,-0.48
95.60,R_IndexIntermediate,1.87,82.21,108.80,-0.57,0.24,-0.10,-0.77
95.60,R_MiddleIntermediate,3.81,82.13,110.63,-0.73,0.21,-0.08,-0.65
95.60,R_RingIntermediate,6.00,81.31,110.62,-0.75,0.21,0.00,-0.62
95.60,R_LittleIntermediate,8.19,80.41,109.56,-0.76,0.19,0.10,-0.61
95.60,R_IndexProximal,3.75,84.79,106.30,-0.34,0.28,-0.05,-0.90
95.60,R_MiddleProximal,5.79,84.89,107.54,-0.33,0.23,0.02,-0.91
95.60,R_ThumbProximal,4.65,80.04,102.49,-0.06,0.37,-0.73,-0.57
95.60,R_RingProximal,7.79,84.04,108.02,-0.38,0.21,0.06,-0.90
95.60,L_LittleProximal,3.18,46.80,97.39,-0.68,-0.37,-0.09,-0.62
95.62,Main Camera,-10.15,114.06,80.76,0.17,0.03,0.09,0.98
95.62,R_Palm,7.53,84.16,104.93,0.02,0.28,0.10,-0.95
95.62,R_ThumbTip,2.06,75.99,106.36,0.00,0.51,-0.72,-0.48
95.62,R_IndexTip,0.79,77.44,109.83,-0.62,0.21,-0.12,-0.74
95.62,R_MiddleTip,3.36,77.02,108.71,-0.88,0.14,-0.07,-0.44
95.62,R_RingTip,4.95,76.81,108.15,-0.91,0.21,-0.03,-0.35
95.62,R_LittleTip,6.53,76.89,107.51,-0.89,0.24,0.08,-0.38
95.62,R_ThumbDistal,3.46,77.85,105.13,0.00,0.51,-0.72,-0.48
95.62,R_IndexIntermediate,1.89,82.20,108.82,-0.57,0.25,-0.10,-0.77
95.62,R_MiddleIntermediate,3.83,82.11,110.65,-0.73,0.21,-0.07,-0.65
95.62,R_RingIntermediate,6.02,81.29,110.64,-0.75,0.21,0.00,-0.62
95.62,R_LittleIntermediate,8.21,80.38,109.57,-0.76,0.19,0.10,-0.61
95.62,R_IndexProximal,3.78,84.78,106.32,-0.34,0.28,-0.05,-0.90
95.62,R_MiddleProximal,5.82,84.87,107.56,-0.33,0.23,0.02,-0.91
95.62,R_ThumbProximal,4.67,80.02,102.51,-0.06,0.37,-0.73,-0.57
95.62,R_RingProximal,7.82,84.02,108.04,-0.38,0.21,0.07,-0.90
95.62,L_LittleProximal,0.11,48.26,99.02,-0.81,-0.14,0.06,-0.56
95.63,Main Camera,-10.14,114.06,80.78,0.17,0.03,0.09,0.98
95.63,R_Palm,7.52,84.16,104.94,0.02,0.28,0.10,-0.95
95.63,R_ThumbTip,2.03,76.00,106.37,0.00,0.51,-0.72,-0.48
95.63,R_IndexTip,0.76,77.46,109.83,-0.62,0.21,-0.12,-0.74
95.63,R_MiddleTip,3.34,77.03,108.71,-0.88,0.14,-0.07,-0.44
95.63,R_RingTip,4.93,76.82,108.14,-0.91,0.21,-0.03,-0.35
95.63,R_LittleTip,6.51,76.90,107.49,-0.89,0.24,0.08,-0.37
95.63,R_ThumbDistal,3.44,77.85,105.14,0.00,0.51,-0.72,-0.48
95.63,R_IndexIntermediate,1.87,82.21,108.83,-0.57,0.25,-0.10,-0.77
95.63,R_MiddleIntermediate,3.81,82.12,110.66,-0.73,0.21,-0.07,-0.65
95.63,R_RingIntermediate,6.01,81.29,110.65,-0.75,0.21,0.00,-0.62
95.63,R_LittleIntermediate,8.19,80.37,109.58,-0.76,0.20,0.10,-0.61
95.63,R_IndexProximal,3.77,84.79,106.33,-0.34,0.28,-0.05,-0.90
95.63,R_MiddleProximal,5.81,84.87,107.57,-0.33,0.23,0.02,-0.91
95.63,R_ThumbProximal,4.66,80.03,102.52,-0.06,0.37,-0.73,-0.57
95.63,R_RingProximal,7.81,84.01,108.05,-0.38,0.21,0.07,-0.90
95.63,L_LittleProximal,0.71,49.36,98.94,-0.80,-0.21,0.07,-0.55
95.64,Main Camera,-10.13,114.04,80.81,0.17,0.04,0.09,0.98
95.64,R_Palm,7.53,84.16,104.94,0.02,0.28,0.10,-0.95
95.64,R_ThumbTip,2.03,76.01,106.37,0.00,0.51,-0.71,-0.48
95.64,R_IndexTip,0.76,77.48,109.84,-0.62,0.21,-0.12,-0.74
95.64,R_MiddleTip,3.34,77.05,108.72,-0.88,0.14,-0.07,-0.44
95.64,R_RingTip,4.94,76.84,108.14,-0.91,0.21,-0.03,-0.35
95.64,R_LittleTip,6.51,76.92,107.49,-0.89,0.25,0.08,-0.37
95.64,R_ThumbDistal,3.44,77.86,105.14,0.00,0.51,-0.71,-0.48
95.64,R_IndexIntermediate,1.88,82.23,108.83,-0.57,0.25,-0.10,-0.78
95.64,R_MiddleIntermediate,3.83,82.14,110.66,-0.73,0.21,-0.07,-0.65
95.64,R_RingIntermediate,6.02,81.30,110.65,-0.76,0.22,0.01,-0.62
95.64,R_LittleIntermediate,8.20,80.38,109.58,-0.76,0.20,0.10,-0.61
95.64,R_IndexProximal,3.78,84.80,106.33,-0.34,0.28,-0.05,-0.90
95.64,R_MiddleProximal,5.83,84.88,107.57,-0.33,0.23,0.03,-0.91
95.64,R_ThumbProximal,4.66,80.04,102.52,-0.06,0.37,-0.73,-0.57
95.64,R_RingProximal,7.82,84.02,108.05,-0.38,0.21,0.07,-0.90
95.64,L_LittleProximal,0.63,49.39,99.47,-0.78,-0.22,0.10,-0.57
95.66,Main Camera,-10.12,114.03,80.83,0.17,0.04,0.09,0.98
95.66,R_Palm,7.54,84.15,104.95,0.02,0.28,0.10,-0.95
95.66,R_ThumbTip,2.04,76.00,106.38,0.00,0.51,-0.71,-0.48
95.66,R_IndexTip,0.77,77.47,109.84,-0.62,0.21,-0.12,-0.74
95.66,R_MiddleTip,3.35,77.04,108.72,-0.88,0.14,-0.07,-0.44
95.66,R_RingTip,4.95,76.83,108.14,-0.91,0.21,-0.03,-0.35
95.66,R_LittleTip,6.53,76.91,107.49,-0.89,0.24,0.08,-0.37
95.66,R_ThumbDistal,3.45,77.85,105.14,0.00,0.51,-0.71,-0.48
95.66,R_IndexIntermediate,1.89,82.23,108.83,-0.57,0.25,-0.10,-0.78
95.66,R_MiddleIntermediate,3.84,82.13,110.66,-0.73,0.21,-0.07,-0.65
95.66,R_RingIntermediate,6.03,81.29,110.65,-0.76,0.21,0.01,-0.62
95.66,R_LittleIntermediate,8.22,80.37,109.59,-0.76,0.19,0.10,-0.61
95.66,R_IndexProximal,3.79,84.79,106.33,-0.34,0.28,-0.05,-0.90
95.66,R_MiddleProximal,5.84,84.87,107.57,-0.33,0.23,0.03,-0.91
95.66,R_ThumbProximal,4.67,80.03,102.52,-0.06,0.37,-0.73,-0.57
95.66,R_RingProximal,7.83,84.01,108.05,-0.38,0.21,0.07,-0.90
95.66,L_LittleProximal,0.35,49.71,99.17,-0.79,-0.22,0.10,-0.57
95.67,Main Camera,-10.12,114.01,80.86,0.17,0.04,0.09,0.98
95.67,R_Palm,7.56,84.15,104.95,0.02,0.28,0.10,-0.95
95.67,R_ThumbTip,2.06,75.99,106.38,0.00,0.51,-0.71,-0.48
95.67,R_IndexTip,0.78,77.46,109.85,-0.62,0.21,-0.12,-0.74
95.67,R_MiddleTip,3.36,77.04,108.72,-0.88,0.14,-0.07,-0.44
95.67,R_RingTip,4.97,76.83,108.14,-0.91,0.21,-0.03,-0.35
95.67,R_LittleTip,6.54,76.90,107.50,-0.89,0.24,0.08,-0.37
95.67,R_ThumbDistal,3.46,77.84,105.15,0.00,0.51,-0.71,-0.48
95.67,R_IndexIntermediate,1.90,82.22,108.83,-0.57,0.25,-0.10,-0.78
95.67,R_MiddleIntermediate,3.85,82.12,110.66,-0.73,0.21,-0.07,-0.65
95.67,R_RingIntermediate,6.05,81.29,110.66,-0.76,0.21,0.01,-0.62
95.67,R_LittleIntermediate,8.24,80.36,109.60,-0.76,0.19,0.10,-0.61
95.67,R_IndexProximal,3.81,84.78,106.33,-0.34,0.28,-0.05,-0.90
95.67,R_MiddleProximal,5.85,84.87,107.57,-0.33,0.23,0.03,-0.91
95.67,R_ThumbProximal,4.68,80.02,102.53,-0.06,0.37,-0.73,-0.57
95.67,R_RingProximal,7.84,84.01,108.05,-0.38,0.21,0.07,-0.90
95.67,L_LittleProximal,0.19,50.01,98.99,-0.79,-0.22,0.10,-0.57
95.69,Main Camera,-10.11,114.00,80.89,0.17,0.04,0.09,0.98
95.69,R_Palm,7.57,84.14,104.95,0.02,0.28,0.10,-0.95
95.69,R_ThumbTip,2.07,75.98,106.38,0.00,0.51,-0.71,-0.48
95.69,R_IndexTip,0.78,77.46,109.85,-0.62,0.21,-0.12,-0.74
95.69,R_MiddleTip,3.38,77.03,108.72,-0.88,0.14,-0.07,-0.44
95.69,R_RingTip,4.98,76.82,108.14,-0.91,0.21,-0.03,-0.35
95.69,R_LittleTip,6.56,76.90,107.51,-0.89,0.24,0.09,-0.37
95.69,R_ThumbDistal,3.48,77.83,105.15,0.00,0.51,-0.71,-0.48
95.69,R_IndexIntermediate,1.91,82.21,108.83,-0.57,0.25,-0.10,-0.78
95.69,R_MiddleIntermediate,3.86,82.11,110.66,-0.73,0.21,-0.07,-0.65
95.69,R_RingIntermediate,6.06,81.28,110.66,-0.76,0.21,0.01,-0.62
95.69,R_LittleIntermediate,8.26,80.35,109.60,-0.76,0.19,0.11,-0.61
95.69,R_IndexProximal,3.82,84.78,106.33,-0.34,0.28,-0.05,-0.90
95.69,R_MiddleProximal,5.86,84.86,107.57,-0.33,0.23,0.03,-0.91
95.69,R_ThumbProximal,4.70,80.00,102.53,-0.06,0.37,-0.73,-0.57
95.69,R_RingProximal,7.86,84.00,108.06,-0.38,0.21,0.07,-0.90
95.69,L_LittleProximal,0.04,50.25,98.84,-0.79,-0.22,0.10,-0.57
95.70,Main Camera,-10.10,113.99,80.91,0.17,0.04,0.09,0.98
95.70,R_Palm,7.58,84.15,104.94,0.02,0.28,0.10,-0.95
95.70,R_ThumbTip,2.09,75.98,106.38,0.00,0.51,-0.72,-0.48
95.70,R_IndexTip,0.79,77.47,109.85,-0.62,0.21,-0.12,-0.75
95.70,R_MiddleTip,3.39,77.04,108.71,-0.88,0.14,-0.07,-0.44
95.70,R_RingTip,5.00,76.83,108.14,-0.91,0.21,-0.03,-0.35
95.70,R_LittleTip,6.57,76.91,107.51,-0.89,0.24,0.09,-0.37
95.70,R_ThumbDistal,3.50,77.84,105.14,0.00,0.51,-0.72,-0.48
95.70,R_IndexIntermediate,1.92,82.22,108.83,-0.57,0.25,-0.10,-0.78
95.70,R_MiddleIntermediate,3.87,82.13,110.66,-0.73,0.21,-0.07,-0.65
95.70,R_RingIntermediate,6.08,81.29,110.66,-0.76,0.21,0.01,-0.62
95.70,R_LittleIntermediate,8.28,80.36,109.60,-0.76,0.19,0.11,-0.61
95.70,R_IndexProximal,3.83,84.78,106.33,-0.34,0.28,-0.05,-0.90
95.70,R_MiddleProximal,5.88,84.87,107.57,-0.33,0.23,0.02,-0.91
95.70,R_ThumbProximal,4.72,80.01,102.53,-0.06,0.37,-0.73,-0.57
95.70,R_RingProximal,7.87,84.01,108.05,-0.38,0.21,0.07,-0.90
95.70,L_LittleProximal,-0.02,50.38,98.76,-0.80,-0.21,0.09,-0.56
95.71,Main Camera,-10.08,113.99,80.93,0.17,0.04,0.09,0.98
95.71,R_Palm,7.63,84.20,104.94,0.03,0.28,0.10,-0.95
95.71,R_ThumbTip,2.13,76.04,106.37,0.00,0.51,-0.72,-0.48
95.71,R_IndexTip,0.83,77.53,109.84,-0.62,0.21,-0.12,-0.75
95.71,R_MiddleTip,3.43,77.10,108.71,-0.88,0.14,-0.07,-0.44
95.71,R_RingTip,5.04,76.89,108.14,-0.91,0.21,-0.03,-0.35
95.71,R_LittleTip,6.61,76.96,107.51,-0.89,0.24,0.09,-0.37
95.71,R_ThumbDistal,3.54,77.89,105.14,0.00,0.51,-0.72,-0.48
95.71,R_IndexIntermediate,1.96,82.28,108.82,-0.57,0.25,-0.10,-0.78
95.71,R_MiddleIntermediate,3.91,82.18,110.66,-0.73,0.21,-0.07,-0.65
95.71,R_RingIntermediate,6.12,81.35,110.66,-0.76,0.21,0.01,-0.62
95.71,R_LittleIntermediate,8.32,80.42,109.60,-0.76,0.19,0.11,-0.61
95.71,R_IndexProximal,3.88,84.84,106.32,-0.34,0.28,-0.05,-0.90
95.71,R_MiddleProximal,5.92,84.92,107.56,-0.33,0.23,0.03,-0.91
95.71,R_ThumbProximal,4.76,80.06,102.52,-0.06,0.37,-0.73,-0.57
95.71,R_RingProximal,7.91,84.06,108.05,-0.38,0.21,0.07,-0.90
95.71,L_LittleProximal,-0.07,50.59,98.72,-0.80,-0.20,0.09,-0.56
95.73,Main Camera,-10.05,113.99,80.95,0.17,0.05,0.09,0.98
95.73,R_Palm,7.74,84.30,104.94,0.03,0.28,0.10,-0.95
95.73,R_ThumbTip,2.24,76.14,106.38,0.00,0.51,-0.72,-0.48
95.73,R_IndexTip,0.94,77.64,109.86,-0.62,0.21,-0.12,-0.75
95.73,R_MiddleTip,3.55,77.21,108.72,-0.88,0.14,-0.07,-0.44
95.73,R_RingTip,5.15,77.00,108.15,-0.91,0.21,-0.03,-0.35
95.73,R_LittleTip,6.73,77.07,107.53,-0.89,0.24,0.09,-0.37
95.73,R_ThumbDistal,3.65,77.99,105.15,0.00,0.51,-0.72,-0.48
95.73,R_IndexIntermediate,2.08,82.39,108.83,-0.57,0.25,-0.10,-0.78
95.73,R_MiddleIntermediate,4.03,82.30,110.66,-0.73,0.21,-0.07,-0.65
95.73,R_RingIntermediate,6.24,81.46,110.67,-0.76,0.21,0.01,-0.62
95.73,R_LittleIntermediate,8.44,80.52,109.61,-0.76,0.19,0.11,-0.61
95.73,R_IndexProximal,3.99,84.94,106.33,-0.33,0.28,-0.05,-0.90
95.73,R_MiddleProximal,6.04,85.03,107.57,-0.33,0.23,0.03,-0.91
95.73,R_ThumbProximal,4.87,80.16,102.53,-0.06,0.37,-0.73,-0.57
95.73,R_RingProximal,8.03,84.17,108.05,-0.38,0.21,0.07,-0.90
95.73,L_LittleProximal,-0.11,50.56,98.72,-0.81,-0.19,0.09,-0.55
95.74,Main Camera,-10.02,114.01,80.96,0.17,0.05,0.09,0.98
95.74,R_Palm,7.87,84.42,104.95,0.03,0.28,0.10,-0.95
95.74,R_ThumbTip,2.36,76.27,106.40,0.00,0.51,-0.72,-0.48
95.74,R_IndexTip,1.06,77.78,109.88,-0.62,0.21,-0.12,-0.75
95.74,R_MiddleTip,3.68,77.34,108.74,-0.88,0.14,-0.07,-0.44
95.74,R_RingTip,5.28,77.13,108.17,-0.91,0.21,-0.03,-0.35
95.74,R_LittleTip,6.85,77.19,107.55,-0.89,0.24,0.09,-0.37
95.74,R_ThumbDistal,3.77,78.12,105.16,0.00,0.51,-0.72,-0.48
95.74,R_IndexIntermediate,2.21,82.52,108.84,-0.57,0.25,-0.10,-0.78
95.74,R_MiddleIntermediate,4.16,82.43,110.68,-0.73,0.21,-0.07,-0.65
95.74,R_RingIntermediate,6.37,81.59,110.68,-0.75,0.21,0.01,-0.62
95.74,R_LittleIntermediate,8.57,80.65,109.63,-0.76,0.19,0.11,-0.61
95.74,R_IndexProximal,4.13,85.07,106.33,-0.33,0.28,-0.05,-0.90
95.74,R_MiddleProximal,6.17,85.15,107.57,-0.33,0.23,0.03,-0.92
95.74,R_ThumbProximal,5.00,80.28,102.54,-0.05,0.37,-0.73,-0.57
95.74,R_RingProximal,8.16,84.29,108.05,-0.38,0.21,0.07,-0.90
95.74,L_LittleProximal,-0.14,50.55,98.73,-0.81,-0.18,0.10,-0.55
95.76,Main Camera,-9.99,114.03,80.98,0.17,0.05,0.09,0.98
95.76,R_Palm,8.00,84.54,104.95,0.03,0.28,0.10,-0.95
95.76,R_ThumbTip,2.47,76.40,106.42,0.00,0.50,-0.72,-0.48
95.76,R_IndexTip,1.18,77.93,109.92,-0.62,0.21,-0.12,-0.75
95.76,R_MiddleTip,3.80,77.48,108.77,-0.88,0.14,-0.07,-0.44
95.76,R_RingTip,5.40,77.26,108.20,-0.91,0.21,-0.03,-0.35
95.76,R_LittleTip,6.97,77.32,107.59,-0.89,0.24,0.09,-0.38
95.76,R_ThumbDistal,3.88,78.24,105.18,0.00,0.50,-0.72,-0.48
95.76,R_IndexIntermediate,2.33,82.67,108.86,-0.57,0.25,-0.10,-0.78
95.76,R_MiddleIntermediate,4.29,82.58,110.69,-0.73,0.21,-0.07,-0.65
95.76,R_RingIntermediate,6.50,81.73,110.70,-0.75,0.21,0.01,-0.62
95.76,R_LittleIntermediate,8.70,80.79,109.65,-0.76,0.19,0.11,-0.61
95.76,R_IndexProximal,4.25,85.20,106.34,-0.33,0.28,-0.05,-0.90
95.76,R_MiddleProximal,6.30,85.28,107.57,-0.33,0.23,0.03,-0.92
95.76,R_ThumbProximal,5.11,80.40,102.55,-0.05,0.37,-0.73,-0.57
95.76,R_RingProximal,8.29,84.42,108.06,-0.37,0.21,0.07,-0.90
95.76,L_LittleProximal,-0.16,50.58,98.73,-0.82,-0.18,0.10,-0.54
95.77,Main Camera,-9.97,114.03,81.00,0.17,0.05,0.09,0.98
95.77,R_Palm,8.28,84.77,104.90,0.03,0.28,0.10,-0.95
95.77,R_ThumbTip,2.67,76.68,106.42,0.01,0.50,-0.72,-0.49
95.77,R_IndexTip,1.45,78.25,110.01,-0.61,0.21,-0.12,-0.75
95.77,R_MiddleTip,4.08,77.76,108.84,-0.88,0.14,-0.07,-0.45
95.77,R_RingTip,5.66,77.54,108.34,-0.91,0.21,-0.02,-0.36
95.77,R_LittleTip,7.23,77.58,107.78,-0.88,0.24,0.09,-0.39
95.77,R_ThumbDistal,4.09,78.51,105.16,0.01,0.50,-0.72,-0.49
95.77,R_IndexIntermediate,2.62,82.96,108.88,-0.56,0.25,-0.10,-0.78
95.77,R_MiddleIntermediate,4.59,82.88,110.70,-0.72,0.21,-0.07,-0.66
95.77,R_RingIntermediate,6.81,82.05,110.73,-0.75,0.21,0.01,-0.63
95.77,R_LittleIntermediate,9.01,81.10,109.70,-0.75,0.19,0.11,-0.62
95.77,R_IndexProximal,4.54,85.44,106.31,-0.32,0.28,-0.05,-0.90
95.77,R_MiddleProximal,6.59,85.53,107.53,-0.32,0.23,0.03,-0.92
95.77,R_ThumbProximal,5.34,80.64,102.52,-0.05,0.36,-0.73,-0.57
95.77,R_RingProximal,8.59,84.68,108.02,-0.36,0.21,0.07,-0.91
95.77,L_LittleProximal,-0.04,50.57,98.72,-0.82,-0.17,0.09,-0.54
95.78,Main Camera,-9.95,114.03,81.01,0.17,0.06,0.09,0.98
95.78,R_Palm,8.81,85.06,104.93,0.04,0.28,0.10,-0.96
95.78,R_ThumbTip,3.06,77.08,106.52,0.01,0.49,-0.72,-0.49
95.78,R_IndexTip,1.97,78.68,110.25,-0.60,0.21,-0.11,-0.76
95.78,R_MiddleTip,4.58,78.15,109.14,-0.87,0.14,-0.07,-0.46
95.78,R_RingTip,6.14,77.91,108.70,-0.90,0.21,-0.02,-0.38
95.78,R_LittleTip,7.73,77.91,108.15,-0.87,0.24,0.10,-0.41
95.78,R_ThumbDistal,4.49,78.87,105.22,0.01,0.49,-0.72,-0.49
95.78,R_IndexIntermediate,3.17,83.36,109.02,-0.55,0.25,-0.10,-0.79
95.78,R_MiddleIntermediate,5.17,83.31,110.84,-0.71,0.21,-0.07,-0.67
95.78,R_RingIntermediate,7.39,82.50,110.89,-0.73,0.21,0.02,-0.65
95.78,R_LittleIntermediate,9.59,81.49,109.87,-0.73,0.19,0.12,-0.64
95.78,R_IndexProximal,5.10,85.75,106.37,-0.31,0.28,-0.05,-0.91
95.78,R_MiddleProximal,7.16,85.85,107.58,-0.31,0.22,0.03,-0.92
95.78,R_ThumbProximal,5.78,80.96,102.57,-0.04,0.36,-0.73,-0.58
95.78,R_RingProximal,9.16,84.99,108.05,-0.34,0.20,0.08,-0.91
95.78,L_LittleProximal,0.04,50.50,98.74,-0.82,-0.17,0.09,-0.54
95.80,Main Camera,-9.94,114.04,81.01,0.17,0.06,0.09,0.98
95.80,R_Palm,9.70,85.49,104.94,0.05,0.26,0.10,-0.96
95.80,R_ThumbTip,3.67,77.80,106.78,0.01,0.47,-0.72,-0.51
95.80,R_IndexTip,3.00,79.27,110.58,-0.60,0.20,-0.11,-0.77
95.80,R_MiddleTip,5.48,78.78,109.67,-0.86,0.14,-0.05,-0.49
95.80,R_RingTip,7.01,78.56,109.40,-0.88,0.21,0.00,-0.42
95.80,R_LittleTip,8.64,78.49,108.87,-0.85,0.24,0.12,-0.46
95.80,R_ThumbDistal,5.11,79.50,105.38,0.01,0.47,-0.72,-0.51
95.80,R_IndexIntermediate,4.16,83.93,109.25,-0.55,0.24,-0.09,-0.80
95.80,R_MiddleIntermediate,6.21,84.01,111.08,-0.69,0.20,-0.06,-0.69
95.80,R_RingIntermediate,8.45,83.27,111.17,-0.70,0.21,0.03,-0.68
95.80,R_LittleIntermediate,10.64,82.18,110.14,-0.70,0.18,0.14,-0.68
95.80,R_IndexProximal,6.04,86.22,106.47,-0.30,0.27,-0.04,-0.92
95.80,R_MiddleProximal,8.13,86.34,107.62,-0.28,0.21,0.04,-0.94
95.80,R_ThumbProximal,6.46,81.48,102.67,-0.03,0.35,-0.72,-0.60
95.80,R_RingProximal,10.14,85.48,108.06,-0.30,0.19,0.09,-0.93
95.80,L_LittleProximal,0.07,50.19,98.74,-0.82,-0.17,0.09,-0.54
95.81,Main Camera,-9.93,114.04,81.01,0.17,0.06,0.09,0.98
95.81,R_Palm,10.41,85.85,104.95,0.06,0.25,0.10,-0.96
95.81,R_ThumbTip,4.21,78.40,107.06,0.02,0.45,-0.72,-0.52
95.81,R_IndexTip,3.84,79.78,110.88,-0.60,0.19,-0.10,-0.77
95.81,R_MiddleTip,6.25,79.31,110.09,-0.85,0.14,-0.04,-0.51
95.81,R_RingTip,7.77,79.09,109.87,-0.87,0.21,0.01,-0.45
95.81,R_LittleTip,9.42,78.98,109.33,-0.83,0.24,0.13,-0.49
95.81,R_ThumbDistal,5.64,80.02,105.56,0.02,0.45,-0.72,-0.52
95.81,R_IndexIntermediate,4.97,84.42,109.45,-0.54,0.23,-0.08,-0.81
95.81,R_MiddleIntermediate,7.07,84.58,111.27,-0.68,0.19,-0.05,-0.71
95.81,R_RingIntermediate,9.32,83.86,111.34,-0.68,0.20,0.04,-0.70
95.81,R_LittleIntermediate,11.50,82.72,110.30,-0.67,0.17,0.15,-0.70
95.81,R_IndexProximal,6.79,86.61,106.56,-0.28,0.25,-0.04,-0.92
95.81,R_MiddleProximal,8.91,86.75,107.66,-0.26,0.20,0.04,-0.94
95.81,R_ThumbProximal,7.01,81.90,102.80,-0.03,0.34,-0.71,-0.61
95.81,R_RingProximal,10.92,85.90,108.07,-0.28,0.18,0.09,-0.94
95.81,L_LittleProximal,0.10,49.86,98.74,-0.82,-0.17,0.09,-0.54
95.82,Main Camera,-9.93,114.04,81.01,0.17,0.06,0.09,0.98
95.82,R_Palm,11.30,86.11,105.09,0.08,0.23,0.08,-0.97
95.82,R_ThumbTip,4.95,79.05,107.71,0.02,0.42,-0.72,-0.55
95.82,R_IndexTip,5.12,80.12,111.47,-0.59,0.17,-0.10,-0.78
95.82,R_MiddleTip,7.42,79.67,110.84,-0.83,0.12,-0.02,-0.54
95.82,R_RingTip,8.85,79.59,111.10,-0.82,0.20,0.04,-0.53
95.82,R_LittleTip,10.62,79.56,110.66,-0.77,0.22,0.16,-0.58
95.82,R_ThumbDistal,6.36,80.55,106.06,0.02,0.42,-0.72,-0.55
95.82,R_IndexIntermediate,6.11,84.74,109.89,-0.53,0.20,-0.08,-0.82
95.82,R_MiddleIntermediate,8.28,85.02,111.61,-0.66,0.17,-0.04,-0.73
95.82,R_RingIntermediate,10.57,84.53,111.72,-0.63,0.18,0.06,-0.75
95.82,R_LittleIntermediate,12.77,83.41,110.70,-0.61,0.15,0.17,-0.76
95.82,R_IndexProximal,7.76,86.87,106.85,-0.27,0.23,-0.04,-0.93
95.82,R_MiddleProximal,9.92,87.07,107.84,-0.24,0.18,0.04,-0.95
95.82,R_ThumbProximal,7.71,82.24,103.17,-0.02,0.32,-0.71,-0.63
95.82,R_RingProximal,11.97,86.26,108.19,-0.23,0.15,0.10,-0.96
95.82,L_LittleProximal,0.09,49.81,98.84,-0.82,-0.17,0.09,-0.54
95.84,Main Camera,-9.95,114.05,81.02,0.17,0.06,0.09,0.98
95.84,R_Palm,12.04,86.35,105.18,0.09,0.22,0.07,-0.97
95.84,R_ThumbTip,5.63,79.57,108.20,0.02,0.40,-0.73,-0.56
95.84,R_IndexTip,6.19,80.44,111.92,-0.59,0.15,-0.09,-0.79
95.84,R_MiddleTip,8.40,80.02,111.46,-0.81,0.11,-0.01,-0.57
95.84,R_RingTip,9.83,80.09,111.95,-0.79,0.19,0.05,-0.58
95.84,R_LittleTip,11.70,80.08,111.44,-0.72,0.20,0.17,-0.64
95.84,R_ThumbDistal,6.99,80.97,106.43,0.02,0.40,-0.73,-0.56
95.84,R_IndexIntermediate,7.05,85.04,110.21,-0.53,0.18,-0.08,-0.83
95.84,R_MiddleIntermediate,9.28,85.41,111.86,-0.64,0.16,-0.03,-0.75
95.84,R_RingIntermediate,11.60,85.07,111.95,-0.60,0.16,0.07,-0.78
95.84,R_LittleIntermediate,13.81,83.93,110.90,-0.57,0.13,0.18,-0.79
95.84,R_IndexProximal,8.56,87.10,107.06,-0.26,0.21,-0.05,-0.94
95.84,R_MiddleProximal,10.76,87.35,107.97,-0.23,0.16,0.04,-0.96
95.84,R_ThumbProximal,8.32,82.53,103.45,-0.01,0.30,-0.70,-0.65
95.84,R_RingProximal,12.82,86.58,108.25,-0.20,0.13,0.09,-0.97
95.84,L_LittleProximal,0.10,49.78,98.91,-0.82,-0.17,0.09,-0.53
95.85,Main Camera,-9.96,114.06,81.02,0.16,0.06,0.10,0.98
95.85,R_Palm,12.63,86.55,105.24,0.10,0.20,0.06,-0.97
95.85,R_ThumbTip,6.18,80.01,108.57,0.02,0.38,-0.73,-0.57
95.85,R_IndexTip,7.06,80.72,112.26,-0.59,0.13,-0.09,-0.79
95.85,R_MiddleTip,9.21,80.35,111.97,-0.79,0.10,0.00,-0.60
95.85,R_RingTip,10.67,80.56,112.60,-0.76,0.18,0.07,-0.62
95.85,R_LittleTip,12.60,80.55,111.99,-0.69,0.19,0.19,-0.67
95.85,R_ThumbDistal,7.51,81.33,106.72,0.02,0.38,-0.73,-0.57
95.85,R_IndexIntermediate,7.82,85.30,110.45,-0.52,0.17,-0.08,-0.83
95.85,R_MiddleIntermediate,10.10,85.77,112.04,-0.62,0.14,-0.02,-0.77
95.85,R_RingIntermediate,12.44,85.53,112.10,-0.57,0.15,0.08,-0.81
95.85,R_LittleIntermediate,14.65,84.36,111.02,-0.53,0.11,0.19,-0.82
95.85,R_IndexProximal,9.21,87.31,107.22,-0.25,0.19,-0.05,-0.95
95.85,R_MiddleProximal,11.44,87.60,108.05,-0.21,0.14,0.03,-0.97
95.85,R_ThumbProximal,8.82,82.78,103.67,-0.01,0.28,-0.70,-0.66
95.85,R_RingProximal,13.52,86.85,108.29,-0.17,0.12,0.09,-0.97
95.85,L_LittleProximal,0.11,49.76,98.97,-0.82,-0.17,0.09,-0.53
95.87,Main Camera,-9.99,114.05,81.02,0.16,0.06,0.10,0.98
95.87,R_Palm,13.72,86.77,105.24,0.12,0.19,0.06,-0.97
95.87,R_ThumbTip,7.14,80.57,108.87,0.03,0.35,-0.73,-0.59
95.87,R_IndexTip,8.31,81.16,112.54,-0.58,0.12,-0.09,-0.80
95.87,R_MiddleTip,10.36,80.80,112.68,-0.75,0.10,0.02,-0.65
95.87,R_RingTip,11.87,81.13,113.42,-0.70,0.17,0.08,-0.69
95.87,R_LittleTip,13.98,81.33,112.88,-0.61,0.17,0.20,-0.75
95.87,R_ThumbDistal,8.47,81.78,106.94,0.03,0.35,-0.73,-0.59
95.87,R_IndexIntermediate,9.02,85.70,110.60,-0.51,0.16,-0.07,-0.84
95.87,R_MiddleIntermediate,11.34,86.20,112.12,-0.58,0.13,-0.01,-0.80
95.87,R_RingIntermediate,13.68,85.97,112.14,-0.52,0.14,0.09,-0.84
95.87,R_LittleIntermediate,15.94,84.94,111.14,-0.47,0.10,0.20,-0.85
95.87,R_IndexProximal,10.35,87.59,107.26,-0.24,0.18,-0.05,-0.95
95.87,R_MiddleProximal,12.59,87.91,108.04,-0.20,0.13,0.03,-0.97
95.87,R_ThumbProximal,9.79,83.06,103.83,0.01,0.26,-0.70,-0.67
95.87,R_RingProximal,14.67,87.16,108.27,-0.16,0.11,0.09,-0.98
95.87,L_LittleProximal,0.13,49.78,99.00,-0.82,-0.17,0.09,-0.53
95.88,Main Camera,-10.03,114.06,81.01,0.16,0.06,0.10,0.98
95.88,R_Palm,14.63,86.98,105.23,0.13,0.19,0.06,-0.97
95.88,R_ThumbTip,7.95,81.10,109.13,0.04,0.34,-0.73,-0.60
95.88,R_IndexTip,9.39,81.57,112.78,-0.58,0.11,-0.08,-0.80
95.88,R_MiddleTip,11.39,81.25,113.18,-0.72,0.09,0.02,-0.69
95.88,R_RingTip,12.94,81.67,113.96,-0.66,0.16,0.09,-0.73
95.88,R_LittleTip,15.19,82.04,113.44,-0.56,0.16,0.21,-0.79
95.88,R_ThumbDistal,9.27,82.20,107.13,0.04,0.34,-0.73,-0.60
95.88,R_IndexIntermediate,10.05,86.05,110.72,-0.50,0.15,-0.07,-0.85
95.88,R_MiddleIntermediate,12.39,86.60,112.18,-0.56,0.13,-0.01,-0.82
95.88,R_RingIntermediate,14.74,86.39,112.17,-0.48,0.13,0.09,-0.86
95.88,R_LittleIntermediate,17.03,85.44,111.19,-0.43,0.08,0.21,-0.88
95.88,R_IndexProximal,11.31,87.85,107.31,-0.22,0.17,-0.05,-0.96
95.88,R_MiddleProximal,13.56,88.19,108.04,-0.18,0.12,0.03,-0.97
95.88,R_ThumbProximal,10.60,83.34,103.97,0.02,0.25,-0.69,-0.68
95.88,R_RingProximal,15.65,87.45,108.24,-0.14,0.10,0.09,-0.98
95.88,L_LittleProximal,0.14,49.80,99.03,-0.82,-0.17,0.09,-0.53
95.89,Main Camera,-10.06,114.06,80.99,0.16,0.06,0.10,0.98
95.89,R_Palm,16.07,87.21,105.16,0.14,0.19,0.05,-0.97
95.89,R_ThumbTip,9.30,81.45,109.14,0.05,0.33,-0.73,-0.60
95.89,R_IndexTip,10.86,82.03,112.93,-0.57,0.11,-0.08,-0.81
95.89,R_MiddleTip,12.87,81.65,113.34,-0.70,0.09,0.02,-0.70
95.89,R_RingTip,14.44,82.10,114.06,-0.65,0.16,0.09,-0.74
95.89,R_LittleTip,16.71,82.51,113.56,-0.54,0.16,0.21,-0.80
95.89,R_ThumbDistal,10.65,82.49,107.14,0.05,0.33,-0.73,-0.60
95.89,R_IndexIntermediate,11.51,86.44,110.72,-0.48,0.14,-0.07,-0.86
95.89,R_MiddleIntermediate,13.86,86.96,112.13,-0.55,0.12,-0.01,-0.83
95.89,R_RingIntermediate,16.21,86.76,112.11,-0.47,0.13,0.09,-0.87
95.89,R_LittleIntermediate,18.52,85.83,111.17,-0.41,0.08,0.21,-0.88
95.89,R_IndexProximal,12.75,88.10,107.24,-0.20,0.17,-0.05,-0.96
95.89,R_MiddleProximal,15.01,88.47,107.95,-0.17,0.12,0.03,-0.98
95.89,R_ThumbProximal,12.02,83.55,103.96,0.03,0.24,-0.69,-0.68
95.89,R_RingProximal,17.10,87.75,108.16,-0.13,0.10,0.09,-0.98
95.89,L_LittleProximal,0.14,49.78,99.02,-0.83,-0.17,0.09,-0.53
95.91,Main Camera,-10.09,114.07,80.98,0.16,0.06,0.10,0.98
95.91,R_Palm,17.47,87.29,105.11,0.14,0.18,0.05,-0.97
95.91,R_ThumbTip,10.71,81.54,109.13,0.05,0.33,-0.73,-0.60
95.91,R_IndexTip,12.34,82.22,113.03,-0.56,0.10,-0.08,-0.82
95.91,R_MiddleTip,14.36,81.76,113.38,-0.70,0.09,0.02,-0.71
95.91,R_RingTip,15.93,82.21,114.04,-0.65,0.16,0.09,-0.74
95.91,R_LittleTip,18.20,82.64,113.53,-0.53,0.15,0.21,-0.80
95.91,R_ThumbDistal,12.04,82.58,107.11,0.05,0.33,-0.73,-0.60
95.91,R_IndexIntermediate,12.97,86.59,110.74,-0.47,0.14,-0.07,-0.87
95.91,R_MiddleIntermediate,15.31,87.06,112.09,-0.54,0.12,-0.01,-0.83
95.91,R_RingIntermediate,17.66,86.87,112.06,-0.47,0.12,0.09,-0.87
95.91,R_LittleIntermediate,19.97,85.96,111.10,-0.41,0.08,0.21,-0.89
95.91,R_IndexProximal,14.16,88.18,107.20,-0.19,0.16,-0.05,-0.97
95.91,R_MiddleProximal,16.42,88.56,107.89,-0.17,0.12,0.03,-0.98
95.91,R_ThumbProximal,13.41,83.63,103.93,0.03,0.24,-0.69,-0.68
95.91,R_RingProximal,18.52,87.85,108.09,-0.13,0.09,0.09,-0.98
95.91,L_LittleProximal,0.13,49.71,99.02,-0.83,-0.17,0.09,-0.52
95.92,Main Camera,-10.12,114.08,80.96,0.16,0.06,0.10,0.98
95.92,R_Palm,18.67,87.39,105.06,0.14,0.18,0.04,-0.97
95.92,R_ThumbTip,11.90,81.67,109.13,0.05,0.32,-0.73,-0.60
95.92,R_IndexTip,13.64,82.41,113.13,-0.55,0.09,-0.08,-0.82
95.92,R_MiddleTip,15.64,81.90,113.48,-0.69,0.08,0.03,-0.72
95.92,R_RingTip,17.23,82.34,114.05,-0.64,0.15,0.09,-0.75
95.92,R_LittleTip,19.51,82.81,113.54,-0.53,0.15,0.21,-0.81
95.92,R_ThumbDistal,13.21,82.69,107.09,0.05,0.32,-0.73,-0.60
95.92,R_IndexIntermediate,14.23,86.74,110.76,-0.47,0.13,-0.07,-0.87
95.92,R_MiddleIntermediate,16.57,87.17,112.06,-0.53,0.11,-0.01,-0.84
95.92,R_RingIntermediate,18.92,87.00,112.02,-0.47,0.12,0.09,-0.87
95.92,R_LittleIntermediate,21.23,86.11,111.05,-0.41,0.07,0.20,-0.89
95.92,R_IndexProximal,15.38,88.27,107.18,-0.19,0.15,-0.05,-0.97
95.92,R_MiddleProximal,17.64,88.67,107.85,-0.17,0.11,0.03,-0.98
95.92,R_ThumbProximal,14.59,83.72,103.91,0.04,0.24,-0.69,-0.68
95.92,R_RingProximal,19.74,87.97,108.04,-0.13,0.09,0.09,-0.98
95.92,L_LittleProximal,0.13,49.59,99.03,-0.83,-0.17,0.09,-0.52
95.94,Main Camera,-10.15,114.10,80.93,0.16,0.06,0.10,0.98
95.94,R_Palm,20.16,87.23,105.34,0.15,0.16,0.04,-0.98
95.94,R_ThumbTip,13.46,81.56,109.61,0.04,0.31,-0.73,-0.61
95.94,R_IndexTip,15.39,82.34,113.65,-0.55,0.08,-0.06,-0.83
95.94,R_MiddleTip,17.39,81.77,113.96,-0.68,0.07,0.04,-0.73
95.94,R_RingTip,19.01,82.19,114.38,-0.64,0.14,0.10,-0.75
95.94,R_LittleTip,21.27,82.65,113.79,-0.52,0.13,0.22,-0.81
95.94,R_ThumbDistal,14.70,82.57,107.52,0.04,0.31,-0.73,-0.61
95.94,R_IndexIntermediate,15.92,86.65,111.21,-0.46,0.11,-0.05,-0.88
95.94,R_MiddleIntermediate,18.30,87.02,112.41,-0.53,0.10,0.00,-0.84
95.94,R_RingIntermediate,20.65,86.84,112.28,-0.46,0.10,0.10,-0.87
95.94,R_LittleIntermediate,22.92,85.94,111.24,-0.40,0.06,0.21,-0.89
95.94,R_IndexProximal,16.94,88.12,107.57,-0.18,0.14,-0.04,-0.97
95.94,R_MiddleProximal,19.22,88.51,108.17,-0.17,0.10,0.03,-0.98
95.94,R_ThumbProximal,16.00,83.59,104.30,0.03,0.23,-0.69,-0.69
95.94,R_RingProximal,21.33,87.80,108.28,-0.12,0.07,0.09,-0.99
95.94,L_LittleProximal,0.12,49.54,99.07,-0.83,-0.17,0.09,-0.52
95.95,Main Camera,-10.16,114.13,80.88,0.16,0.06,0.10,0.98
95.95,R_Palm,21.53,87.14,105.56,0.15,0.14,0.04,-0.98
95.95,R_ThumbTip,14.91,81.54,110.05,0.03,0.30,-0.73,-0.62
95.95,R_IndexTip,17.07,82.36,114.13,-0.55,0.06,-0.05,-0.83
95.95,R_MiddleTip,19.07,81.73,114.40,-0.67,0.06,0.06,-0.74
95.95,R_RingTip,20.71,82.13,114.68,-0.63,0.13,0.12,-0.75
95.95,R_LittleTip,22.96,82.59,114.00,-0.51,0.12,0.23,-0.82
95.95,R_ThumbDistal,16.08,82.54,107.91,0.03,0.30,-0.73,-0.62
95.95,R_IndexIntermediate,17.53,86.63,111.61,-0.46,0.10,-0.04,-0.88
95.95,R_MiddleIntermediate,19.94,86.94,112.70,-0.52,0.08,0.02,-0.85
95.95,R_RingIntermediate,22.28,86.76,112.48,-0.46,0.09,0.11,-0.88
95.95,R_LittleIntermediate,24.51,85.86,111.36,-0.39,0.04,0.22,-0.89
95.95,R_IndexProximal,18.40,88.04,107.91,-0.17,0.12,-0.03,-0.98
95.95,R_MiddleProximal,20.71,88.43,108.42,-0.17,0.08,0.03,-0.98
95.95,R_ThumbProximal,17.29,83.54,104.66,0.02,0.22,-0.69,-0.69
95.95,R_RingProximal,22.81,87.71,108.46,-0.12,0.05,0.09,-0.99
95.95,L_LittleProximal,0.12,49.50,99.12,-0.83,-0.17,0.09,-0.52
95.96,Main Camera,-10.17,114.16,80.85,0.16,0.06,0.10,0.98
95.96,R_Palm,23.06,86.72,105.67,0.15,0.12,0.05,-0.98
95.96,R_ThumbTip,16.40,81.33,110.37,0.01,0.28,-0.72,-0.63
95.96,R_IndexTip,18.82,82.08,114.46,-0.54,0.05,-0.02,-0.84
95.96,R_MiddleTip,20.81,81.39,114.76,-0.65,0.05,0.08,-0.75
95.96,R_RingTip,22.49,81.68,114.81,-0.63,0.12,0.14,-0.75
95.96,R_LittleTip,24.75,82.09,114.05,-0.51,0.11,0.26,-0.81
95.96,R_ThumbDistal,17.52,82.30,108.19,0.01,0.28,-0.72,-0.63
95.96,R_IndexIntermediate,19.32,86.31,111.90,-0.45,0.09,-0.02,-0.89
95.96,R_MiddleIntermediate,21.78,86.52,112.88,-0.51,0.07,0.04,-0.86
95.96,R_RingIntermediate,24.11,86.26,112.56,-0.46,0.07,0.13,-0.88
95.96,R_LittleIntermediate,26.27,85.32,111.34,-0.39,0.03,0.25,-0.89
95.96,R_IndexProximal,20.07,87.70,108.16,-0.17,0.10,-0.01,-0.98
95.96,R_MiddleProximal,22.41,88.01,108.58,-0.17,0.06,0.05,-0.98
95.96,R_ThumbProximal,18.65,83.29,104.90,0.01,0.21,-0.67,-0.71
95.96,R_RingProximal,24.49,87.23,108.52,-0.12,0.03,0.11,-0.99
95.96,L_LittleProximal,0.12,49.52,99.11,-0.83,-0.17,0.08,-0.52
95.98,Main Camera,-10.15,114.19,80.81,0.16,0.06,0.10,0.98
95.98,R_Palm,24.82,85.91,105.88,0.14,0.10,0.06,-0.98
95.98,R_ThumbTip,18.31,80.52,110.78,-0.01,0.27,-0.71,-0.65
95.98,R_IndexTip,20.91,81.28,114.92,-0.54,0.04,0.00,-0.84
95.98,R_MiddleTip,22.93,80.57,115.15,-0.65,0.04,0.11,-0.75
95.98,R_RingTip,24.62,80.78,115.01,-0.63,0.11,0.16,-0.75
95.98,R_LittleTip,26.91,81.24,114.19,-0.50,0.09,0.28,-0.82
95.98,R_ThumbDistal,19.32,81.51,108.56,-0.01,0.27,-0.71,-0.65
95.98,R_IndexIntermediate,21.36,85.47,112.27,-0.45,0.07,0.00,-0.89
95.98,R_MiddleIntermediate,23.88,85.66,113.15,-0.50,0.06,0.06,-0.86
95.98,R_RingIntermediate,26.18,85.36,112.72,-0.46,0.05,0.15,-0.88
95.98,R_LittleIntermediate,28.31,84.44,111.39,-0.38,0.00,0.26,-0.89
95.98,R_IndexProximal,21.96,86.89,108.52,-0.18,0.08,0.00,-0.98
95.98,R_MiddleProximal,24.31,87.16,108.83,-0.17,0.04,0.07,-0.98
95.98,R_ThumbProximal,20.32,82.54,105.25,-0.01,0.20,-0.67,-0.72
95.98,R_RingProximal,26.38,86.36,108.67,-0.12,0.01,0.12,-0.98
95.98,L_LittleProximal,0.06,49.47,99.07,-0.83,-0.17,0.08,-0.52
95.99,Main Camera,-10.13,114.23,80.77,0.16,0.06,0.10,0.98
95.99,R_Palm,26.53,85.34,105.91,0.14,0.08,0.05,-0.99
95.99,R_ThumbTip,20.27,79.85,111.03,-0.03,0.26,-0.72,-0.65
95.99,R_IndexTip,23.01,80.83,115.26,-0.52,0.02,0.01,-0.85
95.99,R_MiddleTip,25.10,80.17,115.49,-0.63,0.02,0.11,-0.77
95.99,R_RingTip,26.80,80.38,115.21,-0.61,0.09,0.17,-0.77
95.99,R_LittleTip,29.10,80.83,114.23,-0.48,0.07,0.28,-0.83
95.99,R_ThumbDistal,21.18,80.86,108.77,-0.03,0.26,-0.72,-0.65
95.99,R_IndexIntermediate,23.32,84.93,112.46,-0.43,0.05,0.01,-0.90
95.99,R_MiddleIntermediate,25.89,85.20,113.26,-0.48,0.03,0.07,-0.87
95.99,R_RingIntermediate,28.19,84.92,112.72,-0.44,0.03,0.16,-0.88
95.99,R_LittleIntermediate,30.30,84.00,111.30,-0.36,-0.02,0.27,-0.89
95.99,R_IndexProximal,23.76,86.27,108.66,-0.17,0.06,0.00,-0.98
95.99,R_MiddleProximal,26.12,86.57,108.88,-0.15,0.02,0.06,-0.99
95.99,R_ThumbProximal,22.05,81.92,105.42,-0.02,0.19,-0.67,-0.72
95.99,R_RingProximal,28.19,85.80,108.64,-0.11,-0.01,0.12,-0.99
95.99,L_LittleProximal,-0.02,49.50,99.10,-0.83,-0.18,0.08,-0.52
96.01,Main Camera,-10.10,114.27,80.73,0.16,0.06,0.10,0.98
96.01,R_Palm,28.10,84.88,105.93,0.14,0.06,0.04,-0.99
96.01,R_ThumbTip,22.05,79.33,111.24,-0.04,0.25,-0.72,-0.65
96.01,R_IndexTip,24.95,80.48,115.55,-0.51,0.00,0.01,-0.86
96.01,R_MiddleTip,27.09,79.87,115.77,-0.61,0.01,0.12,-0.78
96.01,R_RingTip,28.80,80.08,115.36,-0.60,0.07,0.18,-0.78
96.01,R_LittleTip,31.09,80.51,114.22,-0.47,0.05,0.29,-0.83
96.01,R_ThumbDistal,22.87,80.35,108.96,-0.04,0.25,-0.72,-0.65
96.01,R_IndexIntermediate,25.12,84.50,112.62,-0.42,0.03,0.01,-0.91
96.01,R_MiddleIntermediate,27.73,84.82,113.33,-0.47,0.02,0.07,-0.88
96.01,R_RingIntermediate,30.03,84.56,112.70,-0.43,0.01,0.16,-0.89
96.01,R_LittleIntermediate,32.12,83.64,111.19,-0.35,-0.04,0.27,-0.90
96.01,R_IndexProximal,25.42,85.78,108.78,-0.16,0.04,-0.01,-0.99
96.01,R_MiddleProximal,27.78,86.10,108.92,-0.14,0.00,0.06,-0.99
96.01,R_ThumbProximal,23.62,81.42,105.59,-0.04,0.18,-0.67,-0.72
96.01,R_RingProximal,29.85,85.35,108.61,-0.09,-0.03,0.11,-0.99
96.01,L_LittleProximal,-0.12,49.53,99.15,-0.83,-0.18,0.08,-0.52
96.02,Main Camera,-10.06,114.32,80.68,0.16,0.06,0.10,0.98
96.02,R_Palm,29.58,84.49,105.96,0.14,0.05,0.04,-0.99
96.02,R_ThumbTip,23.73,78.89,111.45,-0.05,0.24,-0.72,-0.65
96.02,R_IndexTip,26.79,80.20,115.81,-0.50,-0.01,0.02,-0.87
96.02,R_MiddleTip,28.98,79.63,116.01,-0.60,-0.01,0.13,-0.79
96.02,R_RingTip,30.69,79.83,115.47,-0.59,0.05,0.18,-0.78
96.02,R_LittleTip,32.96,80.24,114.19,-0.46,0.03,0.29,-0.84
96.02,R_ThumbDistal,24.45,79.93,109.13,-0.05,0.24,-0.72,-0.65
96.02,R_IndexIntermediate,26.83,84.14,112.76,-0.40,0.01,0.01,-0.91
96.02,R_MiddleIntermediate,29.48,84.51,113.39,-0.45,0.00,0.07,-0.89
96.02,R_RingIntermediate,31.77,84.27,112.67,-0.41,0.00,0.16,-0.90
96.02,R_LittleIntermediate,33.83,83.35,111.08,-0.34,-0.06,0.27,-0.90
96.02,R_IndexProximal,26.99,85.36,108.90,-0.15,0.02,-0.01,-0.99
96.02,R_MiddleProximal,29.35,85.71,108.96,-0.13,-0.02,0.06,-0.99
96.02,R_ThumbProximal,25.11,81.01,105.75,-0.05,0.17,-0.67,-0.72
96.02,R_RingProximal,31.42,84.97,108.57,-0.08,-0.05,0.11,-0.99
96.02,L_LittleProximal,-0.23,49.56,99.20,-0.83,-0.18,0.08,-0.52
96.03,Main Camera,-10.01,114.37,80.63,0.16,0.06,0.10,0.98
96.03,R_Palm,31.06,83.89,105.98,0.14,0.03,0.03,-0.99
96.03,R_ThumbTip,25.01,78.44,111.51,-0.05,0.24,-0.71,-0.66
96.03,R_IndexTip,28.66,80.04,116.27,-0.47,-0.03,0.03,-0.88
96.03,R_MiddleTip,30.96,79.35,116.35,-0.57,-0.03,0.14,-0.81
96.03,R_RingTip,32.60,79.28,115.46,-0.59,0.03,0.19,-0.78
96.03,R_LittleTip,34.69,79.54,113.93,-0.48,0.02,0.30,-0.82
96.03,R_ThumbDistal,25.76,79.45,109.20,-0.05,0.24,-0.71,-0.66
96.03,R_IndexIntermediate,28.58,83.76,112.97,-0.37,0.00,0.02,-0.93
96.03,R_MiddleIntermediate,31.29,84.10,113.48,-0.43,-0.02,0.08,-0.90
96.03,R_RingIntermediate,33.54,83.73,112.63,-0.41,-0.02,0.17,-0.90
96.03,R_LittleIntermediate,35.53,82.76,110.95,-0.35,-0.07,0.28,-0.89
96.03,R_IndexProximal,28.59,84.72,109.03,-0.12,0.00,-0.01,-0.99
96.03,R_MiddleProximal,30.96,85.08,109.00,-0.10,-0.04,0.06,-0.99
96.03,R_ThumbProximal,26.43,80.51,105.81,-0.05,0.17,-0.66,-0.73
96.03,R_RingProximal,33.01,84.36,108.54,-0.07,-0.07,0.11,-0.99
96.03,L_LittleProximal,-0.21,49.59,99.19,-0.83,-0.18,0.08,-0.52
96.05,Main Camera,-9.95,114.42,80.58,0.16,0.06,0.10,0.98
96.05,R_Palm,31.96,83.41,105.89,0.14,0.02,0.03,-0.99
96.05,R_ThumbTip,25.50,78.31,111.38,-0.04,0.24,-0.70,-0.68
96.05,R_IndexTip,29.72,80.05,116.51,-0.45,-0.03,0.04,-0.89
96.05,R_MiddleTip,32.05,79.07,116.39,-0.57,-0.03,0.15,-0.81
96.05,R_RingTip,33.62,78.76,115.28,-0.59,0.03,0.20,-0.78
96.05,R_LittleTip,35.65,78.94,113.69,-0.49,0.02,0.31,-0.81
96.05,R_ThumbDistal,26.31,79.27,109.07,-0.04,0.24,-0.70,-0.68
96.05,R_IndexIntermediate,29.63,83.57,113.00,-0.34,-0.01,0.03,-0.94
96.05,R_MiddleIntermediate,32.37,83.77,113.44,-0.42,-0.03,0.09,-0.90
96.05,R_RingIntermediate,34.59,83.24,112.52,-0.42,-0.03,0.18,-0.89
96.05,R_LittleIntermediate,36.54,82.23,110.79,-0.36,-0.08,0.29,-0.89
96.05,R_IndexProximal,29.58,84.24,109.00,-0.08,-0.01,0.00,-1.00
96.05,R_MiddleProximal,31.94,84.58,108.94,-0.09,-0.05,0.06,-0.99
96.05,R_ThumbProximal,27.10,80.27,105.68,-0.03,0.18,-0.64,-0.74
96.05,R_RingProximal,33.98,83.84,108.43,-0.06,-0.08,0.11,-0.99
96.05,L_LittleProximal,-0.20,49.55,99.16,-0.84,-0.18,0.08,-0.51
96.06,Main Camera,-9.87,114.47,80.52,0.15,0.06,0.10,0.98
96.06,R_Palm,32.76,83.32,105.31,0.12,0.00,0.04,-0.99
96.06,R_ThumbTip,26.06,78.43,110.77,-0.05,0.24,-0.67,-0.70
96.06,R_IndexTip,30.86,79.91,116.05,-0.45,-0.05,0.06,-0.89
96.06,R_MiddleTip,33.20,78.78,115.79,-0.57,-0.04,0.17,-0.80
96.06,R_RingTip,34.71,78.42,114.56,-0.60,0.02,0.22,-0.77
96.06,R_LittleTip,36.77,78.69,112.94,-0.49,0.00,0.33,-0.81
96.06,R_ThumbDistal,26.87,79.40,108.47,-0.05,0.24,-0.67,-0.70
96.06,R_IndexIntermediate,30.72,83.43,112.55,-0.34,-0.02,0.05,-0.94
96.06,R_MiddleIntermediate,33.49,83.50,112.87,-0.42,-0.04,0.11,-0.90
96.06,R_RingIntermediate,35.66,82.93,111.84,-0.42,-0.04,0.19,-0.88
96.06,R_LittleIntermediate,37.55,81.97,110.01,-0.35,-0.10,0.30,-0.88
96.06,R_IndexProximal,30.53,84.09,108.55,-0.08,-0.03,0.01,-1.00
96.06,R_MiddleProximal,32.89,84.37,108.40,-0.09,-0.07,0.07,-0.99
96.06,R_ThumbProximal,27.68,80.45,105.10,-0.04,0.18,-0.62,-0.76
96.06,R_RingProximal,34.89,83.61,107.80,-0.07,-0.10,0.12,-0.98
96.06,L_LittleProximal,-0.20,49.53,99.14,-0.84,-0.18,0.08,-0.51
96.07,Main Camera,-9.77,114.53,80.46,0.15,0.06,0.10,0.98
96.07,R_Palm,33.69,83.14,104.86,0.11,-0.02,0.05,-0.99
96.07,R_ThumbTip,26.87,78.44,110.38,-0.06,0.24,-0.66,-0.71
96.07,R_IndexTip,32.17,79.67,115.69,-0.45,-0.06,0.07,-0.89
96.07,R_MiddleTip,34.50,78.44,115.30,-0.57,-0.06,0.19,-0.80
96.07,R_RingTip,35.95,78.03,113.97,-0.60,0.01,0.24,-0.76
96.07,R_LittleTip,38.01,78.35,112.28,-0.48,-0.02,0.34,-0.81
96.07,R_ThumbDistal,27.66,79.42,108.07,-0.06,0.24,-0.66,-0.71
96.07,R_IndexIntermediate,31.95,83.21,112.20,-0.34,-0.04,0.06,-0.94
96.07,R_MiddleIntermediate,34.74,83.18,112.42,-0.43,-0.06,0.12,-0.89
96.07,R_RingIntermediate,36.86,82.57,111.28,-0.42,-0.06,0.21,-0.88
96.07,R_LittleIntermediate,38.68,81.64,109.34,-0.35,-0.12,0.31,-0.88
96.07,R_IndexProximal,31.60,83.85,108.21,-0.08,-0.05,0.03,-1.00
96.07,R_MiddleProximal,33.97,84.10,107.99,-0.09,-0.09,0.08,-0.99
96.07,R_ThumbProximal,28.45,80.51,104.71,-0.05,0.18,-0.60,-0.78
96.07,R_RingProximal,35.93,83.31,107.28,-0.07,-0.12,0.13,-0.98
96.07,L_LittleProximal,-0.19,49.51,99.13,-0.84,-0.18,0.08,-0.51
96.09,Main Camera,-9.68,114.59,80.40,0.15,0.06,0.10,0.98
96.09,R_Palm,34.68,82.94,104.49,0.09,-0.04,0.06,-0.99
96.09,R_ThumbTip,27.80,78.41,110.09,-0.07,0.24,-0.64,-0.73
96.09,R_IndexTip,33.55,79.42,115.39,-0.45,-0.07,0.09,-0.89
96.09,R_MiddleTip,35.87,78.11,114.90,-0.57,-0.07,0.20,-0.80
96.09,R_RingTip,37.25,77.66,113.45,-0.60,-0.01,0.26,-0.76
96.09,R_LittleTip,39.28,78.00,111.69,-0.48,-0.04,0.36,-0.80
96.09,R_ThumbDistal,28.55,79.40,107.77,-0.07,0.24,-0.64,-0.73
96.09,R_IndexIntermediate,33.24,82.96,111.91,-0.34,-0.06,0.08,-0.94
96.09,R_MiddleIntermediate,36.05,82.86,112.03,-0.42,-0.08,0.14,-0.89
96.09,R_RingIntermediate,38.10,82.22,110.79,-0.43,-0.08,0.22,-0.87
96.09,R_LittleIntermediate,39.85,81.32,108.75,-0.35,-0.14,0.32,-0.87
96.09,R_IndexProximal,32.74,83.58,107.93,-0.08,-0.07,0.03,-0.99
96.09,R_MiddleProximal,35.10,83.80,107.63,-0.09,-0.11,0.09,-0.99
96.09,R_ThumbProximal,29.32,80.50,104.41,-0.06,0.18,-0.58,-0.79
96.09,R_RingProximal,37.02,83.00,106.84,-0.08,-0.14,0.14,-0.98
96.09,L_LittleProximal,-0.19,49.48,99.11,-0.84,-0.18,0.08,-0.51
96.10,Main Camera,-9.58,114.65,80.33,0.15,0.06,0.10,0.98
96.10,R_Palm,35.11,83.15,104.00,0.07,-0.08,0.05,-0.99
96.10,R_ThumbTip,28.60,78.35,109.83,-0.11,0.23,-0.63,-0.73
96.10,R_IndexTip,34.86,79.16,114.81,-0.46,-0.11,0.11,-0.87
96.10,R_MiddleTip,37.61,78.63,114.87,-0.49,-0.12,0.22,-0.83
96.10,R_RingTip,38.98,78.35,113.37,-0.52,-0.06,0.27,-0.81
96.10,R_LittleTip,40.78,78.51,110.96,-0.42,-0.10,0.36,-0.83
96.10,R_ThumbDistal,29.20,79.46,107.52,-0.11,0.23,-0.63,-0.73
96.10,R_IndexIntermediate,34.25,82.81,111.50,-0.35,-0.10,0.09,-0.93
96.10,R_MiddleIntermediate,37.15,83.01,111.44,-0.37,-0.13,0.14,-0.91
96.10,R_RingIntermediate,39.12,82.56,110.03,-0.36,-0.13,0.22,-0.90
96.10,R_LittleIntermediate,40.72,81.66,107.78,-0.30,-0.20,0.32,-0.88
96.10,R_IndexProximal,33.43,83.61,107.61,-0.10,-0.11,0.03,-0.99
96.10,R_MiddleProximal,35.76,83.85,107.15,-0.08,-0.16,0.09,-0.98
96.10,R_ThumbProximal,29.74,80.73,104.18,-0.10,0.17,-0.57,-0.80
96.10,R_RingProximal,37.62,83.10,106.18,-0.04,-0.19,0.13,-0.97
96.10,L_LittleProximal,-0.17,49.43,99.06,-0.84,-0.18,0.08,-0.51
96.12,Main Camera,-9.45,114.72,80.26,0.15,0.06,0.10,0.98
96.12,R_Palm,35.34,83.12,103.64,0.05,-0.11,0.04,-0.99
96.12,R_ThumbTip,29.12,78.01,109.56,-0.15,0.22,-0.62,-0.74
96.12,R_IndexTip,35.88,78.91,114.54,-0.44,-0.15,0.10,-0.88
96.12,R_MiddleTip,39.05,78.94,114.79,-0.41,-0.17,0.20,-0.87
96.12,R_RingTip,40.45,78.86,113.27,-0.43,-0.12,0.25,-0.86
96.12,R_LittleTip,42.02,78.86,110.33,-0.36,-0.16,0.34,-0.85
96.12,R_ThumbDistal,29.60,79.23,107.28,-0.15,0.22,-0.62,-0.74
96.12,R_IndexIntermediate,34.92,82.43,111.16,-0.33,-0.13,0.08,-0.93
96.12,R_MiddleIntermediate,37.89,82.86,110.96,-0.32,-0.18,0.13,-0.92
96.12,R_RingIntermediate,39.77,82.58,109.41,-0.29,-0.18,0.21,-0.92
96.12,R_LittleIntermediate,41.27,81.76,107.00,-0.25,-0.25,0.30,-0.89
96.12,R_IndexProximal,33.86,83.37,107.36,-0.11,-0.14,0.03,-0.98
96.12,R_MiddleProximal,36.16,83.67,106.78,-0.08,-0.20,0.07,-0.97
96.12,R_ThumbProximal,29.98,80.65,103.97,-0.13,0.16,-0.57,-0.80
96.12,R_RingProximal,37.97,83.00,105.67,-0.03,-0.23,0.11,-0.97
96.12,L_LittleProximal,-0.14,49.41,98.97,-0.84,-0.18,0.08,-0.51
96.13,Main Camera,-9.33,114.79,80.19,0.15,0.06,0.10,0.98
96.13,R_Palm,35.66,82.80,103.55,0.03,-0.12,0.03,-0.99
96.13,R_ThumbTip,29.37,77.62,109.49,-0.15,0.23,-0.61,-0.74
96.13,R_IndexTip,36.79,78.57,114.58,-0.40,-0.17,0.09,-0.90
96.13,R_MiddleTip,40.13,78.86,114.78,-0.36,-0.21,0.18,-0.89
96.13,R_RingTip,41.56,78.96,113.22,-0.37,-0.16,0.23,-0.88
96.13,R_LittleTip,43.00,78.87,109.99,-0.32,-0.20,0.32,-0.87
96.13,R_ThumbDistal,29.88,78.88,107.23,-0.15,0.23,-0.61,-0.74
96.13,R_IndexIntermediate,35.53,81.86,111.06,-0.31,-0.15,0.07,-0.93
96.13,R_MiddleIntermediate,38.51,82.44,110.78,-0.29,-0.20,0.12,-0.93
96.13,R_RingIntermediate,40.34,82.33,109.16,-0.25,-0.21,0.19,-0.92
96.13,R_LittleIntermediate,41.79,81.59,106.63,-0.22,-0.28,0.28,-0.89
96.13,R_IndexProximal,34.31,82.89,107.33,-0.13,-0.16,0.02,-0.98
96.13,R_MiddleProximal,36.59,83.25,106.69,-0.08,-0.22,0.06,-0.97
96.13,R_ThumbProximal,30.24,80.36,103.95,-0.14,0.16,-0.56,-0.80
96.13,R_RingProximal,38.37,82.66,105.49,-0.02,-0.25,0.09,-0.96
96.13,L_LittleProximal,-0.11,49.38,98.91,-0.84,-0.18,0.08,-0.51
96.14,Main Camera,-9.22,114.88,80.10,0.15,0.06,0.10,0.98
96.14,R_Palm,36.01,82.42,103.42,0.02,-0.12,0.02,-0.99
96.14,R_ThumbTip,29.35,77.55,109.36,-0.11,0.25,-0.60,-0.75
96.14,R_IndexTip,37.31,78.21,114.57,-0.36,-0.18,0.08,-0.91
96.14,R_MiddleTip,40.70,78.58,114.76,-0.33,-0.22,0.16,-0.91
96.14,R_RingTip,42.21,78.86,113.21,-0.34,-0.17,0.21,-0.90
96.14,R_LittleTip,43.64,78.73,109.83,-0.30,-0.22,0.30,-0.88
96.14,R_ThumbDistal,30.06,78.70,107.10,-0.11,0.25,-0.60,-0.75
96.14,R_IndexIntermediate,35.91,81.29,110.91,-0.30,-0.16,0.06,-0.94
96.14,R_MiddleIntermediate,38.88,81.94,110.64,-0.28,-0.21,0.10,-0.93
96.14,R_RingIntermediate,40.73,81.97,109.01,-0.23,-0.22,0.17,-0.93
96.14,R_LittleIntermediate,42.21,81.32,106.45,-0.21,-0.29,0.26,-0.89
96.14,R_IndexProximal,34.68,82.39,107.20,-0.14,-0.16,0.01,-0.98
96.14,R_MiddleProximal,36.94,82.80,106.57,-0.09,-0.22,0.05,-0.97
96.14,R_ThumbProximal,30.56,80.09,103.80,-0.12,0.17,-0.55,-0.81
96.14,R_RingProximal,38.73,82.26,105.36,-0.02,-0.25,0.08,-0.97
96.14,L_LittleProximal,-0.07,49.36,98.82,-0.84,-0.18,0.08,-0.51
96.16,Main Camera,-9.09,114.97,80.01,0.15,0.06,0.10,0.98
96.16,R_Palm,36.58,82.00,103.22,0.01,-0.13,0.01,-0.99
96.16,R_ThumbTip,29.65,77.38,109.17,-0.09,0.26,-0.59,-0.76
96.16,R_IndexTip,38.06,77.78,114.43,-0.34,-0.19,0.07,-0.92
96.16,R_MiddleTip,41.52,78.30,114.64,-0.30,-0.23,0.15,-0.92
96.16,R_RingTip,43.08,78.75,113.08,-0.30,-0.19,0.20,-0.91
96.16,R_LittleTip,44.50,78.55,109.57,-0.27,-0.23,0.29,-0.89
96.16,R_ThumbDistal,30.50,78.45,106.92,-0.09,0.26,-0.59,-0.76
96.16,R_IndexIntermediate,36.55,80.71,110.69,-0.29,-0.17,0.05,-0.94
96.16,R_MiddleIntermediate,39.52,81.43,110.42,-0.27,-0.22,0.09,-0.93
96.16,R_RingIntermediate,41.36,81.59,108.78,-0.21,-0.23,0.16,-0.94
96.16,R_LittleIntermediate,42.84,81.00,106.17,-0.20,-0.31,0.25,-0.90
96.16,R_IndexProximal,35.27,81.87,107.02,-0.15,-0.16,0.00,-0.98
96.16,R_MiddleProximal,37.53,82.31,106.38,-0.09,-0.23,0.04,-0.97
96.16,R_ThumbProximal,31.09,79.78,103.60,-0.11,0.17,-0.54,-0.82
96.16,R_RingProximal,39.32,81.82,105.15,-0.01,-0.25,0.07,-0.96
96.16,L_LittleProximal,-0.02,49.33,98.73,-0.84,-0.18,0.08,-0.51
96.17,Main Camera,-8.95,115.05,79.91,0.14,0.06,0.10,0.98
96.17,R_Palm,37.14,81.59,102.95,0.01,-0.12,0.01,-0.99
96.17,R_ThumbTip,30.02,77.39,108.96,-0.06,0.26,-0.58,-0.77
96.17,R_IndexTip,38.62,77.40,114.22,-0.32,-0.19,0.06,-0.92
96.17,R_MiddleTip,42.12,78.01,114.47,-0.27,-0.23,0.14,-0.92
96.17,R_RingTip,43.69,78.45,112.89,-0.28,-0.19,0.18,-0.92
96.17,R_LittleTip,45.11,78.22,109.32,-0.26,-0.24,0.28,-0.89
96.17,R_ThumbDistal,30.98,78.33,106.69,-0.06,0.26,-0.58,-0.77
96.17,R_IndexIntermediate,37.07,80.22,110.40,-0.28,-0.16,0.04,-0.94
96.17,R_MiddleIntermediate,40.04,80.96,110.16,-0.26,-0.22,0.09,-0.94
96.17,R_RingIntermediate,41.90,81.15,108.53,-0.20,-0.23,0.15,-0.94
96.17,R_LittleIntermediate,43.41,80.62,105.92,-0.20,-0.31,0.24,-0.90
96.17,R_IndexProximal,35.81,81.41,106.73,-0.15,-0.16,0.00,-0.98
96.17,R_MiddleProximal,38.07,81.88,106.11,-0.09,-0.22,0.04,-0.97
96.17,R_ThumbProximal,31.68,79.49,103.34,-0.09,0.17,-0.53,-0.83
96.17,R_RingProximal,39.87,81.41,104.89,-0.02,-0.25,0.06,-0.97
96.17,L_LittleProximal,-0.05,49.30,98.75,-0.83,-0.18,0.09,-0.51
96.19,Main Camera,-8.83,115.15,79.81,0.14,0.06,0.10,0.98
96.19,R_Palm,37.72,81.23,102.69,0.00,-0.12,0.00,-0.99
96.19,R_ThumbTip,30.42,77.34,108.71,-0.03,0.26,-0.57,-0.78
96.19,R_IndexTip,39.24,77.08,114.02,-0.31,-0.19,0.05,-0.93
96.19,R_MiddleTip,42.77,77.78,114.29,-0.25,-0.23,0.12,-0.93
96.19,R_RingTip,44.36,78.22,112.70,-0.26,-0.19,0.17,-0.93
96.19,R_LittleTip,45.80,77.99,109.07,-0.25,-0.25,0.27,-0.90
96.19,R_ThumbDistal,31.49,78.17,106.45,-0.03,0.26,-0.57,-0.78
96.19,R_IndexIntermediate,37.65,79.77,110.13,-0.27,-0.17,0.04,-0.95
96.19,R_MiddleIntermediate,40.61,80.53,109.90,-0.24,-0.22,0.08,-0.94
96.19,R_RingIntermediate,42.47,80.76,108.28,-0.19,-0.23,0.14,-0.94
96.19,R_LittleIntermediate,44.00,80.31,105.65,-0.19,-0.31,0.24,-0.90
96.19,R_IndexProximal,36.39,80.99,106.47,-0.16,-0.16,-0.01,-0.98
96.19,R_MiddleProximal,38.65,81.48,105.86,-0.10,-0.22,0.03,-0.97
96.19,R_ThumbProximal,32.26,79.23,103.08,-0.07,0.17,-0.52,-0.83
96.19,R_RingProximal,40.45,81.04,104.63,-0.02,-0.25,0.06,-0.97
96.19,L_LittleProximal,-0.08,49.27,98.76,-0.83,-0.17,0.09,-0.51
96.20,Main Camera,-8.70,115.25,79.71,0.14,0.06,0.10,0.98
96.20,R_Palm,37.72,80.96,102.52,0.00,-0.12,0.01,-0.99
96.20,R_ThumbTip,30.27,77.24,108.46,-0.02,0.27,-0.57,-0.78
96.20,R_IndexTip,39.08,76.81,113.87,-0.30,-0.19,0.05,-0.93
96.20,R_MiddleTip,42.63,77.53,114.22,-0.24,-0.22,0.12,-0.94
96.20,R_RingTip,44.26,77.98,112.65,-0.25,-0.19,0.17,-0.93
96.20,R_LittleTip,45.75,77.72,109.02,-0.24,-0.24,0.26,-0.90
96.20,R_ThumbDistal,31.40,78.03,106.21,-0.02,0.27,-0.57,-0.78
96.20,R_IndexIntermediate,37.54,79.48,109.95,-0.27,-0.16,0.04,-0.95
96.20,R_MiddleIntermediate,40.51,80.22,109.76,-0.24,-0.21,0.08,-0.94
96.20,R_RingIntermediate,42.39,80.45,108.17,-0.19,-0.23,0.14,-0.94
96.20,R_LittleIntermediate,43.96,80.00,105.56,-0.20,-0.30,0.24,-0.90
96.20,R_IndexProximal,36.33,80.72,106.28,-0.16,-0.15,-0.01,-0.98
96.20,R_MiddleProximal,38.60,81.20,105.70,-0.10,-0.22,0.03,-0.97
96.20,R_ThumbProximal,32.26,79.03,102.85,-0.06,0.18,-0.52,-0.84
96.20,R_RingProximal,40.42,80.75,104.50,-0.02,-0.25,0.06,-0.97
96.20,L_LittleProximal,-0.08,49.25,98.71,-0.84,-0.17,0.09,-0.51
96.22,Main Camera,-8.57,115.37,79.61,0.14,0.05,0.10,0.98
96.22,R_Palm,37.82,80.70,102.35,0.00,-0.11,0.01,-0.99
96.22,R_ThumbTip,30.22,77.18,108.22,0.00,0.28,-0.56,-0.78
96.22,R_IndexTip,39.04,76.57,113.75,-0.29,-0.18,0.05,-0.94
96.22,R_MiddleTip,42.62,77.34,114.16,-0.23,-0.22,0.11,-0.94
96.22,R_RingTip,44.28,77.78,112.60,-0.24,-0.19,0.16,-0.94
96.22,R_LittleTip,45.81,77.46,108.96,-0.23,-0.24,0.26,-0.91
96.22,R_ThumbDistal,31.41,77.91,105.99,0.00,0.28,-0.56,-0.78
96.22,R_IndexIntermediate,37.54,79.18,109.77,-0.27,-0.15,0.04,-0.95
96.22,R_MiddleIntermediate,40.52,79.91,109.63,-0.24,-0.21,0.07,-0.95
96.22,R_RingIntermediate,42.42,80.13,108.06,-0.19,-0.22,0.14,-0.95
96.22,R_LittleIntermediate,44.02,79.70,105.47,-0.20,-0.30,0.23,-0.90
96.22,R_IndexProximal,36.39,80.45,106.09,-0.16,-0.15,0.00,-0.98
96.22,R_MiddleProximal,38.66,80.92,105.55,-0.11,-0.21,0.03,-0.97
96.22,R_ThumbProximal,32.36,78.85,102.62,-0.04,0.18,-0.51,-0.84
96.22,R_RingProximal,40.50,80.47,104.37,-0.03,-0.24,0.06,-0.97
96.22,L_LittleProximal,-0.07,49.23,98.66,-0.84,-0.17,0.10,-0.51
96.23,Main Camera,-8.45,115.47,79.51,0.14,0.05,0.10,0.98
96.23,R_Palm,37.54,80.43,102.18,-0.01,-0.11,0.02,-0.99
96.23,R_ThumbTip,29.81,77.09,107.99,0.00,0.28,-0.55,-0.79
96.23,R_IndexTip,38.60,76.24,113.58,-0.30,-0.18,0.06,-0.94
96.23,R_MiddleTip,42.21,76.99,114.04,-0.22,-0.22,0.12,-0.94
96.23,R_RingTip,43.89,77.32,112.48,-0.23,-0.18,0.17,-0.94
96.23,R_LittleTip,45.45,76.99,108.85,-0.22,-0.24,0.26,-0.91
96.23,R_ThumbDistal,31.04,77.79,105.77,0.00,0.28,-0.55,-0.79
96.23,R_IndexIntermediate,37.19,78.90,109.59,-0.27,-0.15,0.05,-0.95
96.23,R_MiddleIntermediate,40.18,79.54,109.47,-0.23,-0.20,0.08,-0.95
96.23,R_RingIntermediate,42.08,79.66,107.91,-0.19,-0.22,0.15,-0.95
96.23,R_LittleIntermediate,43.68,79.21,105.34,-0.20,-0.30,0.24,-0.90
96.23,R_IndexProximal,36.08,80.20,105.91,-0.16,-0.14,0.01,-0.98
96.23,R_MiddleProximal,38.37,80.61,105.38,-0.11,-0.21,0.05,-0.97
96.23,R_ThumbProximal,32.03,78.71,102.42,-0.04,0.19,-0.50,-0.84
96.23,R_RingProximal,40.20,80.12,104.21,-0.04,-0.24,0.07,-0.97
96.23,L_LittleProximal,-0.01,49.09,98.59,-0.83,-0.17,0.09,-0.51
96.24,Main Camera,-8.34,115.59,79.41,0.14,0.05,0.11,0.98
96.24,R_Palm,37.39,80.12,101.99,-0.01,-0.10,0.04,-0.99
96.24,R_ThumbTip,29.52,76.97,107.74,0.01,0.28,-0.54,-0.79
96.24,R_IndexTip,38.31,75.88,113.37,-0.30,-0.17,0.07,-0.94
96.24,R_MiddleTip,41.95,76.63,113.91,-0.21,-0.21,0.13,-0.95
96.24,R_RingTip,43.65,76.88,112.34,-0.22,-0.18,0.18,-0.94
96.24,R_LittleTip,45.22,76.49,108.69,-0.22,-0.24,0.27,-0.91
96.24,R_ThumbDistal,30.79,77.65,105.53,0.01,0.28,-0.54,-0.79
96.24,R_IndexIntermediate,36.97,78.57,109.39,-0.27,-0.14,0.06,-0.95
96.24,R_MiddleIntermediate,39.96,79.12,109.28,-0.23,-0.20,0.09,-0.95
96.24,R_RingIntermediate,41.87,79.17,107.73,-0.18,-0.22,0.16,-0.95
96.24,R_LittleIntermediate,43.47,78.70,105.17,-0.20,-0.30,0.25,-0.90
96.24,R_IndexProximal,35.90,79.92,105.71,-0.17,-0.14,0.02,-0.98
96.24,R_MiddleProximal,38.20,80.27,105.19,-0.12,-0.20,0.06,-0.97
96.24,R_ThumbProximal,31.83,78.56,102.19,-0.04,0.19,-0.49,-0.85
96.24,R_RingProximal,40.02,79.73,104.03,-0.05,-0.23,0.09,-0.97
96.24,L_LittleProximal,0.06,48.93,98.50,-0.83,-0.17,0.09,-0.52
96.26,Main Camera,-8.23,115.71,79.31,0.13,0.05,0.11,0.98
96.26,R_Palm,37.11,79.85,101.84,-0.02,-0.11,0.05,-0.99
96.26,R_ThumbTip,29.18,76.88,107.58,0.00,0.29,-0.52,-0.80
96.26,R_IndexTip,37.93,75.47,113.19,-0.30,-0.17,0.09,-0.93
96.26,R_MiddleTip,41.63,76.14,113.74,-0.20,-0.21,0.14,-0.95
96.26,R_RingTip,43.30,76.20,112.12,-0.22,-0.18,0.19,-0.94
96.26,R_LittleTip,44.84,75.75,108.46,-0.22,-0.25,0.28,-0.90
96.26,R_ThumbDistal,30.46,77.55,105.38,0.00,0.29,-0.52,-0.80
96.26,R_IndexIntermediate,36.66,78.21,109.22,-0.28,-0.14,0.08,-0.95
96.26,R_MiddleIntermediate,39.67,78.63,109.10,-0.23,-0.20,0.11,-0.95
96.26,R_RingIntermediate,41.56,78.57,107.54,-0.19,-0.22,0.17,-0.94
96.26,R_LittleIntermediate,43.11,78.04,104.97,-0.21,-0.30,0.27,-0.89
96.26,R_IndexProximal,35.62,79.65,105.57,-0.18,-0.14,0.04,-0.97
96.26,R_MiddleProximal,37.94,79.92,105.04,-0.13,-0.20,0.08,-0.97
96.26,R_ThumbProximal,31.51,78.48,102.05,-0.04,0.19,-0.47,-0.86
96.26,R_RingProximal,39.73,79.32,103.86,-0.07,-0.23,0.11,-0.96
96.26,L_LittleProximal,0.07,48.84,98.46,-0.83,-0.17,0.09,-0.51
96.27,Main Camera,-8.14,115.82,79.18,0.13,0.04,0.10,0.99
96.27,R_Palm,36.95,79.48,101.81,-0.04,-0.11,0.07,-0.99
96.27,R_ThumbTip,29.03,76.44,107.50,-0.01,0.29,-0.51,-0.81
96.27,R_IndexTip,37.70,74.80,113.05,-0.31,-0.17,0.10,-0.93
96.27,R_MiddleTip,41.45,75.43,113.63,-0.20,-0.22,0.15,-0.94
96.27,R_RingTip,43.06,75.26,111.94,-0.24,-0.19,0.21,-0.93
96.27,R_LittleTip,44.49,74.73,108.24,-0.24,-0.25,0.29,-0.89
96.27,R_ThumbDistal,30.31,77.16,105.31,-0.01,0.29,-0.51,-0.81
96.27,R_IndexIntermediate,36.47,77.64,109.13,-0.29,-0.14,0.09,-0.94
96.27,R_MiddleIntermediate,39.49,77.97,109.01,-0.23,-0.20,0.12,-0.94
96.27,R_RingIntermediate,41.35,77.82,107.44,-0.21,-0.22,0.18,-0.94
96.27,R_LittleIntermediate,42.85,77.24,104.86,-0.24,-0.30,0.28,-0.88
96.27,R_IndexProximal,35.46,79.21,105.53,-0.19,-0.14,0.05,-0.97
96.27,R_MiddleProximal,37.79,79.43,105.01,-0.15,-0.21,0.09,-0.96
96.27,R_ThumbProximal,31.35,78.19,102.01,-0.06,0.20,-0.46,-0.86
96.27,R_RingProximal,39.56,78.82,103.80,-0.10,-0.24,0.12,-0.96
96.27,L_LittleProximal,0.10,48.82,98.44,-0.83,-0.17,0.09,-0.51
96.28,Main Camera,-8.03,115.95,79.05,0.13,0.04,0.10,0.99
96.28,R_Palm,36.86,79.14,101.75,-0.05,-0.11,0.08,-0.99
96.28,R_ThumbTip,28.94,76.05,107.39,-0.02,0.30,-0.50,-0.81
96.28,R_IndexTip,37.57,74.23,112.91,-0.31,-0.17,0.11,-0.93
96.28,R_MiddleTip,41.36,74.82,113.49,-0.20,-0.22,0.16,-0.94
96.28,R_RingTip,42.92,74.52,111.75,-0.25,-0.19,0.21,-0.93
96.28,R_LittleTip,44.29,73.96,108.00,-0.25,-0.25,0.30,-0.88
96.28,R_ThumbDistal,30.22,76.82,105.22,-0.02,0.30,-0.50,-0.81
96.28,R_IndexIntermediate,36.37,77.12,109.02,-0.29,-0.14,0.10,-0.94
96.28,R_MiddleIntermediate,39.39,77.37,108.90,-0.24,-0.20,0.12,-0.94
96.28,R_RingIntermediate,41.22,77.17,107.30,-0.22,-0.22,0.19,-0.93
96.28,R_LittleIntermediate,42.68,76.60,104.71,-0.25,-0.30,0.28,-0.87
96.28,R_IndexProximal,35.38,78.81,105.47,-0.21,-0.14,0.06,-0.97
96.28,R_MiddleProximal,37.71,78.98,104.94,-0.16,-0.21,0.10,-0.96
96.28,R_ThumbProximal,31.25,77.94,101.94,-0.07,0.20,-0.45,-0.87
96.28,R_RingProximal,39.46,78.37,103.71,-0.12,-0.24,0.13,-0.96
96.28,L_LittleProximal,0.12,48.80,98.43,-0.84,-0.17,0.09,-0.51
96.30,Main Camera,-7.92,116.08,78.92,0.12,0.04,0.10,0.99
96.30,R_Palm,36.73,78.89,101.82,-0.06,-0.11,0.08,-0.99
96.30,R_ThumbTip,28.81,75.77,107.43,-0.03,0.30,-0.50,-0.81
96.30,R_IndexTip,37.39,73.94,112.98,-0.31,-0.17,0.11,-0.93
96.30,R_MiddleTip,41.19,74.47,113.55,-0.20,-0.22,0.16,-0.94
96.30,R_RingTip,42.73,74.09,111.77,-0.25,-0.19,0.21,-0.93
96.30,R_LittleTip,44.04,73.48,108.01,-0.26,-0.25,0.30,-0.88
96.30,R_ThumbDistal,30.09,76.56,105.27,-0.03,0.30,-0.50,-0.81
96.30,R_IndexIntermediate,36.21,76.82,109.07,-0.29,-0.14,0.10,-0.94
96.30,R_MiddleIntermediate,39.23,77.04,108.95,-0.24,-0.20,0.13,-0.94
96.30,R_RingIntermediate,41.04,76.79,107.35,-0.22,-0.22,0.19,-0.93
96.30,R_LittleIntermediate,42.48,76.19,104.76,-0.26,-0.30,0.29,-0.87
96.30,R_IndexProximal,35.24,78.54,105.53,-0.21,-0.14,0.07,-0.97
96.30,R_MiddleProximal,37.57,78.70,105.01,-0.17,-0.21,0.10,-0.96
96.30,R_ThumbProximal,31.13,77.70,102.00,-0.08,0.21,-0.45,-0.87
96.30,R_RingProximal,39.31,78.08,103.78,-0.13,-0.24,0.14,-0.95
96.30,L_LittleProximal,0.12,48.82,98.37,-0.84,-0.17,0.09,-0.51
96.31,Main Camera,-7.81,116.18,78.78,0.12,0.03,0.10,0.99
96.31,R_Palm,36.54,78.69,102.00,-0.06,-0.11,0.08,-0.99
96.31,R_ThumbTip,28.61,75.60,107.61,-0.02,0.30,-0.50,-0.81
96.31,R_IndexTip,37.20,73.85,113.22,-0.29,-0.17,0.11,-0.93
96.31,R_MiddleTip,40.98,74.35,113.77,-0.20,-0.22,0.16,-0.94
96.31,R_RingTip,42.53,73.95,112.00,-0.24,-0.19,0.21,-0.93
96.31,R_LittleTip,43.87,73.33,108.25,-0.26,-0.25,0.30,-0.88
96.31,R_ThumbDistal,29.90,76.38,105.45,-0.02,0.30,-0.50,-0.81
96.31,R_IndexIntermediate,36.00,76.65,109.26,-0.29,-0.14,0.10,-0.94
96.31,R_MiddleIntermediate,39.02,76.86,109.15,-0.23,-0.20,0.13,-0.94
96.31,R_RingIntermediate,40.83,76.59,107.54,-0.21,-0.22,0.19,-0.93
96.31,R_LittleIntermediate,42.27,75.98,104.96,-0.25,-0.30,0.28,-0.87
96.31,R_IndexProximal,35.04,78.36,105.71,-0.21,-0.14,0.07,-0.97
96.31,R_MiddleProximal,37.37,78.52,105.19,-0.17,-0.21,0.10,-0.96
96.31,R_ThumbProximal,30.94,77.51,102.18,-0.08,0.21,-0.45,-0.87
96.31,R_RingProximal,39.12,77.89,103.97,-0.13,-0.23,0.14,-0.95
96.31,L_LittleProximal,0.10,48.83,98.26,-0.84,-0.17,0.09,-0.51
96.32,Main Camera,-7.70,116.29,78.64,0.12,0.03,0.10,0.99
96.32,R_Palm,36.40,78.49,102.14,-0.06,-0.11,0.08,-0.99
96.32,R_ThumbTip,28.48,75.41,107.75,-0.02,0.30,-0.50,-0.81
96.32,R_IndexTip,37.08,73.75,113.41,-0.28,-0.17,0.11,-0.94
96.32,R_MiddleTip,40.86,74.22,113.94,-0.19,-0.22,0.16,-0.94
96.32,R_RingTip,42.42,73.81,112.17,-0.24,-0.19,0.21,-0.93
96.32,R_LittleTip,43.76,73.15,108.41,-0.25,-0.26,0.30,-0.89
96.32,R_ThumbDistal,29.76,76.18,105.59,-0.02,0.30,-0.50,-0.81
96.32,R_IndexIntermediate,35.86,76.46,109.40,-0.28,-0.14,0.10,-0.94
96.32,R_MiddleIntermediate,38.88,76.66,109.29,-0.23,-0.20,0.13,-0.94
96.32,R_RingIntermediate,40.69,76.37,107.68,-0.21,-0.22,0.19,-0.93
96.32,R_LittleIntermediate,42.12,75.75,105.11,-0.25,-0.30,0.28,-0.88
96.32,R_IndexProximal,34.91,78.17,105.85,-0.21,-0.14,0.07,-0.97
96.32,R_MiddleProximal,37.24,78.32,105.33,-0.17,-0.20,0.10,-0.96
96.32,R_ThumbProximal,30.81,77.31,102.32,-0.07,0.21,-0.45,-0.87
96.32,R_RingProximal,38.98,77.68,104.11,-0.13,-0.23,0.14,-0.95
96.32,L_LittleProximal,0.07,48.85,98.12,-0.84,-0.17,0.09,-0.51
96.34,Main Camera,-7.58,116.42,78.49,0.12,0.02,0.10,0.99
96.34,R_Palm,36.27,78.22,102.25,-0.05,-0.11,0.08,-0.99
96.34,R_ThumbTip,28.40,75.30,107.94,-0.02,0.29,-0.50,-0.82
96.34,R_IndexTip,36.96,73.67,113.62,-0.26,-0.17,0.11,-0.94
96.34,R_MiddleTip,40.73,74.11,114.12,-0.18,-0.22,0.16,-0.95
96.34,R_RingTip,42.31,73.69,112.35,-0.22,-0.19,0.21,-0.93
96.34,R_LittleTip,43.64,73.01,108.62,-0.24,-0.25,0.29,-0.89
96.34,R_ThumbDistal,29.67,76.02,105.75,-0.02,0.29,-0.50,-0.82
96.34,R_IndexIntermediate,35.71,76.23,109.52,-0.26,-0.14,0.10,-0.95
96.34,R_MiddleIntermediate,38.73,76.44,109.41,-0.22,-0.20,0.12,-0.95
96.34,R_RingIntermediate,40.54,76.14,107.81,-0.20,-0.22,0.19,-0.94
96.34,R_LittleIntermediate,41.96,75.52,105.25,-0.24,-0.30,0.28,-0.88
96.34,R_IndexProximal,34.77,77.92,105.96,-0.21,-0.13,0.07,-0.97
96.34,R_MiddleProximal,37.09,78.07,105.44,-0.16,-0.20,0.10,-0.96
96.34,R_ThumbProximal,30.70,77.08,102.45,-0.07,0.20,-0.45,-0.87
96.34,R_RingProximal,38.84,77.43,104.22,-0.13,-0.23,0.14,-0.95
96.34,L_LittleProximal,0.00,48.81,98.03,-0.84,-0.17,0.09,-0.51
96.35,Main Camera,-7.43,116.56,78.33,0.11,0.02,0.10,0.99
96.35,R_Palm,36.16,78.01,102.34,-0.05,-0.11,0.08,-0.99
96.35,R_ThumbTip,28.35,75.27,108.11,-0.01,0.28,-0.50,-0.82
96.35,R_IndexTip,36.87,73.68,113.81,-0.24,-0.17,0.10,-0.95
96.35,R_MiddleTip,40.62,74.12,114.29,-0.16,-0.22,0.15,-0.95
96.35,R_RingTip,42.23,73.69,112.53,-0.21,-0.19,0.21,-0.94
96.35,R_LittleTip,43.54,72.96,108.83,-0.22,-0.25,0.29,-0.90
96.35,R_ThumbDistal,29.61,75.93,105.90,-0.01,0.28,-0.50,-0.82
96.35,R_IndexIntermediate,35.59,76.09,109.63,-0.25,-0.14,0.10,-0.95
96.35,R_MiddleIntermediate,38.61,76.29,109.52,-0.20,-0.20,0.12,-0.95
96.35,R_RingIntermediate,40.42,75.98,107.93,-0.18,-0.22,0.19,-0.94
96.35,R_LittleIntermediate,41.84,75.35,105.40,-0.22,-0.30,0.27,-0.89
96.35,R_IndexProximal,34.65,77.73,106.04,-0.20,-0.13,0.06,-0.97
96.35,R_MiddleProximal,36.98,77.88,105.53,-0.16,-0.20,0.10,-0.96
96.35,R_ThumbProximal,30.62,76.91,102.57,-0.06,0.19,-0.45,-0.87
96.35,R_RingProximal,38.74,77.24,104.33,-0.12,-0.23,0.14,-0.96
96.35,L_LittleProximal,-0.09,48.78,97.95,-0.84,-0.17,0.09,-0.51
96.37,Main Camera,-7.30,116.71,78.16,0.11,0.02,0.10,0.99
96.37,R_Palm,36.43,77.32,102.43,-0.04,-0.11,0.08,-0.99
96.37,R_ThumbTip,28.88,75.18,108.50,0.01,0.25,-0.50,-0.83
96.37,R_IndexTip,37.22,73.32,114.03,-0.22,-0.17,0.10,-0.95
96.37,R_MiddleTip,40.88,73.74,114.49,-0.15,-0.21,0.15,-0.95
96.37,R_RingTip,42.47,73.30,112.76,-0.19,-0.18,0.20,-0.94
96.37,R_LittleTip,43.72,72.56,109.14,-0.21,-0.24,0.28,-0.91
96.37,R_ThumbDistal,30.07,75.66,106.20,0.01,0.25,-0.50,-0.83
96.37,R_IndexIntermediate,35.89,75.55,109.77,-0.23,-0.14,0.09,-0.96
96.37,R_MiddleIntermediate,38.87,75.76,109.66,-0.19,-0.20,0.12,-0.95
96.37,R_RingIntermediate,40.67,75.45,108.08,-0.17,-0.22,0.18,-0.94
96.37,R_LittleIntermediate,42.07,74.80,105.58,-0.21,-0.29,0.27,-0.90
96.37,R_IndexProximal,34.93,77.09,106.14,-0.19,-0.13,0.06,-0.97
96.37,R_MiddleProximal,37.26,77.26,105.63,-0.15,-0.20,0.10,-0.96
96.37,R_ThumbProximal,30.98,76.38,102.78,-0.03,0.16,-0.44,-0.88
96.37,R_RingProximal,39.02,76.61,104.43,-0.11,-0.22,0.13,-0.96
96.37,L_LittleProximal,-0.17,48.78,97.77,-0.84,-0.18,0.09,-0.51
96.38,Main Camera,-7.14,116.86,78.00,0.11,0.01,0.10,0.99
96.38,R_Palm,36.65,76.79,102.50,-0.03,-0.11,0.07,-0.99
96.38,R_ThumbTip,29.23,75.06,108.71,0.03,0.23,-0.50,-0.83
96.38,R_IndexTip,37.52,73.13,114.22,-0.20,-0.17,0.10,-0.96
96.38,R_MiddleTip,41.09,73.53,114.66,-0.13,-0.21,0.14,-0.96
96.38,R_RingTip,42.66,73.10,112.95,-0.18,-0.18,0.20,-0.95
96.38,R_LittleTip,43.92,72.34,109.37,-0.19,-0.23,0.28,-0.91
96.38,R_ThumbDistal,30.39,75.41,106.38,0.03,0.23,-0.50,-0.83
96.38,R_IndexIntermediate,36.14,75.17,109.87,-0.21,-0.14,0.09,-0.96
96.38,R_MiddleIntermediate,39.07,75.38,109.76,-0.17,-0.20,0.11,-0.96
96.38,R_RingIntermediate,40.87,75.07,108.20,-0.15,-0.21,0.18,-0.95
96.38,R_LittleIntermediate,42.26,74.42,105.72,-0.19,-0.28,0.27,-0.90
96.38,R_IndexProximal,35.15,76.61,106.21,-0.17,-0.14,0.06,-0.97
96.38,R_MiddleProximal,37.48,76.79,105.69,-0.14,-0.19,0.10,-0.97
96.38,R_ThumbProximal,31.24,75.96,102.90,-0.02,0.14,-0.44,-0.89
96.38,R_RingProximal,39.24,76.14,104.51,-0.10,-0.22,0.13,-0.96
96.38,L_LittleProximal,-0.26,48.79,97.59,-0.84,-0.18,0.08,-0.51
96.39,Main Camera,-6.99,117.02,77.82,0.10,0.01,0.10,0.99
96.39,R_Palm,36.73,76.48,102.62,-0.02,-0.11,0.06,-0.99
96.39,R_ThumbTip,29.38,75.04,108.92,0.05,0.22,-0.50,-0.84
96.39,R_IndexTip,37.75,73.21,114.47,-0.18,-0.18,0.08,-0.96
96.39,R_MiddleTip,41.15,73.52,114.88,-0.12,-0.20,0.13,-0.96
96.39,R_RingTip,42.67,73.16,113.21,-0.16,-0.17,0.18,-0.95
96.39,R_LittleTip,43.98,72.59,109.73,-0.17,-0.21,0.26,-0.93
96.39,R_ThumbDistal,30.52,75.29,106.56,0.05,0.22,-0.50,-0.84
96.39,R_IndexIntermediate,36.29,75.03,110.05,-0.19,-0.15,0.07,-0.97
96.39,R_MiddleIntermediate,39.14,75.22,109.93,-0.16,-0.19,0.10,-0.96
96.39,R_RingIntermediate,40.92,74.96,108.38,-0.14,-0.20,0.17,-0.95
96.39,R_LittleIntermediate,42.34,74.40,105.93,-0.17,-0.26,0.25,-0.92
96.39,R_IndexProximal,35.25,76.30,106.34,-0.15,-0.14,0.04,-0.98
96.39,R_MiddleProximal,37.57,76.53,105.82,-0.13,-0.19,0.08,-0.97
96.39,R_ThumbProximal,31.34,75.69,103.06,0.00,0.13,-0.44,-0.89
96.39,R_RingProximal,39.35,75.91,104.63,-0.09,-0.21,0.12,-0.97
96.39,L_LittleProximal,-0.35,48.73,97.30,-0.82,-0.18,0.08,-0.53
96.41,Main Camera,-6.82,117.19,77.64,0.10,0.01,0.09,0.99
96.41,R_Palm,36.81,76.21,102.70,-0.02,-0.11,0.05,-0.99
96.41,R_ThumbTip,29.54,75.03,109.06,0.06,0.20,-0.50,-0.84
96.41,R_IndexTip,37.95,73.26,114.64,-0.16,-0.18,0.07,-0.97
96.41,R_MiddleTip,41.22,73.56,115.06,-0.11,-0.20,0.12,-0.97
96.41,R_RingTip,42.73,73.26,113.41,-0.15,-0.16,0.17,-0.96
96.41,R_LittleTip,44.07,72.78,109.96,-0.14,-0.20,0.25,-0.94
96.41,R_ThumbDistal,30.66,75.19,106.69,0.06,0.20,-0.50,-0.84
96.41,R_IndexIntermediate,36.43,74.90,110.18,-0.17,-0.15,0.06,-0.97
96.41,R_MiddleIntermediate,39.22,75.10,110.05,-0.15,-0.19,0.09,-0.97
96.41,R_RingIntermediate,40.99,74.89,108.51,-0.13,-0.20,0.16,-0.96
96.41,R_LittleIntermediate,42.42,74.37,106.07,-0.14,-0.25,0.24,-0.93
96.41,R_IndexProximal,35.34,76.03,106.43,-0.14,-0.14,0.03,-0.98
96.41,R_MiddleProximal,37.66,76.31,105.90,-0.12,-0.18,0.07,-0.97
96.41,R_ThumbProximal,31.44,75.46,103.17,0.01,0.12,-0.44,-0.89
96.41,R_RingProximal,39.45,75.71,104.72,-0.08,-0.20,0.11,-0.97
96.41,L_LittleProximal,-0.44,48.67,97.03,-0.82,-0.19,0.08,-0.54
96.43,Main Camera,-6.62,117.37,77.42,0.09,0.00,0.09,0.99
96.43,R_Palm,36.89,75.96,102.76,-0.01,-0.11,0.04,-0.99
96.43,R_ThumbTip,29.69,75.02,109.18,0.07,0.19,-0.50,-0.84
96.43,R_IndexTip,38.12,73.27,114.76,-0.15,-0.18,0.07,-0.97
96.43,R_MiddleTip,41.29,73.62,115.20,-0.09,-0.19,0.11,-0.97
96.43,R_RingTip,42.79,73.35,113.57,-0.14,-0.16,0.16,-0.96
96.43,R_LittleTip,44.15,72.92,110.13,-0.12,-0.20,0.24,-0.94
96.43,R_ThumbDistal,30.79,75.10,106.78,0.07,0.19,-0.50,-0.84
96.43,R_IndexIntermediate,36.56,74.77,110.27,-0.16,-0.15,0.05,-0.97
96.43,R_MiddleIntermediate,39.29,74.98,110.14,-0.14,-0.18,0.08,-0.97
96.43,R_RingIntermediate,41.06,74.81,108.60,-0.11,-0.19,0.15,-0.96
96.43,R_LittleIntermediate,42.50,74.32,106.17,-0.13,-0.25,0.23,-0.93
96.43,R_IndexProximal,35.44,75.78,106.50,-0.12,-0.14,0.02,-0.98
96.43,R_MiddleProximal,37.74,76.10,105.96,-0.11,-0.18,0.07,-0.97
96.43,R_ThumbProximal,31.54,75.25,103.25,0.03,0.10,-0.44,-0.89
96.43,R_RingProximal,39.54,75.52,104.79,-0.07,-0.19,0.10,-0.97
96.43,L_LittleProximal,-0.50,48.63,96.80,-0.81,-0.19,0.08,-0.55
96.44,Main Camera,-6.42,117.55,77.21,0.09,0.00,0.09,0.99
96.44,R_Palm,36.88,76.03,102.75,-0.01,-0.11,0.03,-0.99
96.44,R_ThumbTip,29.76,74.94,109.18,0.07,0.19,-0.51,-0.83
96.44,R_IndexTip,38.19,73.55,114.79,-0.14,-0.18,0.06,-0.97
96.44,R_MiddleTip,41.30,73.89,115.23,-0.09,-0.19,0.10,-0.97
96.44,R_RingTip,42.73,73.62,113.60,-0.13,-0.15,0.15,-0.97
96.44,R_LittleTip,44.07,73.28,110.21,-0.11,-0.19,0.23,-0.95
96.44,R_ThumbDistal,30.83,75.05,106.77,0.07,0.19,-0.51,-0.83
96.44,R_IndexIntermediate,36.59,74.92,110.27,-0.15,-0.15,0.05,-0.98
96.44,R_MiddleIntermediate,39.29,75.15,110.14,-0.13,-0.18,0.07,-0.97
96.44,R_RingIntermediate,41.03,74.99,108.61,-0.11,-0.19,0.14,-0.97
96.44,R_LittleIntermediate,42.46,74.55,106.19,-0.11,-0.24,0.22,-0.94
96.44,R_IndexProximal,35.44,75.83,106.49,-0.11,-0.15,0.01,-0.98
96.44,R_MiddleProximal,37.74,76.19,105.94,-0.11,-0.18,0.06,-0.98
96.44,R_ThumbProximal,31.55,75.24,103.24,0.02,0.10,-0.45,-0.89
96.44,R_RingProximal,39.55,75.64,104.77,-0.06,-0.19,0.09,-0.98
96.44,L_LittleProximal,-0.59,48.73,96.75,-0.80,-0.20,0.07,-0.57
96.45,Main Camera,-6.23,117.72,76.98,0.09,0.00,0.08,0.99
96.45,R_Palm,36.87,76.08,102.73,-0.01,-0.11,0.03,-0.99
96.45,R_ThumbTip,29.79,74.91,109.17,0.06,0.19,-0.51,-0.83
96.45,R_IndexTip,38.23,73.64,114.78,-0.13,-0.18,0.05,-0.97
96.45,R_MiddleTip,41.29,73.99,115.22,-0.08,-0.19,0.10,-0.97
96.45,R_RingTip,42.68,73.71,113.60,-0.13,-0.15,0.15,-0.97
96.45,R_LittleTip,43.99,73.44,110.24,-0.11,-0.18,0.22,-0.95
96.45,R_ThumbDistal,30.85,75.04,106.77,0.06,0.19,-0.51,-0.83
96.45,R_IndexIntermediate,36.60,74.98,110.25,-0.14,-0.16,0.04,-0.98
96.45,R_MiddleIntermediate,39.29,75.21,110.12,-0.13,-0.18,0.07,-0.97
96.45,R_RingIntermediate,41.01,75.06,108.60,-0.11,-0.18,0.13,-0.97
96.45,R_LittleIntermediate,42.41,74.64,106.18,-0.11,-0.23,0.21,-0.94
96.45,R_IndexProximal,35.43,75.86,106.47,-0.11,-0.15,0.01,-0.98
96.45,R_MiddleProximal,37.73,76.23,105.93,-0.10,-0.18,0.05,-0.98
96.45,R_ThumbProximal,31.54,75.26,103.22,0.02,0.10,-0.45,-0.89
96.45,R_RingProximal,39.54,75.70,104.74,-0.06,-0.19,0.09,-0.98
96.45,L_LittleProximal,-0.61,48.79,96.58,-0.77,-0.21,0.06,-0.60
96.46,Main Camera,-6.02,117.88,76.74,0.08,0.00,0.08,0.99
96.46,R_Palm,36.82,76.23,102.72,-0.01,-0.11,0.03,-0.99
96.46,R_ThumbTip,29.76,75.02,109.18,0.06,0.19,-0.52,-0.83
96.46,R_IndexTip,38.20,73.78,114.76,-0.13,-0.19,0.05,-0.97
96.46,R_MiddleTip,41.25,74.14,115.21,-0.08,-0.19,0.10,-0.97
96.46,R_RingTip,42.61,73.89,113.61,-0.13,-0.15,0.15,-0.97
96.46,R_LittleTip,43.89,73.67,110.27,-0.10,-0.18,0.22,-0.95
96.46,R_ThumbDistal,30.82,75.16,106.76,0.06,0.19,-0.52,-0.83
96.46,R_IndexIntermediate,36.56,75.12,110.24,-0.15,-0.16,0.04,-0.98
96.46,R_MiddleIntermediate,39.24,75.36,110.12,-0.13,-0.18,0.07,-0.97
96.46,R_RingIntermediate,40.94,75.21,108.59,-0.11,-0.18,0.13,-0.97
96.46,R_LittleIntermediate,42.33,74.81,106.19,-0.10,-0.23,0.21,-0.95
96.46,R_IndexProximal,35.39,76.01,106.46,-0.11,-0.15,0.01,-0.98
96.46,R_MiddleProximal,37.68,76.38,105.92,-0.10,-0.18,0.05,-0.98
96.46,R_ThumbProximal,31.49,75.40,103.22,0.01,0.10,-0.45,-0.89
96.46,R_RingProximal,39.49,75.86,104.73,-0.06,-0.18,0.09,-0.98
96.46,L_LittleProximal,-0.76,48.88,96.53,-0.76,-0.21,0.05,-0.62
96.48,Main Camera,-5.80,118.05,76.49,0.08,0.00,0.07,0.99
96.48,R_Palm,36.77,76.36,102.72,-0.01,-0.11,0.03,-0.99
96.48,R_ThumbTip,29.74,75.12,109.18,0.06,0.19,-0.52,-0.83
96.48,R_IndexTip,38.18,73.92,114.76,-0.13,-0.19,0.05,-0.97
96.48,R_MiddleTip,41.19,74.28,115.21,-0.08,-0.19,0.10,-0.97
96.48,R_RingTip,42.53,74.06,113.62,-0.12,-0.15,0.14,-0.97
96.48,R_LittleTip,43.77,73.89,110.31,-0.10,-0.17,0.21,-0.96
96.48,R_ThumbDistal,30.78,75.27,106.77,0.06,0.19,-0.52,-0.83
96.48,R_IndexIntermediate,36.52,75.25,110.24,-0.14,-0.16,0.04,-0.98
96.48,R_MiddleIntermediate,39.19,75.49,110.12,-0.13,-0.18,0.07,-0.97
96.48,R_RingIntermediate,40.87,75.35,108.59,-0.10,-0.18,0.13,-0.97
96.48,R_LittleIntermediate,42.24,74.97,106.20,-0.10,-0.22,0.21,-0.95
96.48,R_IndexProximal,35.34,76.13,106.46,-0.11,-0.15,0.01,-0.98
96.48,R_MiddleProximal,37.63,76.51,105.91,-0.10,-0.18,0.05,-0.98
96.48,R_ThumbProximal,31.44,75.53,103.22,0.01,0.10,-0.45,-0.89
96.48,R_RingProximal,39.44,75.99,104.73,-0.06,-0.18,0.09,-0.98
96.48,L_LittleProximal,-0.91,48.97,96.47,-0.75,-0.21,0.04,-0.63
96.49,Main Camera,-5.58,118.21,76.24,0.08,0.00,0.07,0.99
96.49,R_Palm,36.68,76.56,102.75,-0.01,-0.11,0.03,-0.99
96.49,R_ThumbTip,29.66,75.30,109.22,0.06,0.19,-0.52,-0.83
96.49,R_IndexTip,38.11,74.11,114.79,-0.13,-0.19,0.05,-0.97
96.49,R_MiddleTip,41.11,74.48,115.24,-0.08,-0.19,0.10,-0.97
96.49,R_RingTip,42.44,74.27,113.66,-0.12,-0.15,0.14,-0.97
96.49,R_LittleTip,43.66,74.12,110.35,-0.09,-0.17,0.21,-0.96
96.49,R_ThumbDistal,30.70,75.46,106.80,0.06,0.19,-0.52,-0.83
96.49,R_IndexIntermediate,36.45,75.44,110.27,-0.14,-0.16,0.04,-0.98
96.49,R_MiddleIntermediate,39.10,75.68,110.15,-0.13,-0.18,0.07,-0.97
96.49,R_RingIntermediate,40.78,75.54,108.62,-0.10,-0.18,0.13,-0.97
96.49,R_LittleIntermediate,42.14,75.16,106.23,-0.09,-0.22,0.21,-0.95
96.49,R_IndexProximal,35.25,76.32,106.50,-0.11,-0.15,0.01,-0.98
96.49,R_MiddleProximal,37.55,76.70,105.95,-0.10,-0.18,0.05,-0.98
96.49,R_ThumbProximal,31.35,75.72,103.26,0.01,0.10,-0.45,-0.89
96.49,R_RingProximal,39.35,76.18,104.75,-0.06,-0.18,0.09,-0.98
96.49,L_LittleProximal,-1.41,49.25,96.27,-0.73,-0.22,0.03,-0.65
96.51,Main Camera,-5.36,118.42,76.00,0.07,-0.01,0.06,1.00
96.51,R_Palm,36.61,76.69,102.78,-0.01,-0.11,0.03,-0.99
96.51,R_ThumbTip,29.60,75.42,109.26,0.05,0.19,-0.52,-0.83
96.51,R_IndexTip,38.07,74.25,114.81,-0.13,-0.19,0.05,-0.97
96.51,R_MiddleTip,41.04,74.61,115.27,-0.08,-0.19,0.10,-0.97
96.51,R_RingTip,42.36,74.43,113.69,-0.12,-0.15,0.14,-0.97
96.51,R_LittleTip,43.55,74.31,110.40,-0.09,-0.17,0.21,-0.96
96.51,R_ThumbDistal,30.64,75.58,106.84,0.05,0.19,-0.52,-0.83
96.51,R_IndexIntermediate,36.39,75.57,110.30,-0.14,-0.16,0.04,-0.98
96.51,R_MiddleIntermediate,39.03,75.81,110.17,-0.13,-0.18,0.06,-0.97
96.51,R_RingIntermediate,40.71,75.67,108.65,-0.10,-0.18,0.13,-0.97
96.51,R_LittleIntermediate,42.05,75.31,106.26,-0.09,-0.22,0.21,-0.95
96.51,R_IndexProximal,35.19,76.44,106.53,-0.11,-0.15,0.01,-0.98
96.51,R_MiddleProximal,37.48,76.83,105.97,-0.10,-0.18,0.05,-0.98
96.51,R_ThumbProximal,31.28,75.85,103.29,0.01,0.10,-0.45,-0.89
96.51,R_RingProximal,39.29,76.32,104.78,-0.06,-0.18,0.09,-0.98
96.51,L_LittleProximal,-1.83,49.48,96.07,-0.72,-0.22,0.02,-0.66
96.52,Main Camera,-5.11,118.60,75.75,0.07,-0.01,0.06,1.00
96.52,R_Palm,36.56,76.79,102.76,-0.01,-0.11,0.03,-0.99
96.52,R_ThumbTip,29.56,75.51,109.25,0.06,0.19,-0.52,-0.83
96.52,R_IndexTip,38.07,74.36,114.79,-0.13,-0.19,0.05,-0.97
96.52,R_MiddleTip,41.01,74.69,115.25,-0.08,-0.19,0.09,-0.97
96.52,R_RingTip,42.33,74.53,113.67,-0.12,-0.15,0.14,-0.97
96.52,R_LittleTip,43.51,74.41,110.37,-0.09,-0.17,0.21,-0.96
96.52,R_ThumbDistal,30.61,75.67,106.84,0.06,0.19,-0.52,-0.83
96.52,R_IndexIntermediate,36.37,75.66,110.29,-0.14,-0.16,0.04,-0.98
96.52,R_MiddleIntermediate,39.00,75.89,110.15,-0.13,-0.18,0.06,-0.97
96.52,R_RingIntermediate,40.67,75.76,108.62,-0.10,-0.18,0.13,-0.97
96.52,R_LittleIntermediate,42.00,75.40,106.23,-0.09,-0.22,0.20,-0.95
96.52,R_IndexProximal,35.15,76.53,106.52,-0.11,-0.15,0.01,-0.98
96.52,R_MiddleProximal,37.44,76.92,105.96,-0.11,-0.18,0.05,-0.98
96.52,R_ThumbProximal,31.23,75.95,103.29,0.01,0.09,-0.45,-0.89
96.52,R_RingProximal,39.25,76.41,104.76,-0.06,-0.18,0.09,-0.98
96.52,L_LittleProximal,-2.16,49.68,95.86,-0.71,-0.22,0.01,-0.67
96.53,Main Camera,-4.89,118.80,75.49,0.06,-0.01,0.06,1.00
96.53,R_Palm,36.49,76.89,102.75,-0.01,-0.12,0.03,-0.99
96.53,R_ThumbTip,29.49,75.62,109.25,0.06,0.19,-0.51,-0.83
96.53,R_IndexTip,38.04,74.50,114.79,-0.13,-0.19,0.05,-0.97
96.53,R_MiddleTip,40.96,74.80,115.24,-0.08,-0.19,0.09,-0.97
96.53,R_RingTip,42.28,74.63,113.65,-0.12,-0.15,0.14,-0.97
96.53,R_LittleTip,43.45,74.51,110.34,-0.08,-0.17,0.21,-0.96
96.53,R_ThumbDistal,30.55,75.77,106.85,0.06,0.19,-0.51,-0.83
96.53,R_IndexIntermediate,36.33,75.78,110.28,-0.14,-0.16,0.04,-0.98
96.53,R_MiddleIntermediate,38.94,75.99,110.14,-0.13,-0.18,0.06,-0.97
96.53,R_RingIntermediate,40.61,75.85,108.60,-0.10,-0.18,0.13,-0.97
96.53,R_LittleIntermediate,41.93,75.49,106.20,-0.09,-0.22,0.20,-0.95
96.53,R_IndexProximal,35.10,76.63,106.51,-0.11,-0.16,0.01,-0.98
96.53,R_MiddleProximal,37.39,77.01,105.95,-0.11,-0.18,0.05,-0.98
96.53,R_ThumbProximal,31.17,76.05,103.29,0.00,0.09,-0.45,-0.89
96.53,R_RingProximal,39.19,76.51,104.74,-0.06,-0.18,0.09,-0.98
96.53,L_LittleProximal,-2.36,49.84,95.67,-0.71,-0.21,0.00,-0.67
96.55,Main Camera,-4.65,118.96,75.21,0.06,-0.01,0.05,1.00
96.55,R_Palm,36.44,76.95,102.73,-0.02,-0.12,0.03,-0.99
96.55,R_ThumbTip,29.44,75.69,109.23,0.06,0.19,-0.51,-0.83
96.55,R_IndexTip,38.01,74.59,114.77,-0.13,-0.19,0.05,-0.97
96.55,R_MiddleTip,40.90,74.88,115.22,-0.08,-0.19,0.09,-0.97
96.55,R_RingTip,42.23,74.69,113.62,-0.12,-0.15,0.14,-0.97
96.55,R_LittleTip,43.41,74.57,110.30,-0.08,-0.17,0.21,-0.96
96.55,R_ThumbDistal,30.51,75.84,106.83,0.06,0.19,-0.51,-0.83
96.55,R_IndexIntermediate,36.29,75.85,110.26,-0.14,-0.16,0.04,-0.98
96.55,R_MiddleIntermediate,38.89,76.05,110.12,-0.12,-0.18,0.06,-0.97
96.55,R_RingIntermediate,40.56,75.90,108.57,-0.10,-0.18,0.13,-0.97
96.55,R_LittleIntermediate,41.89,75.55,106.17,-0.09,-0.22,0.20,-0.95
96.55,R_IndexProximal,35.05,76.68,106.48,-0.10,-0.16,0.01,-0.98
96.55,R_MiddleProximal,37.34,77.07,105.92,-0.10,-0.18,0.05,-0.98
96.55,R_ThumbProximal,31.12,76.12,103.27,0.00,0.09,-0.45,-0.89
96.55,R_RingProximal,39.14,76.56,104.71,-0.07,-0.18,0.09,-0.98
96.55,L_LittleProximal,-2.55,49.92,95.59,-0.71,-0.22,0.00,-0.67
96.56,Main Camera,-4.39,119.15,74.93,0.06,-0.01,0.05,1.00
96.56,R_Palm,36.44,76.96,102.72,-0.02,-0.12,0.03,-0.99
96.56,R_ThumbTip,29.44,75.71,109.22,0.06,0.19,-0.51,-0.83
96.56,R_IndexTip,38.02,74.66,114.77,-0.12,-0.19,0.05,-0.97
96.56,R_MiddleTip,40.90,74.94,115.23,-0.07,-0.19,0.09,-0.97
96.56,R_RingTip,42.23,74.70,113.61,-0.11,-0.15,0.14,-0.97
96.56,R_LittleTip,43.41,74.58,110.29,-0.08,-0.17,0.21,-0.96
96.56,R_ThumbDistal,30.51,75.85,106.82,0.06,0.19,-0.51,-0.83
96.56,R_IndexIntermediate,36.30,75.88,110.25,-0.13,-0.17,0.04,-0.98
96.56,R_MiddleIntermediate,38.89,76.08,110.12,-0.12,-0.18,0.06,-0.97
96.56,R_RingIntermediate,40.56,75.91,108.56,-0.10,-0.18,0.13,-0.97
96.56,R_LittleIntermediate,41.88,75.55,106.15,-0.09,-0.22,0.20,-0.95
96.56,R_IndexProximal,35.05,76.69,106.48,-0.10,-0.16,0.01,-0.98
96.56,R_MiddleProximal,37.34,77.08,105.91,-0.10,-0.18,0.05,-0.98
96.56,R_ThumbProximal,31.11,76.14,103.27,0.00,0.09,-0.45,-0.89
96.56,R_RingProximal,39.14,76.57,104.70,-0.07,-0.18,0.09,-0.98
96.56,L_LittleProximal,-2.68,49.94,95.59,-0.72,-0.22,-0.01,-0.66
96.57,Main Camera,-4.14,119.33,74.64,0.05,-0.01,0.04,1.00
96.57,R_Palm,36.44,76.96,102.71,-0.02,-0.12,0.03,-0.99
96.57,R_ThumbTip,29.43,75.72,109.22,0.06,0.19,-0.51,-0.83
96.57,R_IndexTip,38.04,74.71,114.78,-0.12,-0.19,0.05,-0.97
96.57,R_MiddleTip,40.90,75.00,115.24,-0.07,-0.19,0.09,-0.97
96.57,R_RingTip,42.22,74.71,113.61,-0.11,-0.15,0.14,-0.97
96.57,R_LittleTip,43.40,74.59,110.28,-0.08,-0.17,0.21,-0.96
96.57,R_ThumbDistal,30.51,75.86,106.82,0.06,0.19,-0.51,-0.83
96.57,R_IndexIntermediate,36.31,75.90,110.25,-0.13,-0.17,0.04,-0.98
96.57,R_MiddleIntermediate,38.89,76.10,110.12,-0.12,-0.18,0.06,-0.97
96.57,R_RingIntermediate,40.55,75.90,108.56,-0.10,-0.18,0.13,-0.97
96.57,R_LittleIntermediate,41.87,75.55,106.15,-0.09,-0.22,0.20,-0.95
96.57,R_IndexProximal,35.05,76.69,106.47,-0.10,-0.16,0.01,-0.98
96.57,R_MiddleProximal,37.34,77.07,105.90,-0.10,-0.18,0.05,-0.98
96.57,R_ThumbProximal,31.11,76.15,103.27,0.00,0.09,-0.45,-0.89
96.57,R_RingProximal,39.14,76.57,104.69,-0.07,-0.18,0.09,-0.98
96.57,L_LittleProximal,-2.80,49.96,95.58,-0.72,-0.22,-0.01,-0.66
96.59,Main Camera,-3.90,119.52,74.34,0.05,-0.01,0.03,1.00
96.59,R_Palm,36.44,76.96,102.71,-0.02,-0.12,0.03,-0.99
96.59,R_ThumbTip,29.43,75.74,109.22,0.06,0.19,-0.51,-0.83
96.59,R_IndexTip,38.05,74.76,114.78,-0.12,-0.19,0.05,-0.97
96.59,R_MiddleTip,40.89,75.04,115.25,-0.07,-0.19,0.09,-0.98
96.59,R_RingTip,42.21,74.73,113.61,-0.11,-0.15,0.14,-0.97
96.59,R_LittleTip,43.38,74.60,110.28,-0.08,-0.17,0.21,-0.96
96.59,R_ThumbDistal,30.51,75.86,106.82,0.06,0.19,-0.51,-0.83
96.59,R_IndexIntermediate,36.31,75.92,110.25,-0.13,-0.17,0.04,-0.98
96.59,R_MiddleIntermediate,38.89,76.12,110.12,-0.12,-0.18,0.06,-0.97
96.59,R_RingIntermediate,40.54,75.90,108.55,-0.09,-0.18,0.13,-0.97
96.59,R_LittleIntermediate,41.86,75.55,106.14,-0.09,-0.21,0.20,-0.95
96.59,R_IndexProximal,35.06,76.68,106.47,-0.09,-0.16,0.01,-0.98
96.59,R_MiddleProximal,37.35,77.07,105.90,-0.10,-0.18,0.05,-0.98
96.59,R_ThumbProximal,31.11,76.15,103.27,0.00,0.09,-0.45,-0.89
96.59,R_RingProximal,39.14,76.56,104.68,-0.07,-0.18,0.09,-0.98
96.59,L_LittleProximal,-2.93,50.00,95.55,-0.72,-0.22,-0.01,-0.66
96.61,Main Camera,-3.61,119.68,74.04,0.05,-0.01,0.03,1.00
96.61,R_Palm,36.46,76.95,102.71,-0.02,-0.12,0.03,-0.99
96.61,R_ThumbTip,29.45,75.72,109.22,0.06,0.19,-0.51,-0.84
96.61,R_IndexTip,38.08,74.74,114.78,-0.12,-0.19,0.05,-0.97
96.61,R_MiddleTip,40.89,75.06,115.26,-0.07,-0.19,0.09,-0.98
96.61,R_RingTip,42.21,74.73,113.61,-0.11,-0.15,0.14,-0.97
96.61,R_LittleTip,43.36,74.61,110.30,-0.08,-0.16,0.21,-0.96
96.61,R_ThumbDistal,30.54,75.85,106.82,0.06,0.19,-0.51,-0.84
96.61,R_IndexIntermediate,36.33,75.90,110.25,-0.13,-0.17,0.04,-0.98
96.61,R_MiddleIntermediate,38.90,76.11,110.12,-0.11,-0.18,0.06,-0.98
96.61,R_RingIntermediate,40.55,75.87,108.55,-0.09,-0.18,0.13,-0.97
96.61,R_LittleIntermediate,41.86,75.53,106.14,-0.08,-0.21,0.20,-0.95
96.61,R_IndexProximal,35.08,76.66,106.47,-0.09,-0.16,0.01,-0.98
96.61,R_MiddleProximal,37.37,77.04,105.89,-0.10,-0.18,0.05,-0.98
96.61,R_ThumbProximal,31.13,76.14,103.27,0.00,0.09,-0.45,-0.89
96.61,R_RingProximal,39.16,76.54,104.68,-0.07,-0.18,0.09,-0.98
96.61,L_LittleProximal,-3.14,50.01,95.55,-0.72,-0.22,-0.02,-0.66
96.62,Main Camera,-3.35,119.86,73.74,0.05,-0.01,0.03,1.00
96.62,R_Palm,36.46,76.93,102.71,-0.02,-0.12,0.03,-0.99
96.62,R_ThumbTip,29.44,75.70,109.22,0.06,0.20,-0.51,-0.84
96.62,R_IndexTip,38.08,74.73,114.79,-0.11,-0.19,0.05,-0.97
96.62,R_MiddleTip,40.86,75.12,115.29,-0.06,-0.19,0.09,-0.98
96.62,R_RingTip,42.16,74.75,113.64,-0.11,-0.14,0.14,-0.97
96.62,R_LittleTip,43.30,74.63,110.33,-0.08,-0.16,0.21,-0.96
96.62,R_ThumbDistal,30.54,75.83,106.83,0.06,0.20,-0.51,-0.84
96.62,R_IndexIntermediate,36.33,75.88,110.25,-0.13,-0.17,0.04,-0.98
96.62,R_MiddleIntermediate,38.88,76.12,110.14,-0.11,-0.18,0.06,-0.98
96.62,R_RingIntermediate,40.53,75.86,108.57,-0.09,-0.18,0.13,-0.97
96.62,R_LittleIntermediate,41.83,75.53,106.16,-0.08,-0.21,0.20,-0.95
96.62,R_IndexProximal,35.08,76.64,106.47,-0.09,-0.16,0.01,-0.98
96.62,R_MiddleProximal,37.36,77.03,105.90,-0.09,-0.17,0.05,-0.98
96.62,R_ThumbProximal,31.14,76.12,103.27,0.00,0.09,-0.45,-0.89
96.62,R_RingProximal,39.16,76.52,104.68,-0.07,-0.17,0.09,-0.98
96.62,L_LittleProximal,-3.60,50.31,95.71,-0.72,-0.24,-0.03,-0.65
96.63,Main Camera,-3.08,120.02,73.42,0.04,-0.01,0.02,1.00
96.63,R_Palm,36.44,76.94,102.72,-0.02,-0.12,0.03,-0.99
96.63,R_ThumbTip,29.43,75.71,109.22,0.06,0.20,-0.51,-0.83
96.63,R_IndexTip,38.07,74.76,114.80,-0.11,-0.19,0.05,-0.97
96.63,R_MiddleTip,40.81,75.22,115.33,-0.06,-0.18,0.09,-0.98
96.63,R_RingTip,42.09,74.81,113.68,-0.10,-0.14,0.14,-0.98
96.63,R_LittleTip,43.19,74.69,110.38,-0.07,-0.15,0.21,-0.96
96.63,R_ThumbDistal,30.52,75.83,106.83,0.06,0.20,-0.51,-0.83
96.63,R_IndexIntermediate,36.32,75.89,110.26,-0.12,-0.17,0.04,-0.98
96.63,R_MiddleIntermediate,38.85,76.16,110.16,-0.11,-0.18,0.06,-0.98
96.63,R_RingIntermediate,40.48,75.88,108.58,-0.09,-0.17,0.13,-0.97
96.63,R_LittleIntermediate,41.77,75.54,106.18,-0.08,-0.20,0.20,-0.96
96.63,R_IndexProximal,35.06,76.64,106.48,-0.09,-0.16,0.01,-0.98
96.63,R_MiddleProximal,37.35,77.03,105.91,-0.09,-0.17,0.05,-0.98
96.63,R_ThumbProximal,31.12,76.13,103.28,0.00,0.09,-0.45,-0.89
96.63,R_RingProximal,39.14,76.53,104.69,-0.06,-0.17,0.09,-0.98
96.63,L_LittleProximal,-4.07,50.54,95.86,-0.72,-0.26,-0.04,-0.64
96.65,Main Camera,-2.79,120.19,73.11,0.04,-0.02,0.02,1.00
96.65,R_Palm,36.42,76.94,102.72,-0.02,-0.12,0.03,-0.99
96.65,R_ThumbTip,29.42,75.71,109.23,0.07,0.20,-0.51,-0.83
96.65,R_IndexTip,38.05,74.80,114.81,-0.11,-0.19,0.05,-0.97
96.65,R_MiddleTip,40.76,75.32,115.37,-0.05,-0.18,0.09,-0.98
96.65,R_RingTip,42.03,74.88,113.71,-0.10,-0.14,0.14,-0.98
96.65,R_LittleTip,43.10,74.74,110.42,-0.07,-0.15,0.20,-0.97
96.65,R_ThumbDistal,30.51,75.84,106.84,0.07,0.20,-0.51,-0.83
96.65,R_IndexIntermediate,36.30,75.91,110.27,-0.12,-0.17,0.04,-0.98
96.65,R_MiddleIntermediate,38.82,76.20,110.18,-0.10,-0.17,0.06,-0.98
96.65,R_RingIntermediate,40.44,75.89,108.60,-0.08,-0.17,0.12,-0.97
96.65,R_LittleIntermediate,41.72,75.56,106.20,-0.08,-0.20,0.20,-0.96
96.65,R_IndexProximal,35.04,76.64,106.48,-0.09,-0.16,0.01,-0.98
96.65,R_MiddleProximal,37.33,77.03,105.91,-0.08,-0.17,0.04,-0.98
96.65,R_ThumbProximal,31.11,76.13,103.28,0.00,0.09,-0.45,-0.89
96.65,R_RingProximal,39.12,76.53,104.69,-0.06,-0.17,0.09,-0.98
96.65,L_LittleProximal,-4.48,50.75,95.97,-0.72,-0.28,-0.05,-0.63
96.66,Main Camera,-2.53,120.36,72.79,0.04,-0.02,0.01,1.00
96.66,R_Palm,36.40,76.94,102.71,-0.02,-0.12,0.03,-0.99
96.66,R_ThumbTip,29.41,75.74,109.22,0.07,0.19,-0.51,-0.84
96.66,R_IndexTip,38.04,74.80,114.79,-0.11,-0.20,0.05,-0.97
96.66,R_MiddleTip,40.72,75.34,115.36,-0.05,-0.18,0.09,-0.98
96.66,R_RingTip,41.96,74.90,113.71,-0.10,-0.14,0.13,-0.98
96.66,R_LittleTip,42.98,74.79,110.44,-0.07,-0.14,0.20,-0.97
96.66,R_ThumbDistal,30.50,75.86,106.83,0.07,0.19,-0.51,-0.84
96.66,R_IndexIntermediate,36.29,75.90,110.25,-0.12,-0.17,0.04,-0.98
96.66,R_MiddleIntermediate,38.79,76.20,110.17,-0.10,-0.17,0.06,-0.98
96.66,R_RingIntermediate,40.40,75.89,108.59,-0.08,-0.17,0.12,-0.97
96.66,R_LittleIntermediate,41.65,75.57,106.19,-0.07,-0.19,0.20,-0.96
96.66,R_IndexProximal,35.02,76.63,106.47,-0.09,-0.16,0.01,-0.98
96.66,R_MiddleProximal,37.31,77.02,105.90,-0.08,-0.17,0.04,-0.98
96.66,R_ThumbProximal,31.09,76.14,103.27,0.00,0.09,-0.45,-0.89
96.66,R_RingProximal,39.10,76.53,104.67,-0.06,-0.16,0.09,-0.98
96.66,L_LittleProximal,-4.96,50.83,95.93,-0.72,-0.28,-0.09,-0.63
96.67,Main Camera,-2.25,120.54,72.48,0.04,-0.02,0.01,1.00
96.67,R_Palm,36.37,76.95,102.69,-0.02,-0.12,0.03,-0.99
96.67,R_ThumbTip,29.39,75.77,109.21,0.07,0.19,-0.51,-0.84
96.67,R_IndexTip,38.02,74.79,114.76,-0.11,-0.20,0.05,-0.97
96.67,R_MiddleTip,40.66,75.36,115.35,-0.05,-0.18,0.09,-0.98
96.67,R_RingTip,41.88,74.91,113.71,-0.09,-0.13,0.13,-0.98
96.67,R_LittleTip,42.86,74.84,110.45,-0.06,-0.13,0.20,-0.97
96.67,R_ThumbDistal,30.48,75.88,106.81,0.07,0.19,-0.51,-0.84
96.67,R_IndexIntermediate,36.26,75.90,110.23,-0.12,-0.17,0.04,-0.98
96.67,R_MiddleIntermediate,38.74,76.20,110.15,-0.10,-0.17,0.06,-0.98
96.67,R_RingIntermediate,40.34,75.89,108.57,-0.08,-0.16,0.12,-0.98
96.67,R_LittleIntermediate,41.57,75.58,106.18,-0.07,-0.18,0.20,-0.96
96.67,R_IndexProximal,34.99,76.63,106.44,-0.09,-0.16,0.01,-0.98
96.67,R_MiddleProximal,37.28,77.02,105.87,-0.08,-0.17,0.04,-0.98
96.67,R_ThumbProximal,31.06,76.16,103.26,0.00,0.09,-0.45,-0.89
96.67,R_RingProximal,39.07,76.53,104.65,-0.06,-0.16,0.09,-0.98
96.67,L_LittleProximal,-5.38,50.94,95.92,-0.72,-0.29,-0.12,-0.63
96.69,Main Camera,-1.96,120.70,72.16,0.03,-0.02,0.00,1.00
96.69,R_Palm,36.33,76.96,102.67,-0.02,-0.12,0.03,-0.99
96.69,R_ThumbTip,29.37,75.79,109.21,0.07,0.19,-0.51,-0.84
96.69,R_IndexTip,38.00,74.78,114.74,-0.11,-0.20,0.05,-0.97
96.69,R_MiddleTip,40.61,75.35,115.34,-0.05,-0.18,0.09,-0.98
96.69,R_RingTip,41.81,74.91,113.70,-0.09,-0.13,0.13,-0.98
96.69,R_LittleTip,42.76,74.88,110.45,-0.06,-0.13,0.20,-0.97
96.69,R_ThumbDistal,30.46,75.90,106.81,0.07,0.19,-0.51,-0.84
96.69,R_IndexIntermediate,36.23,75.89,110.21,-0.12,-0.17,0.04,-0.98
96.69,R_MiddleIntermediate,38.70,76.19,110.14,-0.10,-0.17,0.06,-0.98
96.69,R_RingIntermediate,40.29,75.89,108.56,-0.08,-0.16,0.12,-0.98
96.69,R_LittleIntermediate,41.51,75.60,106.17,-0.07,-0.18,0.20,-0.96
96.69,R_IndexProximal,34.95,76.64,106.43,-0.09,-0.16,0.01,-0.98
96.69,R_MiddleProximal,37.24,77.02,105.86,-0.08,-0.17,0.04,-0.98
96.69,R_ThumbProximal,31.03,76.18,103.25,0.00,0.09,-0.45,-0.89
96.69,R_RingProximal,39.03,76.53,104.63,-0.06,-0.16,0.09,-0.98
96.69,L_LittleProximal,-5.70,50.90,95.76,-0.71,-0.29,-0.14,-0.62
96.71,Main Camera,-1.40,121.04,71.55,0.03,-0.02,-0.01,1.00
96.71,R_Palm,36.31,76.97,102.65,-0.03,-0.12,0.03,-0.99
96.71,R_ThumbTip,29.40,75.76,109.21,0.06,0.19,-0.51,-0.84
96.71,R_IndexTip,38.04,74.77,114.71,-0.11,-0.20,0.05,-0.97
96.71,R_MiddleTip,40.62,75.34,115.31,-0.05,-0.18,0.09,-0.98
96.71,R_RingTip,41.78,74.93,113.67,-0.09,-0.13,0.13,-0.98
96.71,R_LittleTip,42.68,74.94,110.43,-0.06,-0.13,0.20,-0.97
96.71,R_ThumbDistal,30.47,75.88,106.81,0.06,0.19,-0.51,-0.84
96.71,R_IndexIntermediate,36.25,75.87,110.18,-0.12,-0.17,0.03,-0.98
96.71,R_MiddleIntermediate,38.70,76.18,110.11,-0.10,-0.17,0.06,-0.98
96.71,R_RingIntermediate,40.27,75.89,108.53,-0.08,-0.16,0.12,-0.98
96.71,R_LittleIntermediate,41.46,75.63,106.13,-0.07,-0.17,0.20,-0.96
96.71,R_IndexProximal,34.95,76.63,106.41,-0.09,-0.16,0.00,-0.98
96.71,R_MiddleProximal,37.24,77.02,105.84,-0.09,-0.17,0.04,-0.98
96.71,R_ThumbProximal,31.03,76.18,103.25,0.00,0.09,-0.45,-0.89
96.71,R_RingProximal,39.02,76.54,104.60,-0.07,-0.16,0.09,-0.98
96.71,L_LittleProximal,-6.40,50.59,95.52,-0.71,-0.27,-0.15,-0.63
96.73,Main Camera,-1.14,121.17,71.24,0.03,-0.02,-0.01,1.00
96.73,R_Palm,36.30,76.97,102.64,-0.03,-0.12,0.03,-0.99
96.73,R_ThumbTip,29.42,75.74,109.22,0.06,0.19,-0.51,-0.84
96.73,R_IndexTip,38.07,74.75,114.69,-0.11,-0.20,0.04,-0.97
96.73,R_MiddleTip,40.63,75.33,115.30,-0.05,-0.18,0.09,-0.98
96.73,R_RingTip,41.77,74.94,113.66,-0.09,-0.13,0.13,-0.98
96.73,R_LittleTip,42.64,74.98,110.42,-0.06,-0.12,0.20,-0.97
96.73,R_ThumbDistal,30.48,75.87,106.81,0.06,0.19,-0.51,-0.84
96.73,R_IndexIntermediate,36.26,75.86,110.17,-0.12,-0.17,0.03,-0.98
96.73,R_MiddleIntermediate,38.70,76.17,110.09,-0.10,-0.17,0.06,-0.98
96.73,R_RingIntermediate,40.27,75.90,108.51,-0.08,-0.16,0.12,-0.98
96.73,R_LittleIntermediate,41.44,75.65,106.12,-0.07,-0.17,0.20,-0.96
96.73,R_IndexProximal,34.95,76.61,106.41,-0.09,-0.16,0.00,-0.98
96.73,R_MiddleProximal,37.24,77.02,105.83,-0.09,-0.17,0.04,-0.98
96.73,R_ThumbProximal,31.03,76.17,103.25,0.00,0.09,-0.45,-0.89
96.73,R_RingProximal,39.02,76.54,104.58,-0.07,-0.16,0.08,-0.98
96.73,L_LittleProximal,-6.81,50.39,95.43,-0.71,-0.27,-0.16,-0.64
96.75,Main Camera,-0.86,121.31,70.95,0.03,-0.02,-0.02,1.00
96.75,R_Palm,36.28,76.98,102.64,-0.03,-0.12,0.03,-0.99
96.75,R_ThumbTip,29.43,75.73,109.22,0.06,0.19,-0.51,-0.84
96.75,R_IndexTip,38.08,74.75,114.68,-0.11,-0.20,0.04,-0.97
96.75,R_MiddleTip,40.62,75.34,115.29,-0.05,-0.18,0.08,-0.98
96.75,R_RingTip,41.74,74.97,113.66,-0.09,-0.13,0.13,-0.98
96.75,R_LittleTip,42.60,75.05,110.42,-0.05,-0.12,0.20,-0.97
96.75,R_ThumbDistal,30.48,75.86,106.81,0.06,0.19,-0.51,-0.84
96.75,R_IndexIntermediate,36.25,75.85,110.16,-0.12,-0.17,0.03,-0.98
96.75,R_MiddleIntermediate,38.69,76.17,110.09,-0.10,-0.17,0.05,-0.98
96.75,R_RingIntermediate,40.24,75.91,108.51,-0.08,-0.16,0.12,-0.98
96.75,R_LittleIntermediate,41.41,75.69,106.11,-0.06,-0.17,0.19,-0.96
96.75,R_IndexProximal,34.93,76.61,106.40,-0.09,-0.17,0.00,-0.98
96.75,R_MiddleProximal,37.22,77.02,105.82,-0.09,-0.17,0.04,-0.98
96.75,R_ThumbProximal,31.01,76.17,103.25,0.00,0.08,-0.45,-0.89
96.75,R_RingProximal,39.00,76.55,104.57,-0.06,-0.16,0.08,-0.98
96.75,L_LittleProximal,-7.09,50.71,95.38,-0.70,-0.26,-0.16,-0.65
96.77,Main Camera,-0.34,121.63,70.38,0.03,-0.02,-0.02,1.00
96.77,R_Palm,36.21,76.99,102.62,-0.03,-0.12,0.02,-0.99
96.77,R_ThumbTip,29.42,75.74,109.23,0.06,0.19,-0.51,-0.84
96.77,R_IndexTip,38.07,74.78,114.64,-0.11,-0.20,0.04,-0.97
96.77,R_MiddleTip,40.57,75.37,115.26,-0.04,-0.18,0.08,-0.98
96.77,R_RingTip,41.66,75.04,113.64,-0.09,-0.13,0.13,-0.98
96.77,R_LittleTip,42.48,75.16,110.40,-0.05,-0.12,0.19,-0.97
96.77,R_ThumbDistal,30.46,75.87,106.82,0.06,0.19,-0.51,-0.84
96.77,R_IndexIntermediate,36.22,75.85,110.14,-0.12,-0.18,0.03,-0.98
96.77,R_MiddleIntermediate,38.63,76.18,110.06,-0.10,-0.17,0.05,-0.98
96.77,R_RingIntermediate,40.17,75.95,108.48,-0.08,-0.16,0.12,-0.98
96.77,R_LittleIntermediate,41.33,75.75,106.08,-0.06,-0.16,0.19,-0.97
96.77,R_IndexProximal,34.88,76.60,106.38,-0.09,-0.17,0.00,-0.98
96.77,R_MiddleProximal,37.15,77.02,105.79,-0.09,-0.17,0.04,-0.98
96.77,R_ThumbProximal,30.96,76.17,103.25,-0.01,0.08,-0.45,-0.89
96.77,R_RingProximal,38.94,76.57,104.54,-0.06,-0.15,0.08,-0.98
96.77,L_LittleProximal,-7.94,51.50,95.12,-0.68,-0.25,-0.17,-0.67
96.78,Main Camera,-0.08,121.77,70.10,0.02,-0.02,-0.03,1.00
96.78,R_Palm,36.20,76.98,102.61,-0.03,-0.12,0.02,-0.99
96.78,R_ThumbTip,29.45,75.73,109.24,0.06,0.18,-0.51,-0.84
96.78,R_IndexTip,38.08,74.78,114.63,-0.11,-0.21,0.04,-0.97
96.78,R_MiddleTip,40.56,75.38,115.25,-0.04,-0.18,0.08,-0.98
96.78,R_RingTip,41.64,75.05,113.64,-0.09,-0.13,0.12,-0.98
96.78,R_LittleTip,42.46,75.18,110.40,-0.05,-0.12,0.19,-0.97
96.78,R_ThumbDistal,30.47,75.86,106.81,0.06,0.18,-0.51,-0.84
96.78,R_IndexIntermediate,36.22,75.84,110.13,-0.12,-0.18,0.03,-0.98
96.78,R_MiddleIntermediate,38.62,76.18,110.05,-0.10,-0.17,0.05,-0.98
96.78,R_RingIntermediate,40.16,75.95,108.47,-0.08,-0.16,0.11,-0.98
96.78,R_LittleIntermediate,41.31,75.76,106.07,-0.06,-0.16,0.19,-0.97
96.78,R_IndexProximal,34.87,76.58,106.37,-0.09,-0.17,0.00,-0.98
96.78,R_MiddleProximal,37.15,77.01,105.79,-0.09,-0.17,0.04,-0.98
96.78,R_ThumbProximal,30.96,76.15,103.24,-0.01,0.08,-0.45,-0.89
96.78,R_RingProximal,38.93,76.57,104.53,-0.06,-0.15,0.08,-0.98
96.78,L_LittleProximal,-8.70,51.97,94.75,-0.66,-0.23,-0.18,-0.69
96.80,Main Camera,0.16,121.90,69.83,0.03,-0.03,-0.03,1.00
96.80,R_Palm,36.17,76.97,102.59,-0.03,-0.12,0.02,-0.99
96.80,R_ThumbTip,29.44,75.73,109.23,0.06,0.18,-0.51,-0.84
96.80,R_IndexTip,38.07,74.78,114.61,-0.11,-0.21,0.04,-0.97
96.80,R_MiddleTip,40.52,75.38,115.24,-0.04,-0.18,0.08,-0.98
96.80,R_RingTip,41.60,75.06,113.62,-0.09,-0.13,0.12,-0.98
96.80,R_LittleTip,42.41,75.19,110.39,-0.05,-0.11,0.19,-0.97
96.80,R_ThumbDistal,30.46,75.86,106.81,0.06,0.18,-0.51,-0.84
96.80,R_IndexIntermediate,36.20,75.84,110.11,-0.12,-0.18,0.03,-0.98
96.80,R_MiddleIntermediate,38.59,76.17,110.04,-0.10,-0.17,0.05,-0.98
96.80,R_RingIntermediate,40.12,75.95,108.46,-0.08,-0.16,0.11,-0.98
96.80,R_LittleIntermediate,41.27,75.76,106.05,-0.06,-0.16,0.19,-0.97
96.80,R_IndexProximal,34.84,76.57,106.36,-0.09,-0.17,0.00,-0.98
96.80,R_MiddleProximal,37.12,77.01,105.77,-0.09,-0.17,0.04,-0.98
96.80,R_ThumbProximal,30.94,76.15,103.23,-0.01,0.08,-0.45,-0.89
96.80,R_RingProximal,38.90,76.56,104.51,-0.06,-0.15,0.08,-0.98
96.80,L_LittleProximal,-9.51,52.54,94.49,-0.64,-0.22,-0.19,-0.71
96.81,Main Camera,0.41,122.04,69.57,0.03,-0.03,-0.03,1.00
96.81,R_Palm,36.13,76.97,102.57,-0.03,-0.13,0.02,-0.99
96.81,R_ThumbTip,29.43,75.74,109.22,0.06,0.18,-0.51,-0.84
96.81,R_IndexTip,38.04,74.78,114.59,-0.11,-0.21,0.04,-0.97
96.81,R_MiddleTip,40.47,75.39,115.23,-0.04,-0.18,0.08,-0.98
96.81,R_RingTip,41.54,75.07,113.61,-0.08,-0.12,0.12,-0.98
96.81,R_LittleTip,42.33,75.21,110.37,-0.05,-0.11,0.19,-0.97
96.81,R_ThumbDistal,30.44,75.86,106.79,0.06,0.18,-0.51,-0.84
96.81,R_IndexIntermediate,36.16,75.83,110.09,-0.12,-0.18,0.03,-0.98
96.81,R_MiddleIntermediate,38.54,76.17,110.02,-0.10,-0.17,0.05,-0.98
96.81,R_RingIntermediate,40.07,75.95,108.44,-0.08,-0.15,0.11,-0.98
96.81,R_LittleIntermediate,41.22,75.77,106.03,-0.06,-0.16,0.19,-0.97
96.81,R_IndexProximal,34.80,76.57,106.33,-0.09,-0.17,0.00,-0.98
96.81,R_MiddleProximal,37.08,77.00,105.74,-0.09,-0.17,0.04,-0.98
96.81,R_ThumbProximal,30.91,76.15,103.22,-0.01,0.08,-0.45,-0.89
96.81,R_RingProximal,38.86,76.56,104.49,-0.06,-0.15,0.08,-0.98
96.81,L_LittleProximal,-10.23,53.03,94.28,-0.62,-0.21,-0.19,-0.73
96.82,Main Camera,0.66,122.17,69.31,0.03,-0.03,-0.04,1.00
96.82,R_Palm,36.13,76.96,102.56,-0.03,-0.13,0.02,-0.99
96.82,R_ThumbTip,29.46,75.74,109.23,0.06,0.18,-0.51,-0.84
96.82,R_IndexTip,38.05,74.78,114.58,-0.11,-0.21,0.04,-0.97
96.82,R_MiddleTip,40.45,75.39,115.23,-0.04,-0.18,0.08,-0.98
96.82,R_RingTip,41.52,75.08,113.61,-0.08,-0.12,0.12,-0.98
96.82,R_LittleTip,42.31,75.22,110.37,-0.05,-0.11,0.19,-0.97
96.82,R_ThumbDistal,30.47,75.86,106.80,0.06,0.18,-0.51,-0.84
96.82,R_IndexIntermediate,36.17,75.83,110.08,-0.12,-0.18,0.03,-0.98
96.82,R_MiddleIntermediate,38.54,76.16,110.02,-0.10,-0.17,0.05,-0.98
96.82,R_RingIntermediate,40.06,75.94,108.44,-0.08,-0.15,0.11,-0.98
96.82,R_LittleIntermediate,41.21,75.76,106.03,-0.06,-0.16,0.19,-0.97
96.82,R_IndexProximal,34.81,76.56,106.33,-0.09,-0.17,0.00,-0.98
96.82,R_MiddleProximal,37.08,76.99,105.74,-0.09,-0.16,0.03,-0.98
96.82,R_ThumbProximal,30.92,76.14,103.22,-0.01,0.07,-0.45,-0.89
96.82,R_RingProximal,38.87,76.55,104.48,-0.06,-0.15,0.08,-0.98
96.82,L_LittleProximal,-11.02,53.62,94.22,-0.60,-0.20,-0.20,-0.75
96.84,Main Camera,0.89,122.31,69.07,0.02,-0.03,-0.04,1.00
96.84,R_Palm,36.12,76.97,102.56,-0.03,-0.13,0.02,-0.99
96.84,R_ThumbTip,29.47,75.75,109.23,0.06,0.18,-0.52,-0.84
96.84,R_IndexTip,38.05,74.79,114.58,-0.11,-0.21,0.04,-0.97
96.84,R_MiddleTip,40.41,75.41,115.24,-0.04,-0.18,0.08,-0.98
96.84,R_RingTip,41.48,75.10,113.62,-0.08,-0.12,0.12,-0.98
96.84,R_LittleTip,42.28,75.25,110.38,-0.05,-0.11,0.19,-0.97
96.84,R_ThumbDistal,30.47,75.87,106.80,0.06,0.18,-0.52,-0.84
96.84,R_IndexIntermediate,36.16,75.84,110.08,-0.12,-0.18,0.03,-0.98
96.84,R_MiddleIntermediate,38.51,76.17,110.02,-0.09,-0.17,0.05,-0.98
96.84,R_RingIntermediate,40.04,75.95,108.44,-0.07,-0.15,0.11,-0.98
96.84,R_LittleIntermediate,41.19,75.78,106.03,-0.05,-0.16,0.19,-0.97
96.84,R_IndexProximal,34.80,76.56,106.33,-0.09,-0.17,0.00,-0.98
96.84,R_MiddleProximal,37.07,77.00,105.74,-0.09,-0.16,0.03,-0.98
96.84,R_ThumbProximal,30.92,76.14,103.22,-0.01,0.07,-0.45,-0.89
96.84,R_RingProximal,38.85,76.56,104.48,-0.06,-0.15,0.08,-0.98
96.84,L_LittleProximal,-12.03,54.80,94.30,-0.57,-0.19,-0.20,-0.77
96.86,Main Camera,1.12,122.47,68.83,0.02,-0.03,-0.04,1.00
96.86,R_Palm,36.12,76.95,102.56,-0.03,-0.13,0.02,-0.99
96.86,R_ThumbTip,29.49,75.72,109.23,0.06,0.18,-0.52,-0.84
96.86,R_IndexTip,38.04,74.78,114.58,-0.11,-0.21,0.04,-0.97
96.86,R_MiddleTip,40.38,75.40,115.24,-0.04,-0.17,0.08,-0.98
96.86,R_RingTip,41.46,75.10,113.62,-0.08,-0.12,0.12,-0.98
96.86,R_LittleTip,42.27,75.24,110.38,-0.04,-0.11,0.19,-0.97
96.86,R_ThumbDistal,30.48,75.84,106.80,0.06,0.18,-0.52,-0.84
96.86,R_IndexIntermediate,36.16,75.83,110.07,-0.12,-0.18,0.02,-0.98
96.86,R_MiddleIntermediate,38.50,76.16,110.02,-0.09,-0.17,0.05,-0.98
96.86,R_RingIntermediate,40.02,75.94,108.43,-0.07,-0.15,0.11,-0.98
96.86,R_LittleIntermediate,41.18,75.77,106.03,-0.05,-0.16,0.19,-0.97
96.86,R_IndexProximal,34.79,76.55,106.32,-0.09,-0.17,-0.01,-0.98
96.86,R_MiddleProximal,37.06,76.99,105.73,-0.09,-0.16,0.03,-0.98
96.86,R_ThumbProximal,30.92,76.12,103.22,-0.01,0.07,-0.45,-0.89
96.86,R_RingProximal,38.85,76.55,104.48,-0.06,-0.15,0.08,-0.98
96.86,L_LittleProximal,-12.87,56.12,94.30,-0.54,-0.20,-0.20,-0.79
96.87,Main Camera,1.34,122.62,68.59,0.02,-0.03,-0.05,1.00
96.87,R_Palm,36.11,76.94,102.55,-0.03,-0.13,0.02,-0.99
96.87,R_ThumbTip,29.51,75.69,109.23,0.05,0.18,-0.52,-0.84
96.87,R_IndexTip,38.04,74.78,114.57,-0.11,-0.21,0.04,-0.97
96.87,R_MiddleTip,40.35,75.40,115.24,-0.04,-0.17,0.08,-0.98
96.87,R_RingTip,41.44,75.10,113.62,-0.08,-0.12,0.12,-0.98
96.87,R_LittleTip,42.25,75.25,110.37,-0.04,-0.11,0.19,-0.98
96.87,R_ThumbDistal,30.49,75.82,106.79,0.05,0.18,-0.52,-0.84
96.87,R_IndexIntermediate,36.15,75.82,110.07,-0.12,-0.18,0.02,-0.98
96.87,R_MiddleIntermediate,38.48,76.15,110.01,-0.09,-0.17,0.05,-0.98
96.87,R_RingIntermediate,40.01,75.94,108.43,-0.07,-0.15,0.11,-0.98
96.87,R_LittleIntermediate,41.17,75.76,106.02,-0.05,-0.16,0.19,-0.97
96.87,R_IndexProximal,34.78,76.54,106.31,-0.09,-0.17,-0.01,-0.98
96.87,R_MiddleProximal,37.06,76.98,105.72,-0.09,-0.16,0.03,-0.98
96.87,R_ThumbProximal,30.92,76.10,103.21,-0.01,0.07,-0.45,-0.89
96.87,R_RingProximal,38.84,76.54,104.47,-0.06,-0.15,0.08,-0.98
96.87,L_LittleProximal,-13.32,57.34,94.06,-0.53,-0.21,-0.18,-0.80
96.88,Main Camera,1.59,122.75,68.35,0.02,-0.03,-0.05,1.00
96.88,R_Palm,36.10,76.93,102.54,-0.03,-0.13,0.02,-0.99
96.88,R_ThumbTip,29.53,75.66,109.24,0.05,0.17,-0.52,-0.84
96.88,R_IndexTip,38.03,74.77,114.56,-0.11,-0.21,0.04,-0.97
96.88,R_MiddleTip,40.32,75.40,115.25,-0.04,-0.17,0.08,-0.98
96.88,R_RingTip,41.42,75.10,113.62,-0.08,-0.12,0.12,-0.98
96.88,R_LittleTip,42.23,75.25,110.37,-0.04,-0.11,0.19,-0.98
96.88,R_ThumbDistal,30.51,75.79,106.79,0.05,0.17,-0.52,-0.84
96.88,R_IndexIntermediate,36.14,75.81,110.06,-0.12,-0.18,0.02,-0.98
96.88,R_MiddleIntermediate,38.46,76.15,110.01,-0.09,-0.16,0.05,-0.98
96.88,R_RingIntermediate,40.00,75.93,108.42,-0.07,-0.15,0.11,-0.98
96.88,R_LittleIntermediate,41.15,75.76,106.02,-0.05,-0.15,0.19,-0.97
96.88,R_IndexProximal,34.77,76.53,106.31,-0.09,-0.17,-0.01,-0.98
96.88,R_MiddleProximal,37.05,76.97,105.72,-0.09,-0.16,0.03,-0.98
96.88,R_ThumbProximal,30.93,76.08,103.21,-0.01,0.07,-0.46,-0.89
96.88,R_RingProximal,38.83,76.53,104.46,-0.06,-0.15,0.08,-0.98
96.88,L_LittleProximal,-14.02,58.00,93.42,-0.52,-0.22,-0.17,-0.81
96.90,Main Camera,1.79,122.90,68.12,0.02,-0.03,-0.05,1.00
96.90,R_Palm,36.10,76.93,102.54,-0.03,-0.13,0.02,-0.99
96.90,R_ThumbTip,29.56,75.62,109.24,0.05,0.17,-0.52,-0.83
96.90,R_IndexTip,38.02,74.77,114.55,-0.11,-0.21,0.04,-0.97
96.90,R_MiddleTip,40.29,75.40,115.25,-0.04,-0.17,0.08,-0.98
96.90,R_RingTip,41.40,75.11,113.61,-0.08,-0.12,0.12,-0.98
96.90,R_LittleTip,42.21,75.26,110.37,-0.04,-0.11,0.19,-0.98
96.90,R_ThumbDistal,30.53,75.76,106.79,0.05,0.17,-0.52,-0.83
96.90,R_IndexIntermediate,36.13,75.81,110.05,-0.12,-0.18,0.02,-0.98
96.90,R_MiddleIntermediate,38.44,76.15,110.01,-0.09,-0.16,0.05,-0.98
96.90,R_RingIntermediate,39.98,75.93,108.42,-0.07,-0.15,0.11,-0.98
96.90,R_LittleIntermediate,41.14,75.76,106.01,-0.05,-0.15,0.19,-0.97
96.90,R_IndexProximal,34.76,76.53,106.30,-0.09,-0.17,-0.01,-0.98
96.90,R_MiddleProximal,37.04,76.97,105.71,-0.09,-0.16,0.03,-0.98
96.90,R_ThumbProximal,30.93,76.05,103.21,-0.01,0.07,-0.46,-0.89
96.90,R_RingProximal,38.82,76.53,104.46,-0.06,-0.15,0.08,-0.98
96.90,L_LittleProximal,-14.70,58.65,92.89,-0.51,-0.22,-0.17,-0.82
96.91,Main Camera,2.02,123.06,67.90,0.01,-0.03,-0.06,1.00
96.91,R_Palm,36.08,76.93,102.53,-0.03,-0.13,0.02,-0.99
96.91,R_ThumbTip,29.57,75.60,109.24,0.05,0.17,-0.52,-0.83
96.91,R_IndexTip,38.00,74.77,114.54,-0.11,-0.21,0.04,-0.97
96.91,R_MiddleTip,40.26,75.41,115.24,-0.04,-0.17,0.08,-0.98
96.91,R_RingTip,41.38,75.12,113.61,-0.08,-0.12,0.12,-0.98
96.91,R_LittleTip,42.17,75.27,110.36,-0.04,-0.10,0.19,-0.98
96.91,R_ThumbDistal,30.53,75.74,106.80,0.05,0.17,-0.52,-0.83
96.91,R_IndexIntermediate,36.12,75.81,110.04,-0.12,-0.18,0.03,-0.98
96.91,R_MiddleIntermediate,38.42,76.15,110.00,-0.09,-0.16,0.05,-0.98
96.91,R_RingIntermediate,39.96,75.93,108.41,-0.07,-0.15,0.11,-0.98
96.91,R_LittleIntermediate,41.11,75.76,106.00,-0.05,-0.15,0.19,-0.97
96.91,R_IndexProximal,34.75,76.53,106.29,-0.09,-0.17,0.00,-0.98
96.91,R_MiddleProximal,37.02,76.97,105.70,-0.09,-0.16,0.03,-0.98
96.91,R_ThumbProximal,30.93,76.04,103.21,-0.01,0.07,-0.46,-0.89
96.91,R_RingProximal,38.80,76.53,104.45,-0.06,-0.15,0.08,-0.98
96.91,L_LittleProximal,-15.49,59.24,92.26,-0.50,-0.23,-0.16,-0.82
96.92,Main Camera,2.24,123.23,67.69,0.01,-0.03,-0.06,1.00
96.92,R_Palm,36.07,76.93,102.52,-0.03,-0.13,0.02,-0.99
96.92,R_ThumbTip,29.60,75.58,109.25,0.05,0.17,-0.52,-0.83
96.92,R_IndexTip,38.00,74.77,114.53,-0.11,-0.21,0.04,-0.97
96.92,R_MiddleTip,40.25,75.42,115.23,-0.04,-0.17,0.08,-0.98
96.92,R_RingTip,41.37,75.13,113.60,-0.08,-0.12,0.12,-0.98
96.92,R_LittleTip,42.16,75.28,110.35,-0.04,-0.10,0.19,-0.98
96.92,R_ThumbDistal,30.55,75.73,106.80,0.05,0.17,-0.52,-0.83
96.92,R_IndexIntermediate,36.11,75.81,110.03,-0.12,-0.18,0.03,-0.98
96.92,R_MiddleIntermediate,38.41,76.16,109.99,-0.09,-0.16,0.05,-0.98
96.92,R_RingIntermediate,39.95,75.93,108.40,-0.07,-0.15,0.11,-0.98
96.92,R_LittleIntermediate,41.10,75.77,105.99,-0.05,-0.15,0.19,-0.97
96.92,R_IndexProximal,34.74,76.54,106.28,-0.09,-0.17,0.00,-0.98
96.92,R_MiddleProximal,37.01,76.98,105.69,-0.09,-0.16,0.03,-0.98
96.92,R_ThumbProximal,30.93,76.03,103.21,-0.01,0.07,-0.46,-0.88
96.92,R_RingProximal,38.80,76.53,104.44,-0.06,-0.15,0.08,-0.98
96.92,L_LittleProximal,-16.58,59.20,91.86,-0.49,-0.22,-0.17,-0.83
96.94,Main Camera,2.46,123.38,67.50,0.01,-0.03,-0.07,1.00
96.94,R_Palm,36.05,76.93,102.53,-0.03,-0.13,0.02,-0.99
96.94,R_ThumbTip,29.62,75.55,109.26,0.05,0.17,-0.52,-0.83
96.94,R_IndexTip,37.99,74.77,114.53,-0.11,-0.21,0.04,-0.97
96.94,R_MiddleTip,40.23,75.41,115.24,-0.04,-0.17,0.08,-0.98
96.94,R_RingTip,41.35,75.13,113.60,-0.08,-0.12,0.12,-0.98
96.94,R_LittleTip,42.14,75.28,110.36,-0.04,-0.10,0.19,-0.98
96.94,R_ThumbDistal,30.56,75.71,106.81,0.05,0.17,-0.52,-0.83
96.94,R_IndexIntermediate,36.10,75.81,110.04,-0.12,-0.18,0.03,-0.98
96.94,R_MiddleIntermediate,38.39,76.15,109.99,-0.09,-0.16,0.05,-0.98
96.94,R_RingIntermediate,39.93,75.93,108.40,-0.07,-0.15,0.11,-0.98
96.94,R_LittleIntermediate,41.08,75.77,105.99,-0.05,-0.15,0.19,-0.97
96.94,R_IndexProximal,34.72,76.54,106.29,-0.09,-0.17,0.00,-0.98
96.94,R_MiddleProximal,37.00,76.98,105.70,-0.09,-0.16,0.03,-0.98
96.94,R_ThumbProximal,30.92,76.02,103.23,-0.01,0.06,-0.46,-0.88
96.94,R_RingProximal,38.78,76.53,104.44,-0.06,-0.15,0.08,-0.98
96.94,L_LittleProximal,-17.54,59.13,91.43,-0.48,-0.22,-0.18,-0.83
96.95,Main Camera,2.66,123.53,67.31,0.01,-0.03,-0.07,1.00
96.95,R_Palm,36.01,76.96,102.52,-0.03,-0.13,0.02,-0.99
96.95,R_ThumbTip,29.59,75.57,109.27,0.04,0.17,-0.52,-0.83
96.95,R_IndexTip,37.96,74.78,114.52,-0.11,-0.21,0.04,-0.97
96.95,R_MiddleTip,40.18,75.43,115.23,-0.04,-0.17,0.08,-0.98
96.95,R_RingTip,41.30,75.14,113.59,-0.08,-0.12,0.12,-0.98
96.95,R_LittleTip,42.09,75.31,110.34,-0.04,-0.10,0.19,-0.98
96.95,R_ThumbDistal,30.52,75.73,106.81,0.04,0.17,-0.52,-0.83
96.95,R_IndexIntermediate,36.06,75.83,110.03,-0.12,-0.18,0.03,-0.98
96.95,R_MiddleIntermediate,38.34,76.17,109.99,-0.09,-0.16,0.05,-0.98
96.95,R_RingIntermediate,39.89,75.95,108.39,-0.07,-0.15,0.11,-0.98
96.95,R_LittleIntermediate,41.03,75.79,105.98,-0.05,-0.15,0.19,-0.97
96.95,R_IndexProximal,34.68,76.56,106.28,-0.09,-0.17,0.00,-0.98
96.95,R_MiddleProximal,36.95,77.00,105.69,-0.09,-0.16,0.04,-0.98
96.95,R_ThumbProximal,30.88,76.04,103.23,-0.02,0.06,-0.46,-0.88
96.95,R_RingProximal,38.73,76.56,104.43,-0.06,-0.15,0.08,-0.98
96.95,L_LittleProximal,-17.81,59.47,91.08,-0.47,-0.23,-0.22,-0.83
96.96,Main Camera,2.87,123.69,67.13,0.00,-0.03,-0.07,1.00
96.96,R_Palm,35.98,76.97,102.53,-0.03,-0.13,0.02,-0.99
96.96,R_ThumbTip,29.58,75.56,109.29,0.04,0.17,-0.52,-0.83
96.96,R_IndexTip,37.95,74.76,114.53,-0.11,-0.21,0.04,-0.97
96.96,R_MiddleTip,40.15,75.41,115.24,-0.04,-0.17,0.08,-0.98
96.96,R_RingTip,41.29,75.13,113.59,-0.08,-0.12,0.12,-0.98
96.96,R_LittleTip,42.07,75.30,110.34,-0.04,-0.10,0.19,-0.98
96.96,R_ThumbDistal,30.51,75.73,106.83,0.04,0.17,-0.52,-0.83
96.96,R_IndexIntermediate,36.04,75.82,110.04,-0.12,-0.18,0.03,-0.98
96.96,R_MiddleIntermediate,38.32,76.16,110.00,-0.09,-0.16,0.05,-0.98
96.96,R_RingIntermediate,39.87,75.94,108.39,-0.07,-0.15,0.11,-0.98
96.96,R_LittleIntermediate,41.00,75.78,105.98,-0.05,-0.15,0.19,-0.97
96.96,R_IndexProximal,34.66,76.56,106.30,-0.09,-0.17,0.00,-0.98
96.96,R_MiddleProximal,36.93,77.00,105.70,-0.09,-0.16,0.04,-0.98
96.96,R_ThumbProximal,30.86,76.05,103.25,-0.02,0.06,-0.46,-0.88
96.96,R_RingProximal,38.71,76.56,104.43,-0.06,-0.15,0.08,-0.98
96.96,L_LittleProximal,-17.63,60.31,90.72,-0.46,-0.25,-0.25,-0.82
96.98,Main Camera,3.05,123.83,66.97,0.00,-0.03,-0.08,1.00
96.98,R_Palm,35.95,76.97,102.54,-0.03,-0.13,0.02,-0.99
96.98,R_ThumbTip,29.58,75.55,109.32,0.04,0.17,-0.52,-0.83
96.98,R_IndexTip,37.95,74.72,114.53,-0.11,-0.21,0.04,-0.97
96.98,R_MiddleTip,40.13,75.37,115.24,-0.04,-0.17,0.08,-0.98
96.98,R_RingTip,41.28,75.09,113.58,-0.08,-0.12,0.12,-0.98
96.98,R_LittleTip,42.05,75.27,110.33,-0.04,-0.11,0.19,-0.98
96.98,R_ThumbDistal,30.50,75.72,106.86,0.04,0.17,-0.52,-0.83
96.98,R_IndexIntermediate,36.03,75.80,110.05,-0.12,-0.18,0.03,-0.98
96.98,R_MiddleIntermediate,38.30,76.13,110.00,-0.10,-0.16,0.05,-0.98
96.98,R_RingIntermediate,39.85,75.92,108.39,-0.07,-0.15,0.11,-0.98
96.98,R_LittleIntermediate,40.98,75.77,105.98,-0.05,-0.15,0.19,-0.97
96.98,R_IndexProximal,34.64,76.55,106.31,-0.10,-0.17,0.00,-0.98
96.98,R_MiddleProximal,36.91,76.99,105.71,-0.09,-0.16,0.04,-0.98
96.98,R_ThumbProximal,30.83,76.06,103.27,-0.02,0.06,-0.46,-0.88
96.98,R_RingProximal,38.68,76.55,104.44,-0.07,-0.15,0.08,-0.98
96.98,L_LittleProximal,-17.69,61.07,90.36,-0.45,-0.27,-0.27,-0.81
96.99,Main Camera,3.22,123.98,66.81,0.00,-0.03,-0.08,1.00
96.99,R_Palm,35.93,76.97,102.53,-0.04,-0.13,0.02,-0.99
96.99,R_ThumbTip,29.58,75.55,109.32,0.04,0.17,-0.52,-0.83
96.99,R_IndexTip,37.95,74.70,114.51,-0.11,-0.21,0.04,-0.97
96.99,R_MiddleTip,40.12,75.34,115.23,-0.04,-0.17,0.08,-0.98
96.99,R_RingTip,41.26,75.06,113.56,-0.08,-0.12,0.12,-0.98
96.99,R_LittleTip,42.04,75.26,110.30,-0.04,-0.11,0.19,-0.97
96.99,R_ThumbDistal,30.49,75.73,106.86,0.04,0.17,-0.52,-0.83
96.99,R_IndexIntermediate,36.03,75.78,110.03,-0.12,-0.18,0.03,-0.98
96.99,R_MiddleIntermediate,38.29,76.11,109.98,-0.10,-0.16,0.05,-0.98
96.99,R_RingIntermediate,39.83,75.90,108.37,-0.08,-0.15,0.11,-0.98
96.99,R_LittleIntermediate,40.96,75.75,105.95,-0.05,-0.15,0.19,-0.97
96.99,R_IndexProximal,34.63,76.55,106.30,-0.10,-0.18,0.00,-0.98
96.99,R_MiddleProximal,36.90,76.98,105.69,-0.09,-0.16,0.04,-0.98
96.99,R_ThumbProximal,30.81,76.07,103.27,-0.02,0.06,-0.46,-0.89
96.99,R_RingProximal,38.67,76.54,104.42,-0.07,-0.15,0.08,-0.98
96.99,L_LittleProximal,-17.80,62.07,89.76,-0.45,-0.30,-0.27,-0.80
97.01,Main Camera,3.42,124.12,66.65,0.00,-0.02,-0.09,1.00
97.01,R_Palm,35.93,76.98,102.53,-0.04,-0.13,0.02,-0.99
97.01,R_ThumbTip,29.59,75.56,109.33,0.04,0.17,-0.52,-0.84
97.01,R_IndexTip,37.96,74.68,114.50,-0.11,-0.21,0.04,-0.97
97.01,R_MiddleTip,40.11,75.31,115.22,-0.04,-0.17,0.08,-0.98
97.01,R_RingTip,41.26,75.03,113.55,-0.08,-0.12,0.12,-0.98
97.01,R_LittleTip,42.04,75.25,110.29,-0.04,-0.11,0.19,-0.97
97.01,R_ThumbDistal,30.49,75.74,106.86,0.04,0.17,-0.52,-0.84
97.01,R_IndexIntermediate,36.03,75.78,110.03,-0.12,-0.18,0.03,-0.97
97.01,R_MiddleIntermediate,38.28,76.10,109.98,-0.10,-0.16,0.05,-0.98
97.01,R_RingIntermediate,39.83,75.88,108.36,-0.08,-0.15,0.12,-0.98
97.01,R_LittleIntermediate,40.95,75.73,105.94,-0.05,-0.15,0.19,-0.97
97.01,R_IndexProximal,34.63,76.56,106.30,-0.10,-0.18,0.00,-0.98
97.01,R_MiddleProximal,36.90,76.98,105.69,-0.09,-0.16,0.04,-0.98
97.01,R_ThumbProximal,30.81,76.09,103.28,-0.02,0.06,-0.46,-0.89
97.01,R_RingProximal,38.67,76.53,104.41,-0.07,-0.15,0.08,-0.98
97.01,L_LittleProximal,-18.30,62.87,89.38,-0.43,-0.31,-0.27,-0.80
97.02,Main Camera,3.54,124.27,66.49,-0.01,-0.02,-0.09,1.00
97.02,R_Palm,35.93,76.99,102.51,-0.04,-0.13,0.02,-0.99
97.02,R_ThumbTip,29.60,75.56,109.32,0.04,0.17,-0.52,-0.84
97.02,R_IndexTip,37.96,74.68,114.48,-0.11,-0.21,0.04,-0.97
97.02,R_MiddleTip,40.11,75.31,115.21,-0.04,-0.17,0.08,-0.98
97.02,R_RingTip,41.26,75.02,113.53,-0.08,-0.12,0.12,-0.98
97.02,R_LittleTip,42.05,75.25,110.27,-0.04,-0.11,0.19,-0.97
97.02,R_ThumbDistal,30.50,75.75,106.85,0.04,0.17,-0.52,-0.84
97.02,R_IndexIntermediate,36.04,75.78,110.01,-0.12,-0.18,0.03,-0.97
97.02,R_MiddleIntermediate,38.29,76.10,109.96,-0.10,-0.16,0.05,-0.98
97.02,R_RingIntermediate,39.83,75.88,108.34,-0.08,-0.15,0.12,-0.98
97.02,R_LittleIntermediate,40.95,75.73,105.92,-0.05,-0.15,0.19,-0.97
97.02,R_IndexProximal,34.64,76.56,106.29,-0.10,-0.18,0.00,-0.98
97.02,R_MiddleProximal,36.91,76.98,105.67,-0.09,-0.16,0.04,-0.98
97.02,R_ThumbProximal,30.82,76.10,103.27,-0.02,0.06,-0.46,-0.89
97.02,R_RingProximal,38.67,76.54,104.39,-0.07,-0.15,0.08,-0.98
97.02,L_LittleProximal,-19.35,63.45,89.10,-0.40,-0.30,-0.26,-0.83
97.03,Main Camera,3.70,124.48,66.36,-0.01,-0.02,-0.09,1.00
97.03,R_Palm,35.94,76.99,102.51,-0.04,-0.13,0.02,-0.99
97.03,R_ThumbTip,29.62,75.56,109.32,0.04,0.17,-0.52,-0.84
97.03,R_IndexTip,37.96,74.68,114.48,-0.11,-0.21,0.04,-0.97
97.03,R_MiddleTip,40.11,75.31,115.20,-0.04,-0.17,0.08,-0.98
97.03,R_RingTip,41.25,75.03,113.53,-0.08,-0.12,0.12,-0.98
97.03,R_LittleTip,42.05,75.26,110.26,-0.04,-0.11,0.19,-0.97
97.03,R_ThumbDistal,30.51,75.75,106.85,0.04,0.17,-0.52,-0.84
97.03,R_IndexIntermediate,36.04,75.78,110.01,-0.12,-0.18,0.03,-0.97
97.03,R_MiddleIntermediate,38.29,76.10,109.96,-0.10,-0.16,0.05,-0.98
97.03,R_RingIntermediate,39.83,75.88,108.34,-0.08,-0.15,0.12,-0.98
97.03,R_LittleIntermediate,40.96,75.73,105.91,-0.05,-0.15,0.19,-0.97
97.03,R_IndexProximal,34.64,76.56,106.28,-0.10,-0.18,0.00,-0.98
97.03,R_MiddleProximal,36.91,76.98,105.67,-0.09,-0.16,0.04,-0.98
97.03,R_ThumbProximal,30.82,76.11,103.26,-0.02,0.06,-0.46,-0.89
97.03,R_RingProximal,38.68,76.54,104.38,-0.07,-0.15,0.08,-0.98
97.03,L_LittleProximal,-20.19,64.37,88.02,-0.36,-0.27,-0.25,-0.86
97.05,Main Camera,3.83,124.68,66.23,-0.01,-0.02,-0.09,1.00
97.05,R_Palm,35.94,77.00,102.51,-0.04,-0.13,0.02,-0.99
97.05,R_ThumbTip,29.63,75.56,109.32,0.03,0.17,-0.52,-0.84
97.05,R_IndexTip,37.96,74.69,114.48,-0.11,-0.21,0.04,-0.97
97.05,R_MiddleTip,40.10,75.32,115.21,-0.04,-0.17,0.08,-0.98
97.05,R_RingTip,41.25,75.03,113.53,-0.08,-0.12,0.12,-0.98
97.05,R_LittleTip,42.05,75.26,110.26,-0.04,-0.11,0.19,-0.97
97.05,R_ThumbDistal,30.52,75.76,106.85,0.03,0.17,-0.52,-0.84
97.05,R_IndexIntermediate,36.04,75.79,110.01,-0.12,-0.18,0.03,-0.97
97.05,R_MiddleIntermediate,38.28,76.10,109.96,-0.10,-0.16,0.05,-0.98
97.05,R_RingIntermediate,39.83,75.88,108.34,-0.08,-0.15,0.12,-0.98
97.05,R_LittleIntermediate,40.96,75.74,105.91,-0.05,-0.15,0.19,-0.97
97.05,R_IndexProximal,34.65,76.57,106.28,-0.10,-0.18,0.00,-0.98
97.05,R_MiddleProximal,36.92,76.99,105.67,-0.09,-0.16,0.04,-0.98
97.05,R_ThumbProximal,30.83,76.11,103.26,-0.02,0.06,-0.46,-0.89
97.05,R_RingProximal,38.68,76.54,104.38,-0.07,-0.15,0.08,-0.98
97.05,L_LittleProximal,-20.93,65.24,87.06,-0.32,-0.25,-0.23,-0.88
97.06,Main Camera,3.94,124.86,66.10,-0.01,-0.02,-0.09,1.00
97.06,R_Palm,35.93,77.01,102.49,-0.04,-0.13,0.02,-0.99
97.06,R_ThumbTip,29.65,75.57,109.32,0.03,0.16,-0.52,-0.84
97.06,R_IndexTip,37.95,74.70,114.47,-0.11,-0.21,0.04,-0.97
97.06,R_MiddleTip,40.09,75.34,115.19,-0.04,-0.17,0.08,-0.98
97.06,R_RingTip,41.24,75.04,113.51,-0.08,-0.12,0.13,-0.98
97.06,R_LittleTip,42.04,75.28,110.25,-0.04,-0.11,0.19,-0.97
97.06,R_ThumbDistal,30.51,75.77,106.84,0.03,0.16,-0.52,-0.84
97.06,R_IndexIntermediate,36.03,75.80,110.00,-0.12,-0.18,0.03,-0.97
97.06,R_MiddleIntermediate,38.27,76.12,109.95,-0.10,-0.16,0.05,-0.98
97.06,R_RingIntermediate,39.82,75.89,108.32,-0.08,-0.15,0.12,-0.98
97.06,R_LittleIntermediate,40.95,75.75,105.89,-0.05,-0.15,0.19,-0.97
97.06,R_IndexProximal,34.64,76.58,106.27,-0.10,-0.18,0.00,-0.98
97.06,R_MiddleProximal,36.91,77.00,105.65,-0.09,-0.15,0.04,-0.98
97.06,R_ThumbProximal,30.82,76.12,103.25,-0.02,0.06,-0.46,-0.89
97.06,R_RingProximal,38.67,76.56,104.37,-0.07,-0.15,0.08,-0.98
97.06,L_LittleProximal,-20.79,66.55,85.94,-0.29,-0.21,-0.23,-0.91
97.07,Main Camera,4.02,125.01,65.97,-0.01,-0.02,-0.09,1.00
97.07,R_Palm,35.92,77.02,102.48,-0.04,-0.13,0.03,-0.99
97.07,R_ThumbTip,29.66,75.57,109.31,0.03,0.16,-0.52,-0.84
97.07,R_IndexTip,37.94,74.72,114.46,-0.11,-0.21,0.04,-0.97
97.07,R_MiddleTip,40.07,75.35,115.18,-0.04,-0.17,0.08,-0.98
97.07,R_RingTip,41.22,75.06,113.50,-0.08,-0.12,0.13,-0.98
97.07,R_LittleTip,42.03,75.29,110.23,-0.04,-0.11,0.19,-0.97
97.07,R_ThumbDistal,30.51,75.78,106.83,0.03,0.16,-0.52,-0.84
97.07,R_IndexIntermediate,36.02,75.81,109.98,-0.12,-0.18,0.03,-0.97
97.07,R_MiddleIntermediate,38.26,76.13,109.93,-0.10,-0.16,0.05,-0.98
97.07,R_RingIntermediate,39.81,75.90,108.31,-0.08,-0.15,0.12,-0.98
97.07,R_LittleIntermediate,40.94,75.76,105.88,-0.05,-0.15,0.19,-0.97
97.07,R_IndexProximal,34.63,76.60,106.25,-0.10,-0.18,0.00,-0.98
97.07,R_MiddleProximal,36.90,77.01,105.64,-0.09,-0.15,0.04,-0.98
97.07,R_ThumbProximal,30.81,76.14,103.24,-0.02,0.06,-0.46,-0.89
97.07,R_RingProximal,38.66,76.57,104.35,-0.07,-0.15,0.08,-0.98
97.07,L_LittleProximal,-20.83,67.72,84.92,-0.26,-0.19,-0.22,-0.92
97.09,Main Camera,4.07,125.15,65.85,-0.01,-0.02,-0.09,1.00
97.09,R_Palm,35.88,77.07,102.47,-0.04,-0.13,0.03,-0.99
97.09,R_ThumbTip,29.63,75.62,109.31,0.03,0.16,-0.52,-0.84
97.09,R_IndexTip,37.89,74.77,114.45,-0.11,-0.21,0.04,-0.97
97.09,R_MiddleTip,40.02,75.40,115.17,-0.04,-0.17,0.08,-0.98
97.09,R_RingTip,41.18,75.10,113.49,-0.08,-0.12,0.13,-0.98
97.09,R_LittleTip,41.99,75.34,110.22,-0.04,-0.11,0.19,-0.97
97.09,R_ThumbDistal,30.47,75.83,106.82,0.03,0.16,-0.52,-0.84
97.09,R_IndexIntermediate,35.98,75.86,109.97,-0.12,-0.18,0.03,-0.98
97.09,R_MiddleIntermediate,38.22,76.17,109.92,-0.10,-0.16,0.05,-0.98
97.09,R_RingIntermediate,39.76,75.94,108.29,-0.08,-0.15,0.12,-0.98
97.09,R_LittleIntermediate,40.90,75.80,105.86,-0.05,-0.15,0.19,-0.97
97.09,R_IndexProximal,34.59,76.64,106.24,-0.10,-0.18,0.00,-0.98
97.09,R_MiddleProximal,36.86,77.06,105.62,-0.09,-0.15,0.04,-0.98
97.09,R_ThumbProximal,30.77,76.18,103.23,-0.02,0.06,-0.46,-0.89
97.09,R_RingProximal,38.62,76.61,104.34,-0.07,-0.15,0.08,-0.98
97.09,L_LittleProximal,-20.79,67.73,84.57,-0.26,-0.18,-0.23,-0.92
97.10,Main Camera,4.13,125.29,65.73,-0.01,-0.02,-0.09,1.00
97.10,R_Palm,35.73,77.15,102.41,-0.04,-0.13,0.03,-0.99
97.10,R_ThumbTip,29.51,75.68,109.26,0.02,0.16,-0.52,-0.84
97.10,R_IndexTip,37.75,74.84,114.39,-0.11,-0.21,0.04,-0.97
97.10,R_MiddleTip,39.88,75.47,115.12,-0.04,-0.17,0.08,-0.98
97.10,R_RingTip,41.03,75.17,113.43,-0.08,-0.12,0.13,-0.98
97.10,R_LittleTip,41.85,75.41,110.16,-0.04,-0.11,0.19,-0.97
97.10,R_ThumbDistal,30.34,75.91,106.77,0.02,0.16,-0.52,-0.84
97.10,R_IndexIntermediate,35.84,75.94,109.92,-0.12,-0.18,0.03,-0.98
97.10,R_MiddleIntermediate,38.07,76.25,109.87,-0.10,-0.16,0.05,-0.98
97.10,R_RingIntermediate,39.62,76.02,108.24,-0.08,-0.15,0.12,-0.98
97.10,R_LittleIntermediate,40.75,75.88,105.80,-0.05,-0.16,0.19,-0.97
97.10,R_IndexProximal,34.44,76.72,106.19,-0.10,-0.18,0.00,-0.98
97.10,R_MiddleProximal,36.71,77.14,105.57,-0.09,-0.15,0.04,-0.98
97.10,R_ThumbProximal,30.63,76.26,103.18,-0.03,0.06,-0.46,-0.89
97.10,R_RingProximal,38.47,76.69,104.28,-0.07,-0.15,0.08,-0.98
97.10,L_LittleProximal,-20.96,67.33,84.22,-0.25,-0.18,-0.23,-0.92
97.12,Main Camera,4.15,125.40,65.61,-0.01,-0.01,-0.09,1.00
97.12,R_Palm,35.65,77.26,102.37,-0.04,-0.13,0.03,-0.99
97.12,R_ThumbTip,29.45,75.78,109.22,0.02,0.16,-0.52,-0.84
97.12,R_IndexTip,37.67,74.96,114.35,-0.11,-0.21,0.04,-0.97
97.12,R_MiddleTip,39.79,75.59,115.07,-0.04,-0.17,0.08,-0.98
97.12,R_RingTip,40.95,75.28,113.38,-0.08,-0.12,0.13,-0.98
97.12,R_LittleTip,41.77,75.52,110.11,-0.04,-0.11,0.19,-0.97
97.12,R_ThumbDistal,30.26,76.01,106.72,0.02,0.16,-0.52,-0.84
97.12,R_IndexIntermediate,35.75,76.05,109.87,-0.12,-0.18,0.03,-0.98
97.12,R_MiddleIntermediate,37.98,76.36,109.82,-0.10,-0.16,0.05,-0.98
97.12,R_RingIntermediate,39.53,76.13,108.19,-0.08,-0.15,0.12,-0.98
97.12,R_LittleIntermediate,40.67,75.99,105.76,-0.05,-0.16,0.19,-0.97
97.12,R_IndexProximal,34.36,76.83,106.14,-0.10,-0.18,0.00,-0.98
97.12,R_MiddleProximal,36.63,77.25,105.52,-0.09,-0.15,0.04,-0.98
97.12,R_ThumbProximal,30.55,76.37,103.14,-0.03,0.06,-0.46,-0.89
97.12,R_RingProximal,38.39,76.80,104.23,-0.07,-0.15,0.08,-0.98
97.12,L_LittleProximal,-21.07,66.58,83.81,-0.23,-0.20,-0.25,-0.92
97.13,Main Camera,4.19,125.52,65.49,-0.01,-0.01,-0.09,1.00
97.13,R_Palm,35.55,77.47,102.36,-0.04,-0.13,0.03,-0.99
97.13,R_ThumbTip,29.38,75.97,109.22,0.02,0.15,-0.52,-0.84
97.13,R_IndexTip,37.58,75.16,114.34,-0.11,-0.21,0.04,-0.97
97.13,R_MiddleTip,39.69,75.79,115.06,-0.04,-0.17,0.08,-0.98
97.13,R_RingTip,40.86,75.49,113.37,-0.08,-0.12,0.13,-0.98
97.13,R_LittleTip,41.68,75.72,110.10,-0.04,-0.11,0.19,-0.97
97.13,R_ThumbDistal,30.17,76.21,106.72,0.02,0.15,-0.52,-0.84
97.13,R_IndexIntermediate,35.66,76.25,109.86,-0.12,-0.18,0.03,-0.98
97.13,R_MiddleIntermediate,37.89,76.57,109.81,-0.10,-0.16,0.05,-0.98
97.13,R_RingIntermediate,39.44,76.33,108.18,-0.08,-0.15,0.12,-0.98
97.13,R_LittleIntermediate,40.57,76.19,105.75,-0.05,-0.16,0.19,-0.97
97.13,R_IndexProximal,34.27,77.04,106.13,-0.10,-0.18,0.00,-0.98
97.13,R_MiddleProximal,36.54,77.46,105.51,-0.09,-0.15,0.04,-0.98
97.13,R_ThumbProximal,30.46,76.58,103.13,-0.03,0.06,-0.46,-0.89
97.13,R_RingProximal,38.30,77.01,104.23,-0.07,-0.15,0.08,-0.98
97.13,L_LittleProximal,-21.45,65.69,83.19,-0.19,-0.22,-0.26,-0.92
97.14,Main Camera,4.20,125.63,65.40,-0.01,-0.01,-0.09,1.00
97.14,R_Palm,35.47,77.67,102.35,-0.04,-0.13,0.03,-0.99
97.14,R_ThumbTip,29.32,76.15,109.22,0.01,0.15,-0.52,-0.84
97.14,R_IndexTip,37.49,75.35,114.33,-0.11,-0.21,0.04,-0.97
97.14,R_MiddleTip,39.60,75.99,115.06,-0.04,-0.17,0.08,-0.98
97.14,R_RingTip,40.77,75.68,113.36,-0.08,-0.12,0.13,-0.98
97.14,R_LittleTip,41.60,75.91,110.09,-0.04,-0.11,0.19,-0.97
97.14,R_ThumbDistal,30.10,76.40,106.72,0.01,0.15,-0.52,-0.84
97.14,R_IndexIntermediate,35.57,76.45,109.86,-0.12,-0.18,0.03,-0.98
97.14,R_MiddleIntermediate,37.80,76.76,109.81,-0.10,-0.16,0.05,-0.98
97.14,R_RingIntermediate,39.35,76.53,108.17,-0.08,-0.15,0.12,-0.98
97.14,R_LittleIntermediate,40.49,76.39,105.74,-0.05,-0.16,0.19,-0.97
97.14,R_IndexProximal,34.18,77.23,106.13,-0.10,-0.18,0.00,-0.98
97.14,R_MiddleProximal,36.45,77.65,105.51,-0.09,-0.15,0.04,-0.98
97.14,R_ThumbProximal,30.38,76.77,103.13,-0.03,0.06,-0.46,-0.89
97.14,R_RingProximal,38.21,77.21,104.22,-0.07,-0.15,0.08,-0.98
97.14,L_LittleProximal,-21.85,65.13,82.54,-0.16,-0.23,-0.27,-0.92
97.16,Main Camera,4.21,125.77,65.30,-0.01,-0.01,-0.09,1.00
97.16,R_Palm,35.40,77.80,102.29,-0.04,-0.13,0.02,-0.99
97.16,R_ThumbTip,29.28,76.26,109.16,0.01,0.15,-0.53,-0.84
97.16,R_IndexTip,37.43,75.48,114.26,-0.11,-0.21,0.04,-0.97
97.16,R_MiddleTip,39.54,76.11,114.99,-0.04,-0.17,0.08,-0.98
97.16,R_RingTip,40.71,75.81,113.29,-0.08,-0.12,0.12,-0.98
97.16,R_LittleTip,41.54,76.04,110.01,-0.04,-0.11,0.19,-0.97
97.16,R_ThumbDistal,30.04,76.52,106.65,0.01,0.15,-0.53,-0.84
97.16,R_IndexIntermediate,35.51,76.57,109.79,-0.12,-0.18,0.03,-0.97
97.16,R_MiddleIntermediate,37.74,76.88,109.73,-0.10,-0.16,0.05,-0.98
97.16,R_RingIntermediate,39.29,76.65,108.10,-0.08,-0.15,0.12,-0.98
97.16,R_LittleIntermediate,40.42,76.52,105.66,-0.05,-0.16,0.19,-0.97
97.16,R_IndexProximal,34.12,77.36,106.06,-0.10,-0.18,0.00,-0.98
97.16,R_MiddleProximal,36.39,77.78,105.44,-0.09,-0.15,0.04,-0.98
97.16,R_ThumbProximal,30.31,76.89,103.06,-0.03,0.06,-0.46,-0.89
97.16,R_RingProximal,38.14,77.34,104.15,-0.07,-0.15,0.08,-0.98
97.16,L_LittleProximal,-21.92,64.39,81.93,-0.12,-0.23,-0.29,-0.92
97.17,Main Camera,4.19,125.89,65.22,-0.02,-0.01,-0.09,1.00
97.17,R_Palm,35.37,77.85,102.22,-0.04,-0.13,0.02,-0.99
97.17,R_ThumbTip,29.27,76.29,109.09,0.01,0.15,-0.53,-0.84
97.17,R_IndexTip,37.41,75.53,114.19,-0.11,-0.21,0.04,-0.97
97.17,R_MiddleTip,39.51,76.16,114.92,-0.04,-0.17,0.08,-0.98
97.17,R_RingTip,40.68,75.86,113.22,-0.08,-0.12,0.12,-0.98
97.17,R_LittleTip,41.51,76.09,109.94,-0.04,-0.11,0.19,-0.97
97.17,R_ThumbDistal,30.02,76.56,106.58,0.01,0.15,-0.53,-0.84
97.17,R_IndexIntermediate,35.48,76.62,109.72,-0.12,-0.18,0.03,-0.97
97.17,R_MiddleIntermediate,37.71,76.93,109.67,-0.10,-0.16,0.05,-0.98
97.17,R_RingIntermediate,39.26,76.71,108.03,-0.08,-0.15,0.12,-0.98
97.17,R_LittleIntermediate,40.40,76.57,105.59,-0.05,-0.16,0.19,-0.97
97.17,R_IndexProximal,34.09,77.41,105.99,-0.10,-0.18,0.00,-0.98
97.17,R_MiddleProximal,36.36,77.83,105.37,-0.09,-0.15,0.04,-0.98
97.17,R_ThumbProximal,30.29,76.94,103.00,-0.03,0.06,-0.46,-0.89
97.17,R_RingProximal,38.11,77.39,104.08,-0.07,-0.15,0.08,-0.98
97.17,L_LittleProximal,-22.01,63.76,81.43,-0.09,-0.23,-0.30,-0.92
97.19,Main Camera,4.16,125.98,65.15,-0.02,-0.01,-0.09,1.00
97.19,R_Palm,35.36,77.86,102.17,-0.04,-0.13,0.02,-0.99
97.19,R_ThumbTip,29.27,76.29,109.05,0.01,0.15,-0.53,-0.84
97.19,R_IndexTip,37.40,75.53,114.15,-0.11,-0.21,0.04,-0.97
97.19,R_MiddleTip,39.50,76.16,114.87,-0.04,-0.17,0.08,-0.98
97.19,R_RingTip,40.68,75.86,113.17,-0.08,-0.12,0.12,-0.98
97.19,R_LittleTip,41.51,76.09,109.89,-0.04,-0.11,0.19,-0.97
97.19,R_ThumbDistal,30.01,76.56,106.54,0.01,0.15,-0.53,-0.84
97.19,R_IndexIntermediate,35.47,76.62,109.67,-0.12,-0.18,0.03,-0.97
97.19,R_MiddleIntermediate,37.70,76.94,109.62,-0.10,-0.16,0.05,-0.98
97.19,R_RingIntermediate,39.25,76.71,107.98,-0.08,-0.15,0.12,-0.98
97.19,R_LittleIntermediate,40.39,76.58,105.55,-0.05,-0.16,0.19,-0.97
97.19,R_IndexProximal,34.08,77.42,105.95,-0.10,-0.18,0.00,-0.98
97.19,R_MiddleProximal,36.35,77.84,105.32,-0.09,-0.15,0.04,-0.98
97.19,R_ThumbProximal,30.28,76.94,102.96,-0.03,0.06,-0.46,-0.88
97.19,R_RingProximal,38.10,77.40,104.03,-0.07,-0.15,0.08,-0.98
97.19,L_LittleProximal,-21.95,63.68,81.12,-0.06,-0.22,-0.30,-0.92
97.20,Main Camera,4.11,126.08,65.08,-0.02,-0.01,-0.09,1.00
97.20,R_Palm,35.37,77.84,102.17,-0.04,-0.13,0.02,-0.99
97.20,R_ThumbTip,29.29,76.26,109.05,0.00,0.15,-0.53,-0.84
97.20,R_IndexTip,37.41,75.52,114.14,-0.11,-0.21,0.04,-0.97
97.20,R_MiddleTip,39.51,76.15,114.87,-0.04,-0.17,0.08,-0.98
97.20,R_RingTip,40.69,75.85,113.16,-0.08,-0.12,0.12,-0.98
97.20,R_LittleTip,41.53,76.08,109.88,-0.04,-0.11,0.19,-0.97
97.20,R_ThumbDistal,30.02,76.54,106.54,0.00,0.15,-0.53,-0.84
97.20,R_IndexIntermediate,35.48,76.61,109.67,-0.12,-0.18,0.03,-0.97
97.20,R_MiddleIntermediate,37.71,76.92,109.61,-0.10,-0.16,0.05,-0.98
97.20,R_RingIntermediate,39.26,76.69,107.97,-0.08,-0.15,0.12,-0.98
97.20,R_LittleIntermediate,40.40,76.56,105.54,-0.05,-0.16,0.19,-0.97
97.20,R_IndexProximal,34.09,77.40,105.94,-0.10,-0.18,0.00,-0.98
97.20,R_MiddleProximal,36.35,77.82,105.32,-0.09,-0.15,0.04,-0.98
97.20,R_ThumbProximal,30.29,76.93,102.95,-0.03,0.06,-0.46,-0.88
97.20,R_RingProximal,38.11,77.38,104.02,-0.07,-0.15,0.08,-0.98
97.20,L_LittleProximal,-21.68,64.04,80.81,-0.04,-0.22,-0.31,-0.93
97.22,Main Camera,4.04,126.19,65.02,-0.02,-0.01,-0.09,1.00
97.22,R_Palm,35.37,77.83,102.16,-0.04,-0.13,0.02,-0.99
97.22,R_ThumbTip,29.32,76.24,109.05,0.00,0.15,-0.53,-0.84
97.22,R_IndexTip,37.42,75.51,114.13,-0.11,-0.21,0.04,-0.97
97.22,R_MiddleTip,39.52,76.14,114.86,-0.04,-0.17,0.08,-0.98
97.22,R_RingTip,40.70,75.84,113.15,-0.08,-0.12,0.12,-0.98
97.22,R_LittleTip,41.55,76.06,109.87,-0.04,-0.11,0.19,-0.97
97.22,R_ThumbDistal,30.04,76.52,106.53,0.00,0.15,-0.53,-0.84
97.22,R_IndexIntermediate,35.49,76.60,109.66,-0.12,-0.18,0.03,-0.98
97.22,R_MiddleIntermediate,37.72,76.91,109.61,-0.10,-0.16,0.05,-0.98
97.22,R_RingIntermediate,39.27,76.68,107.97,-0.08,-0.15,0.12,-0.98
97.22,R_LittleIntermediate,40.41,76.54,105.53,-0.05,-0.16,0.19,-0.97
97.22,R_IndexProximal,34.09,77.39,105.93,-0.10,-0.18,0.00,-0.98
97.22,R_MiddleProximal,36.36,77.81,105.31,-0.09,-0.15,0.04,-0.98
97.22,R_ThumbProximal,30.29,76.91,102.95,-0.03,0.06,-0.46,-0.88
97.22,R_RingProximal,38.12,77.37,104.02,-0.07,-0.15,0.08,-0.98
97.22,L_LittleProximal,-21.46,64.29,80.38,-0.03,-0.21,-0.31,-0.93
97.23,Main Camera,3.97,126.28,64.95,-0.02,-0.01,-0.09,1.00
97.23,R_Palm,35.38,77.80,102.16,-0.04,-0.13,0.02,-0.99
97.23,R_ThumbTip,29.33,76.20,109.05,0.00,0.15,-0.53,-0.84
97.23,R_IndexTip,37.42,75.49,114.13,-0.11,-0.21,0.04,-0.97
97.23,R_MiddleTip,39.52,76.13,114.86,-0.04,-0.17,0.08,-0.98
97.23,R_RingTip,40.71,75.81,113.15,-0.08,-0.12,0.12,-0.98
97.23,R_LittleTip,41.56,76.04,109.86,-0.04,-0.11,0.19,-0.97
97.23,R_ThumbDistal,30.04,76.49,106.53,0.00,0.15,-0.53,-0.84
97.23,R_IndexIntermediate,35.49,76.57,109.66,-0.12,-0.18,0.03,-0.98
97.23,R_MiddleIntermediate,37.72,76.89,109.60,-0.09,-0.16,0.05,-0.98
97.23,R_RingIntermediate,39.28,76.65,107.96,-0.08,-0.15,0.12,-0.98
97.23,R_LittleIntermediate,40.42,76.52,105.52,-0.05,-0.16,0.19,-0.97
97.23,R_IndexProximal,34.10,77.36,105.93,-0.10,-0.18,0.00,-0.98
97.23,R_MiddleProximal,36.36,77.78,105.31,-0.09,-0.15,0.04,-0.98
97.23,R_ThumbProximal,30.30,76.87,102.94,-0.03,0.06,-0.46,-0.88
97.23,R_RingProximal,38.12,77.34,104.01,-0.07,-0.15,0.08,-0.98
97.23,L_LittleProximal,-21.34,64.23,79.96,-0.03,-0.21,-0.31,-0.93
97.24,Main Camera,3.89,126.38,64.90,-0.02,0.00,-0.09,1.00
97.24,R_Palm,35.38,77.80,102.15,-0.04,-0.13,0.02,-0.99
97.24,R_ThumbTip,29.35,76.18,109.05,0.00,0.14,-0.53,-0.84
97.24,R_IndexTip,37.42,75.50,114.13,-0.11,-0.21,0.04,-0.97
97.24,R_MiddleTip,39.52,76.13,114.85,-0.04,-0.17,0.08,-0.98
97.24,R_RingTip,40.71,75.81,113.14,-0.08,-0.12,0.12,-0.98
97.24,R_LittleTip,41.57,76.03,109.85,-0.04,-0.11,0.19,-0.97
97.24,R_ThumbDistal,30.05,76.48,106.52,0.00,0.14,-0.53,-0.84
97.24,R_IndexIntermediate,35.49,76.57,109.65,-0.12,-0.18,0.03,-0.98
97.24,R_MiddleIntermediate,37.72,76.89,109.59,-0.09,-0.16,0.05,-0.98
97.24,R_RingIntermediate,39.28,76.65,107.95,-0.08,-0.15,0.12,-0.98
97.24,R_LittleIntermediate,40.42,76.51,105.51,-0.05,-0.16,0.19,-0.97
97.24,R_IndexProximal,34.10,77.36,105.92,-0.10,-0.18,0.00,-0.98
97.24,R_MiddleProximal,36.36,77.78,105.30,-0.09,-0.15,0.04,-0.98
97.24,R_ThumbProximal,30.30,76.87,102.94,-0.03,0.06,-0.46,-0.88
97.24,R_RingProximal,38.12,77.34,104.00,-0.07,-0.15,0.08,-0.98
97.24,L_LittleProximal,-21.29,64.18,79.28,-0.04,-0.20,-0.31,-0.93
97.26,Main Camera,3.77,126.49,64.86,-0.02,0.00,-0.09,1.00
97.26,R_Palm,35.38,77.79,102.14,-0.04,-0.13,0.02,-0.99
97.26,R_ThumbTip,29.37,76.16,109.04,0.00,0.14,-0.53,-0.84
97.26,R_IndexTip,37.42,75.49,114.12,-0.11,-0.21,0.04,-0.97
97.26,R_MiddleTip,39.53,76.13,114.84,-0.04,-0.17,0.08,-0.98
97.26,R_RingTip,40.73,75.81,113.13,-0.08,-0.12,0.12,-0.98
97.26,R_LittleTip,41.59,76.02,109.84,-0.04,-0.11,0.19,-0.97
97.26,R_ThumbDistal,30.06,76.46,106.52,0.00,0.14,-0.53,-0.84
97.26,R_IndexIntermediate,35.50,76.56,109.64,-0.12,-0.18,0.03,-0.98
97.26,R_MiddleIntermediate,37.73,76.88,109.59,-0.09,-0.16,0.05,-0.98
97.26,R_RingIntermediate,39.29,76.64,107.94,-0.08,-0.15,0.12,-0.98
97.26,R_LittleIntermediate,40.44,76.50,105.50,-0.05,-0.16,0.19,-0.97
97.26,R_IndexProximal,34.10,77.35,105.91,-0.10,-0.18,0.00,-0.98
97.26,R_MiddleProximal,36.37,77.78,105.29,-0.09,-0.15,0.04,-0.98
97.26,R_ThumbProximal,30.31,76.85,102.93,-0.03,0.06,-0.46,-0.88
97.26,R_RingProximal,38.13,77.33,104.00,-0.07,-0.15,0.08,-0.98
97.26,L_LittleProximal,-21.42,63.90,78.62,-0.04,-0.19,-0.32,-0.92
97.27,Main Camera,3.65,126.59,64.82,-0.02,0.00,-0.09,1.00
97.27,R_Palm,35.38,77.79,102.14,-0.04,-0.13,0.02,-0.99
97.27,R_ThumbTip,29.39,76.14,109.04,-0.01,0.14,-0.53,-0.84
97.27,R_IndexTip,37.42,75.49,114.12,-0.11,-0.21,0.04,-0.97
97.27,R_MiddleTip,39.53,76.13,114.84,-0.04,-0.17,0.08,-0.98
97.27,R_RingTip,40.74,75.81,113.13,-0.08,-0.12,0.12,-0.98
97.27,R_LittleTip,41.61,76.02,109.83,-0.04,-0.12,0.19,-0.97
97.27,R_ThumbDistal,30.06,76.45,106.52,-0.01,0.14,-0.53,-0.84
97.27,R_IndexIntermediate,35.50,76.57,109.64,-0.12,-0.18,0.03,-0.98
97.27,R_MiddleIntermediate,37.73,76.88,109.58,-0.09,-0.16,0.05,-0.98
97.27,R_RingIntermediate,39.29,76.65,107.94,-0.08,-0.15,0.12,-0.98
97.27,R_LittleIntermediate,40.44,76.51,105.50,-0.05,-0.16,0.19,-0.97
97.27,R_IndexProximal,34.10,77.35,105.91,-0.10,-0.18,0.00,-0.98
97.27,R_MiddleProximal,36.37,77.78,105.29,-0.09,-0.15,0.04,-0.98
97.27,R_ThumbProximal,30.31,76.85,102.93,-0.03,0.06,-0.46,-0.88
97.27,R_RingProximal,38.13,77.34,103.99,-0.07,-0.15,0.08,-0.98
97.27,L_LittleProximal,-21.29,63.84,78.23,-0.05,-0.18,-0.34,-0.92
97.28,Main Camera,3.48,126.68,64.81,-0.02,0.00,-0.09,1.00
97.28,R_Palm,35.38,77.80,102.13,-0.04,-0.13,0.02,-0.99
97.28,R_ThumbTip,29.40,76.12,109.03,-0.01,0.14,-0.53,-0.84
97.28,R_IndexTip,37.42,75.49,114.11,-0.11,-0.21,0.04,-0.97
97.28,R_MiddleTip,39.53,76.13,114.82,-0.04,-0.17,0.08,-0.98
97.28,R_RingTip,40.74,75.81,113.11,-0.08,-0.12,0.12,-0.98
97.28,R_LittleTip,41.61,76.02,109.82,-0.04,-0.12,0.19,-0.97
97.28,R_ThumbDistal,30.06,76.45,106.50,-0.01,0.14,-0.53,-0.84
97.28,R_IndexIntermediate,35.50,76.57,109.63,-0.12,-0.18,0.03,-0.98
97.28,R_MiddleIntermediate,37.72,76.89,109.57,-0.09,-0.16,0.05,-0.98
97.28,R_RingIntermediate,39.29,76.65,107.93,-0.08,-0.15,0.12,-0.98
97.28,R_LittleIntermediate,40.44,76.51,105.49,-0.05,-0.16,0.19,-0.97
97.28,R_IndexProximal,34.10,77.36,105.90,-0.10,-0.18,0.00,-0.98
97.28,R_MiddleProximal,36.37,77.78,105.28,-0.09,-0.15,0.04,-0.98
97.28,R_ThumbProximal,30.31,76.84,102.92,-0.03,0.06,-0.46,-0.88
97.28,R_RingProximal,38.12,77.35,103.98,-0.07,-0.15,0.08,-0.98
97.28,L_LittleProximal,-21.16,63.62,78.10,-0.05,-0.18,-0.35,-0.92
97.30,Main Camera,3.31,126.77,64.80,-0.02,0.00,-0.09,1.00
97.30,R_Palm,35.37,77.80,102.11,-0.04,-0.13,0.02,-0.99
97.30,R_ThumbTip,29.41,76.10,109.02,-0.01,0.14,-0.53,-0.84
97.30,R_IndexTip,37.41,75.49,114.09,-0.11,-0.21,0.04,-0.97
97.30,R_MiddleTip,39.53,76.14,114.81,-0.04,-0.17,0.08,-0.98
97.30,R_RingTip,40.74,75.81,113.10,-0.08,-0.12,0.12,-0.98
97.30,R_LittleTip,41.62,76.02,109.80,-0.04,-0.12,0.19,-0.97
97.30,R_ThumbDistal,30.06,76.43,106.49,-0.01,0.14,-0.53,-0.84
97.30,R_IndexIntermediate,35.49,76.57,109.62,-0.12,-0.18,0.03,-0.98
97.30,R_MiddleIntermediate,37.72,76.89,109.56,-0.09,-0.16,0.05,-0.98
97.30,R_RingIntermediate,39.28,76.66,107.91,-0.08,-0.15,0.11,-0.98
97.30,R_LittleIntermediate,40.44,76.52,105.47,-0.05,-0.16,0.19,-0.97
97.30,R_IndexProximal,34.09,77.36,105.89,-0.10,-0.18,0.00,-0.98
97.30,R_MiddleProximal,36.36,77.79,105.26,-0.09,-0.15,0.04,-0.98
97.30,R_ThumbProximal,30.30,76.84,102.90,-0.03,0.06,-0.47,-0.88
97.30,R_RingProximal,38.12,77.35,103.97,-0.07,-0.15,0.08,-0.98
97.30,L_LittleProximal,-21.06,63.42,77.90,-0.05,-0.17,-0.35,-0.92
97.31,Main Camera,3.13,126.86,64.78,-0.02,0.00,-0.09,1.00
97.31,R_Palm,35.36,77.82,102.10,-0.04,-0.13,0.02,-0.99
97.31,R_ThumbTip,29.42,76.10,109.01,-0.02,0.14,-0.53,-0.84
97.31,R_IndexTip,37.40,75.51,114.08,-0.11,-0.21,0.04,-0.97
97.31,R_MiddleTip,39.52,76.15,114.80,-0.04,-0.17,0.08,-0.98
97.31,R_RingTip,40.73,75.83,113.08,-0.08,-0.12,0.12,-0.98
97.31,R_LittleTip,41.62,76.03,109.78,-0.04,-0.12,0.19,-0.97
97.31,R_ThumbDistal,30.06,76.44,106.48,-0.02,0.14,-0.53,-0.84
97.31,R_IndexIntermediate,35.48,76.58,109.60,-0.12,-0.18,0.03,-0.98
97.31,R_MiddleIntermediate,37.71,76.91,109.55,-0.09,-0.16,0.05,-0.98
97.31,R_RingIntermediate,39.27,76.67,107.90,-0.08,-0.15,0.11,-0.98
97.31,R_LittleIntermediate,40.44,76.53,105.46,-0.05,-0.17,0.19,-0.97
97.31,R_IndexProximal,34.08,77.37,105.88,-0.10,-0.18,0.00,-0.98
97.31,R_MiddleProximal,36.35,77.80,105.25,-0.09,-0.15,0.04,-0.98
97.31,R_ThumbProximal,30.29,76.85,102.89,-0.03,0.06,-0.47,-0.88
97.31,R_RingProximal,38.10,77.37,103.96,-0.07,-0.15,0.08,-0.98
97.31,L_LittleProximal,-20.82,63.28,77.79,-0.05,-0.17,-0.36,-0.92
97.32,Main Camera,2.92,126.97,64.77,-0.02,0.00,-0.09,1.00
97.32,R_Palm,35.36,77.84,102.08,-0.04,-0.13,0.02,-0.99
97.32,R_ThumbTip,29.43,76.11,108.99,-0.02,0.14,-0.53,-0.84
97.32,R_IndexTip,37.40,75.53,114.06,-0.11,-0.21,0.04,-0.97
97.32,R_MiddleTip,39.52,76.17,114.77,-0.04,-0.17,0.08,-0.98
97.32,R_RingTip,40.74,75.85,113.06,-0.08,-0.12,0.12,-0.98
97.32,R_LittleTip,41.63,76.05,109.76,-0.04,-0.12,0.19,-0.97
97.32,R_ThumbDistal,30.06,76.47,106.46,-0.02,0.14,-0.53,-0.84
97.32,R_IndexIntermediate,35.48,76.61,109.58,-0.12,-0.18,0.03,-0.98
97.32,R_MiddleIntermediate,37.71,76.93,109.52,-0.10,-0.16,0.05,-0.98
97.32,R_RingIntermediate,39.28,76.69,107.88,-0.08,-0.15,0.11,-0.98
97.32,R_LittleIntermediate,40.44,76.56,105.43,-0.05,-0.17,0.19,-0.97
97.32,R_IndexProximal,34.08,77.40,105.85,-0.10,-0.18,0.00,-0.98
97.32,R_MiddleProximal,36.35,77.83,105.23,-0.09,-0.15,0.04,-0.98
97.32,R_ThumbProximal,30.29,76.88,102.87,-0.04,0.06,-0.47,-0.88
97.32,R_RingProximal,38.10,77.40,103.93,-0.07,-0.15,0.08,-0.98
97.32,L_LittleProximal,-20.40,63.06,77.62,-0.05,-0.17,-0.36,-0.91
97.34,Main Camera,2.70,127.06,64.76,-0.02,0.00,-0.09,1.00
97.34,R_Palm,35.37,77.85,102.08,-0.04,-0.13,0.02,-0.99
97.34,R_ThumbTip,29.46,76.12,108.99,-0.02,0.14,-0.53,-0.84
97.34,R_IndexTip,37.42,75.54,114.05,-0.11,-0.21,0.04,-0.97
97.34,R_MiddleTip,39.53,76.18,114.77,-0.04,-0.17,0.08,-0.98
97.34,R_RingTip,40.75,75.86,113.05,-0.08,-0.12,0.12,-0.98
97.34,R_LittleTip,41.65,76.05,109.75,-0.04,-0.12,0.19,-0.97
97.34,R_ThumbDistal,30.07,76.47,106.45,-0.02,0.14,-0.53,-0.84
97.34,R_IndexIntermediate,35.49,76.62,109.58,-0.12,-0.18,0.03,-0.98
97.34,R_MiddleIntermediate,37.72,76.94,109.52,-0.10,-0.16,0.05,-0.98
97.34,R_RingIntermediate,39.29,76.70,107.87,-0.08,-0.15,0.12,-0.98
97.34,R_LittleIntermediate,40.46,76.56,105.43,-0.05,-0.17,0.19,-0.97
97.34,R_IndexProximal,34.09,77.41,105.85,-0.10,-0.18,0.00,-0.98
97.34,R_MiddleProximal,36.36,77.84,105.23,-0.09,-0.15,0.04,-0.98
97.34,R_ThumbProximal,30.31,76.89,102.87,-0.04,0.06,-0.47,-0.88
97.34,R_RingProximal,38.12,77.41,103.93,-0.07,-0.15,0.08,-0.98
97.34,L_LittleProximal,-20.13,62.79,77.49,-0.05,-0.17,-0.36,-0.91
97.35,Main Camera,2.44,127.13,64.75,-0.02,0.00,-0.08,1.00
97.35,R_Palm,35.39,77.86,102.07,-0.04,-0.13,0.02,-0.99
97.35,R_ThumbTip,29.49,76.12,108.99,-0.02,0.13,-0.53,-0.84
97.35,R_IndexTip,37.43,75.54,114.05,-0.11,-0.21,0.04,-0.97
97.35,R_MiddleTip,39.55,76.19,114.77,-0.04,-0.17,0.08,-0.98
97.35,R_RingTip,40.77,75.87,113.05,-0.08,-0.13,0.12,-0.98
97.35,R_LittleTip,41.67,76.06,109.74,-0.04,-0.12,0.19,-0.97
97.35,R_ThumbDistal,30.09,76.48,106.45,-0.02,0.13,-0.53,-0.84
97.35,R_IndexIntermediate,35.51,76.63,109.57,-0.12,-0.18,0.03,-0.98
97.35,R_MiddleIntermediate,37.74,76.95,109.52,-0.10,-0.16,0.05,-0.98
97.35,R_RingIntermediate,39.31,76.71,107.87,-0.08,-0.15,0.12,-0.98
97.35,R_LittleIntermediate,40.47,76.57,105.42,-0.05,-0.17,0.19,-0.97
97.35,R_IndexProximal,34.11,77.42,105.85,-0.10,-0.18,0.00,-0.98
97.35,R_MiddleProximal,36.37,77.85,105.22,-0.09,-0.15,0.04,-0.98
97.35,R_ThumbProximal,30.32,76.90,102.87,-0.04,0.05,-0.47,-0.88
97.35,R_RingProximal,38.13,77.41,103.93,-0.07,-0.15,0.08,-0.98
97.35,L_LittleProximal,-19.91,62.56,77.31,-0.05,-0.17,-0.36,-0.91
97.37,Main Camera,2.17,127.18,64.75,-0.01,0.00,-0.08,1.00
97.37,R_Palm,35.41,77.84,102.09,-0.04,-0.13,0.02,-0.99
97.37,R_ThumbTip,29.52,76.09,109.01,-0.02,0.13,-0.53,-0.84
97.37,R_IndexTip,37.46,75.52,114.06,-0.11,-0.21,0.04,-0.97
97.37,R_MiddleTip,39.57,76.17,114.78,-0.04,-0.17,0.08,-0.98
97.37,R_RingTip,40.80,75.84,113.06,-0.08,-0.13,0.12,-0.98
97.37,R_LittleTip,41.70,76.02,109.76,-0.04,-0.12,0.19,-0.97
97.37,R_ThumbDistal,30.11,76.46,106.47,-0.02,0.13,-0.53,-0.84
97.37,R_IndexIntermediate,35.53,76.60,109.59,-0.12,-0.18,0.03,-0.98
97.37,R_MiddleIntermediate,37.76,76.92,109.53,-0.10,-0.16,0.05,-0.98
97.37,R_RingIntermediate,39.33,76.68,107.88,-0.08,-0.15,0.12,-0.98
97.37,R_LittleIntermediate,40.50,76.54,105.44,-0.05,-0.17,0.19,-0.97
97.37,R_IndexProximal,34.13,77.40,105.86,-0.10,-0.18,0.00,-0.98
97.37,R_MiddleProximal,36.40,77.82,105.24,-0.09,-0.15,0.04,-0.98
97.37,R_ThumbProximal,30.34,76.87,102.88,-0.04,0.05,-0.47,-0.88
97.37,R_RingProximal,38.15,77.39,103.94,-0.07,-0.15,0.08,-0.98
97.37,L_LittleProximal,-19.88,61.97,77.41,-0.05,-0.17,-0.37,-0.91
97.38,Main Camera,1.91,127.24,64.76,-0.01,0.00,-0.07,1.00
97.38,R_Palm,35.46,77.77,102.12,-0.04,-0.13,0.02,-0.99
97.38,R_ThumbTip,29.58,76.03,109.04,-0.02,0.13,-0.53,-0.84
97.38,R_IndexTip,37.51,75.46,114.10,-0.11,-0.21,0.04,-0.97
97.38,R_MiddleTip,39.62,76.10,114.82,-0.04,-0.17,0.08,-0.98
97.38,R_RingTip,40.86,75.78,113.10,-0.08,-0.13,0.12,-0.98
97.38,R_LittleTip,41.76,75.96,109.79,-0.04,-0.12,0.19,-0.97
97.38,R_ThumbDistal,30.17,76.39,106.50,-0.02,0.13,-0.53,-0.84
97.38,R_IndexIntermediate,35.58,76.54,109.62,-0.12,-0.18,0.03,-0.98
97.38,R_MiddleIntermediate,37.81,76.86,109.57,-0.10,-0.16,0.05,-0.98
97.38,R_RingIntermediate,39.39,76.62,107.92,-0.08,-0.15,0.12,-0.98
97.38,R_LittleIntermediate,40.55,76.48,105.47,-0.05,-0.17,0.19,-0.97
97.38,R_IndexProximal,34.18,77.34,105.90,-0.10,-0.18,0.00,-0.98
97.38,R_MiddleProximal,36.45,77.76,105.27,-0.09,-0.15,0.04,-0.98
97.38,R_ThumbProximal,30.40,76.81,102.92,-0.04,0.05,-0.47,-0.88
97.38,R_RingProximal,38.21,77.33,103.98,-0.07,-0.15,0.08,-0.98
97.38,L_LittleProximal,-19.83,61.49,77.41,-0.05,-0.17,-0.37,-0.91
97.39,Main Camera,1.66,127.31,64.77,-0.01,0.00,-0.07,1.00
97.39,R_Palm,35.49,77.71,102.14,-0.04,-0.13,0.02,-0.99
97.39,R_ThumbTip,29.62,75.96,109.06,-0.03,0.13,-0.53,-0.84
97.39,R_IndexTip,37.54,75.39,114.11,-0.11,-0.21,0.04,-0.97
97.39,R_MiddleTip,39.66,76.04,114.83,-0.04,-0.17,0.08,-0.98
97.39,R_RingTip,40.89,75.72,113.11,-0.08,-0.13,0.12,-0.98
97.39,R_LittleTip,41.80,75.89,109.80,-0.04,-0.12,0.19,-0.97
97.39,R_ThumbDistal,30.20,76.33,106.51,-0.03,0.13,-0.53,-0.84
97.39,R_IndexIntermediate,35.61,76.48,109.64,-0.12,-0.19,0.03,-0.98
97.39,R_MiddleIntermediate,37.84,76.80,109.58,-0.10,-0.16,0.05,-0.98
97.39,R_RingIntermediate,39.42,76.56,107.93,-0.08,-0.15,0.12,-0.98
97.39,R_LittleIntermediate,40.59,76.41,105.49,-0.05,-0.17,0.19,-0.97
97.39,R_IndexProximal,34.21,77.27,105.91,-0.10,-0.18,0.00,-0.98
97.39,R_MiddleProximal,36.48,77.70,105.29,-0.09,-0.15,0.04,-0.98
97.39,R_ThumbProximal,30.43,76.74,102.93,-0.04,0.05,-0.47,-0.88
97.39,R_RingProximal,38.24,77.26,103.99,-0.07,-0.15,0.08,-0.98
97.39,L_LittleProximal,-20.01,60.92,77.71,-0.03,-0.17,-0.37,-0.91
97.41,Main Camera,1.39,127.38,64.81,0.00,0.00,-0.06,1.00
97.41,R_Palm,35.51,77.70,102.15,-0.04,-0.13,0.02,-0.99
97.41,R_ThumbTip,29.64,75.94,109.07,-0.03,0.13,-0.53,-0.84
97.41,R_IndexTip,37.55,75.38,114.12,-0.11,-0.21,0.04,-0.97
97.41,R_MiddleTip,39.67,76.03,114.85,-0.04,-0.17,0.08,-0.98
97.41,R_RingTip,40.90,75.71,113.12,-0.08,-0.13,0.12,-0.98
97.41,R_LittleTip,41.81,75.88,109.82,-0.04,-0.12,0.19,-0.97
97.41,R_ThumbDistal,30.21,76.31,106.53,-0.03,0.13,-0.53,-0.84
97.41,R_IndexIntermediate,35.63,76.47,109.65,-0.12,-0.19,0.03,-0.97
97.41,R_MiddleIntermediate,37.85,76.79,109.60,-0.10,-0.16,0.05,-0.98
97.41,R_RingIntermediate,39.43,76.55,107.95,-0.08,-0.15,0.12,-0.98
97.41,R_LittleIntermediate,40.60,76.40,105.50,-0.05,-0.17,0.19,-0.97
97.41,R_IndexProximal,34.22,77.27,105.93,-0.10,-0.18,0.00,-0.98
97.41,R_MiddleProximal,36.49,77.69,105.30,-0.09,-0.15,0.04,-0.98
97.41,R_ThumbProximal,30.44,76.73,102.95,-0.04,0.05,-0.47,-0.88
97.41,R_RingProximal,38.25,77.25,104.01,-0.07,-0.15,0.08,-0.98
97.41,L_LittleProximal,-20.02,60.38,78.26,-0.02,-0.17,-0.38,-0.91
97.42,Main Camera,1.12,127.41,64.86,0.00,0.00,-0.05,1.00
97.42,R_Palm,35.51,77.70,102.17,-0.04,-0.13,0.02,-0.99
97.42,R_ThumbTip,29.65,75.93,109.08,-0.03,0.13,-0.53,-0.84
97.42,R_IndexTip,37.56,75.38,114.13,-0.11,-0.21,0.04,-0.97
97.42,R_MiddleTip,39.67,76.03,114.86,-0.04,-0.17,0.08,-0.98
97.42,R_RingTip,40.92,75.71,113.14,-0.08,-0.13,0.12,-0.98
97.42,R_LittleTip,41.83,75.88,109.83,-0.04,-0.12,0.19,-0.97
97.42,R_ThumbDistal,30.22,76.31,106.54,-0.03,0.13,-0.53,-0.84
97.42,R_IndexIntermediate,35.63,76.47,109.66,-0.12,-0.19,0.03,-0.97
97.42,R_MiddleIntermediate,37.86,76.79,109.61,-0.10,-0.16,0.05,-0.98
97.42,R_RingIntermediate,39.44,76.55,107.96,-0.08,-0.15,0.12,-0.98
97.42,R_LittleIntermediate,40.61,76.40,105.52,-0.05,-0.17,0.19,-0.97
97.42,R_IndexProximal,34.23,77.26,105.94,-0.10,-0.18,0.00,-0.98
97.42,R_MiddleProximal,36.50,77.69,105.32,-0.09,-0.15,0.04,-0.98
97.42,R_ThumbProximal,30.45,76.73,102.96,-0.04,0.05,-0.47,-0.88
97.42,R_RingProximal,38.26,77.25,104.02,-0.07,-0.15,0.08,-0.98
97.42,L_LittleProximal,-19.82,60.20,78.61,-0.01,-0.17,-0.39,-0.91
97.44,Main Camera,0.83,127.46,64.91,0.01,0.00,-0.05,1.00
97.44,R_Palm,35.52,77.70,102.16,-0.04,-0.13,0.02,-0.99
97.44,R_ThumbTip,29.67,75.92,109.08,-0.03,0.13,-0.53,-0.84
97.44,R_IndexTip,37.58,75.37,114.12,-0.11,-0.21,0.04,-0.97
97.44,R_MiddleTip,39.69,76.02,114.85,-0.04,-0.17,0.08,-0.98
97.44,R_RingTip,40.93,75.71,113.13,-0.08,-0.13,0.12,-0.98
97.44,R_LittleTip,41.84,75.88,109.82,-0.04,-0.12,0.19,-0.97
97.44,R_ThumbDistal,30.23,76.30,106.53,-0.03,0.13,-0.53,-0.84
97.44,R_IndexIntermediate,35.65,76.47,109.65,-0.12,-0.19,0.03,-0.97
97.44,R_MiddleIntermediate,37.87,76.78,109.60,-0.10,-0.16,0.05,-0.98
97.44,R_RingIntermediate,39.45,76.55,107.95,-0.08,-0.15,0.12,-0.98
97.44,R_LittleIntermediate,40.63,76.40,105.51,-0.05,-0.17,0.19,-0.97
97.44,R_IndexProximal,34.24,77.26,105.93,-0.10,-0.18,0.00,-0.98
97.44,R_MiddleProximal,36.51,77.69,105.31,-0.09,-0.15,0.04,-0.98
97.44,R_ThumbProximal,30.46,76.72,102.95,-0.04,0.05,-0.47,-0.88
97.44,R_RingProximal,38.27,77.25,104.01,-0.07,-0.15,0.08,-0.98
97.44,L_LittleProximal,-19.65,60.00,79.13,-0.01,-0.16,-0.40,-0.90
97.45,Main Camera,0.57,127.48,64.96,0.01,0.00,-0.05,1.00
97.45,R_Palm,35.54,77.70,102.17,-0.04,-0.13,0.02,-0.99
97.45,R_ThumbTip,29.70,75.90,109.09,-0.03,0.13,-0.53,-0.84
97.45,R_IndexTip,37.60,75.37,114.14,-0.11,-0.21,0.04,-0.97
97.45,R_MiddleTip,39.71,76.02,114.86,-0.04,-0.17,0.08,-0.98
97.45,R_RingTip,40.95,75.71,113.14,-0.08,-0.13,0.12,-0.98
97.45,R_LittleTip,41.87,75.87,109.83,-0.04,-0.12,0.19,-0.97
97.45,R_ThumbDistal,30.26,76.29,106.55,-0.03,0.13,-0.53,-0.84
97.45,R_IndexIntermediate,35.67,76.46,109.67,-0.12,-0.19,0.03,-0.97
97.45,R_MiddleIntermediate,37.89,76.78,109.61,-0.10,-0.16,0.05,-0.98
97.45,R_RingIntermediate,39.47,76.54,107.96,-0.08,-0.16,0.12,-0.98
97.45,R_LittleIntermediate,40.65,76.40,105.52,-0.05,-0.17,0.19,-0.97
97.45,R_IndexProximal,34.26,77.26,105.95,-0.10,-0.18,0.00,-0.98
97.45,R_MiddleProximal,36.53,77.69,105.32,-0.09,-0.15,0.04,-0.98
97.45,R_ThumbProximal,30.47,76.72,102.96,-0.04,0.05,-0.47,-0.88
97.45,R_RingProximal,38.28,77.25,104.03,-0.07,-0.15,0.08,-0.98
97.45,L_LittleProximal,-19.55,59.95,79.50,-0.02,-0.16,-0.41,-0.90
97.46,Main Camera,0.30,127.50,65.01,0.01,0.00,-0.04,1.00
97.46,R_Palm,35.56,77.69,102.19,-0.04,-0.13,0.02,-0.99
97.46,R_ThumbTip,29.72,75.89,109.11,-0.03,0.13,-0.53,-0.84
97.46,R_IndexTip,37.62,75.36,114.15,-0.11,-0.21,0.04,-0.97
97.46,R_MiddleTip,39.73,76.01,114.88,-0.04,-0.17,0.08,-0.98
97.46,R_RingTip,40.98,75.70,113.15,-0.08,-0.13,0.12,-0.98
97.46,R_LittleTip,41.89,75.87,109.84,-0.04,-0.12,0.19,-0.97
97.46,R_ThumbDistal,30.28,76.28,106.56,-0.03,0.13,-0.53,-0.84
97.46,R_IndexIntermediate,35.69,76.45,109.68,-0.12,-0.19,0.03,-0.97
97.46,R_MiddleIntermediate,37.91,76.77,109.63,-0.10,-0.16,0.05,-0.98
97.46,R_RingIntermediate,39.49,76.54,107.98,-0.08,-0.16,0.11,-0.98
97.46,R_LittleIntermediate,40.67,76.40,105.53,-0.05,-0.17,0.19,-0.97
97.46,R_IndexProximal,34.28,77.25,105.96,-0.10,-0.18,0.00,-0.98
97.46,R_MiddleProximal,36.55,77.68,105.34,-0.09,-0.15,0.04,-0.98
97.46,R_ThumbProximal,30.49,76.71,102.98,-0.04,0.05,-0.47,-0.88
97.46,R_RingProximal,38.30,77.25,104.04,-0.07,-0.15,0.08,-0.98
97.46,L_LittleProximal,-19.48,59.86,79.77,-0.02,-0.16,-0.42,-0.89
97.48,Main Camera,0.04,127.50,65.07,0.02,0.00,-0.04,1.00
97.48,R_Palm,35.60,77.65,102.22,-0.04,-0.13,0.02,-0.99
97.48,R_ThumbTip,29.77,75.83,109.14,-0.03,0.13,-0.53,-0.84
97.48,R_IndexTip,37.66,75.30,114.18,-0.11,-0.21,0.04,-0.97
97.48,R_MiddleTip,39.76,75.96,114.91,-0.04,-0.17,0.08,-0.98
97.48,R_RingTip,41.02,75.65,113.19,-0.08,-0.13,0.12,-0.98
97.48,R_LittleTip,41.93,75.82,109.88,-0.04,-0.12,0.19,-0.97
97.48,R_ThumbDistal,30.32,76.23,106.60,-0.03,0.13,-0.53,-0.84
97.48,R_IndexIntermediate,35.72,76.40,109.72,-0.12,-0.19,0.03,-0.97
97.48,R_MiddleIntermediate,37.95,76.72,109.66,-0.10,-0.16,0.05,-0.98
97.48,R_RingIntermediate,39.53,76.49,108.01,-0.08,-0.16,0.11,-0.98
97.48,R_LittleIntermediate,40.71,76.35,105.57,-0.05,-0.17,0.19,-0.97
97.48,R_IndexProximal,34.32,77.20,106.00,-0.10,-0.18,0.00,-0.98
97.48,R_MiddleProximal,36.58,77.63,105.37,-0.09,-0.15,0.04,-0.98
97.48,R_ThumbProximal,30.53,76.66,103.01,-0.04,0.05,-0.47,-0.88
97.48,R_RingProximal,38.34,77.20,104.08,-0.07,-0.15,0.08,-0.98
97.48,L_LittleProximal,-19.40,59.34,80.34,-0.02,-0.16,-0.43,-0.89
97.49,Main Camera,-0.22,127.53,65.16,0.02,0.00,-0.04,1.00
97.49,R_Palm,35.65,77.60,102.27,-0.04,-0.13,0.02,-0.99
97.49,R_ThumbTip,29.82,75.78,109.19,-0.03,0.13,-0.53,-0.84
97.49,R_IndexTip,37.71,75.26,114.23,-0.11,-0.21,0.04,-0.97
97.49,R_MiddleTip,39.81,75.91,114.96,-0.04,-0.17,0.08,-0.98
97.49,R_RingTip,41.07,75.61,113.23,-0.08,-0.13,0.12,-0.98
97.49,R_LittleTip,41.99,75.77,109.92,-0.04,-0.12,0.19,-0.97
97.49,R_ThumbDistal,30.37,76.18,106.64,-0.03,0.13,-0.53,-0.84
97.49,R_IndexIntermediate,35.77,76.36,109.77,-0.12,-0.19,0.03,-0.97
97.49,R_MiddleIntermediate,38.00,76.68,109.71,-0.10,-0.16,0.05,-0.98
97.49,R_RingIntermediate,39.58,76.45,108.06,-0.08,-0.16,0.11,-0.98
97.49,R_LittleIntermediate,40.76,76.30,105.61,-0.05,-0.17,0.19,-0.97
97.49,R_IndexProximal,34.37,77.16,106.04,-0.10,-0.18,0.00,-0.98
97.49,R_MiddleProximal,36.63,77.59,105.42,-0.09,-0.15,0.04,-0.98
97.49,R_ThumbProximal,30.58,76.62,103.06,-0.04,0.05,-0.47,-0.88
97.49,R_RingProximal,38.39,77.15,104.12,-0.07,-0.15,0.08,-0.98
97.49,L_LittleProximal,-19.19,59.05,80.61,-0.03,-0.17,-0.43,-0.88
97.51,Main Camera,-0.49,127.62,65.25,0.02,0.00,-0.04,1.00
97.51,R_Palm,35.64,77.60,102.28,-0.04,-0.13,0.02,-0.99
97.51,R_ThumbTip,29.82,75.77,109.20,-0.03,0.13,-0.53,-0.83
97.51,R_IndexTip,37.69,75.26,114.25,-0.11,-0.21,0.04,-0.97
97.51,R_MiddleTip,39.80,75.92,114.97,-0.04,-0.17,0.08,-0.98
97.51,R_RingTip,41.06,75.61,113.25,-0.08,-0.13,0.12,-0.98
97.51,R_LittleTip,41.99,75.77,109.93,-0.04,-0.12,0.19,-0.97
97.51,R_ThumbDistal,30.36,76.17,106.66,-0.03,0.13,-0.53,-0.83
97.51,R_IndexIntermediate,35.76,76.35,109.78,-0.12,-0.19,0.03,-0.97
97.51,R_MiddleIntermediate,37.99,76.68,109.72,-0.10,-0.16,0.05,-0.98
97.51,R_RingIntermediate,39.58,76.44,108.07,-0.08,-0.16,0.11,-0.98
97.51,R_LittleIntermediate,40.76,76.30,105.63,-0.05,-0.17,0.19,-0.97
97.51,R_IndexProximal,34.36,77.16,106.06,-0.10,-0.18,0.00,-0.98
97.51,R_MiddleProximal,36.63,77.59,105.43,-0.09,-0.15,0.04,-0.98
97.51,R_ThumbProximal,30.58,76.61,103.07,-0.04,0.05,-0.47,-0.88
97.51,R_RingProximal,38.39,77.15,104.14,-0.07,-0.15,0.08,-0.98
97.51,L_LittleProximal,-19.08,59.07,80.80,-0.03,-0.17,-0.43,-0.89
97.52,Main Camera,-0.71,127.70,65.35,0.03,0.00,-0.03,1.00
97.52,R_Palm,35.65,77.61,102.28,-0.04,-0.13,0.02,-0.99
97.52,R_ThumbTip,29.83,75.77,109.20,-0.03,0.13,-0.53,-0.83
97.52,R_IndexTip,37.70,75.26,114.25,-0.11,-0.21,0.04,-0.97
97.52,R_MiddleTip,39.81,75.92,114.98,-0.04,-0.17,0.08,-0.98
97.52,R_RingTip,41.08,75.61,113.25,-0.08,-0.13,0.12,-0.98
97.52,R_LittleTip,42.01,75.78,109.93,-0.04,-0.13,0.19,-0.97
97.52,R_ThumbDistal,30.37,76.17,106.65,-0.03,0.13,-0.53,-0.83
97.52,R_IndexIntermediate,35.77,76.36,109.78,-0.12,-0.18,0.03,-0.98
97.52,R_MiddleIntermediate,38.00,76.68,109.72,-0.10,-0.16,0.05,-0.98
97.52,R_RingIntermediate,39.59,76.45,108.07,-0.08,-0.16,0.11,-0.98
97.52,R_LittleIntermediate,40.77,76.31,105.63,-0.05,-0.17,0.19,-0.97
97.52,R_IndexProximal,34.38,77.16,106.06,-0.10,-0.18,0.00,-0.98
97.52,R_MiddleProximal,36.64,77.59,105.43,-0.09,-0.15,0.04,-0.98
97.52,R_ThumbProximal,30.59,76.61,103.07,-0.04,0.06,-0.47,-0.88
97.52,R_RingProximal,38.40,77.16,104.14,-0.07,-0.15,0.08,-0.98
97.52,L_LittleProximal,-18.95,58.96,80.95,-0.03,-0.18,-0.43,-0.89
97.53,Main Camera,-0.96,127.76,65.45,0.03,0.00,-0.03,1.00
97.53,R_Palm,35.66,77.61,102.30,-0.04,-0.13,0.02,-0.99
97.53,R_ThumbTip,29.83,75.76,109.22,-0.03,0.13,-0.53,-0.83
97.53,R_IndexTip,37.71,75.26,114.27,-0.11,-0.21,0.04,-0.97
97.53,R_MiddleTip,39.81,75.92,115.00,-0.04,-0.17,0.08,-0.98
97.53,R_RingTip,41.09,75.61,113.26,-0.08,-0.13,0.12,-0.98
97.53,R_LittleTip,42.03,75.77,109.95,-0.04,-0.13,0.19,-0.97
97.53,R_ThumbDistal,30.38,76.17,106.67,-0.03,0.13,-0.53,-0.83
97.53,R_IndexIntermediate,35.78,76.35,109.80,-0.12,-0.18,0.03,-0.98
97.53,R_MiddleIntermediate,38.01,76.68,109.74,-0.10,-0.16,0.05,-0.98
97.53,R_RingIntermediate,39.60,76.45,108.09,-0.08,-0.16,0.11,-0.98
97.53,R_LittleIntermediate,40.78,76.31,105.64,-0.05,-0.17,0.19,-0.97
97.53,R_IndexProximal,34.38,77.16,106.08,-0.10,-0.18,0.00,-0.98
97.53,R_MiddleProximal,36.65,77.59,105.45,-0.10,-0.15,0.04,-0.98
97.53,R_ThumbProximal,30.60,76.61,103.09,-0.04,0.06,-0.47,-0.88
97.53,R_RingProximal,38.41,77.16,104.16,-0.07,-0.15,0.08,-0.98
97.53,L_LittleProximal,-18.84,58.93,81.25,-0.03,-0.19,-0.42,-0.89
97.55,Main Camera,-1.20,127.79,65.56,0.03,0.00,-0.03,1.00
97.55,R_Palm,35.67,77.61,102.32,-0.04,-0.13,0.02,-0.99
97.55,R_ThumbTip,29.84,75.75,109.24,-0.03,0.13,-0.53,-0.83
97.55,R_IndexTip,37.71,75.25,114.29,-0.11,-0.21,0.04,-0.97
97.55,R_MiddleTip,39.82,75.92,115.02,-0.04,-0.17,0.08,-0.98
97.55,R_RingTip,41.10,75.60,113.28,-0.08,-0.13,0.12,-0.98
97.55,R_LittleTip,42.04,75.77,109.97,-0.04,-0.13,0.19,-0.97
97.55,R_ThumbDistal,30.39,76.16,106.69,-0.03,0.13,-0.53,-0.83
97.55,R_IndexIntermediate,35.79,76.35,109.82,-0.12,-0.18,0.03,-0.98
97.55,R_MiddleIntermediate,38.01,76.68,109.77,-0.10,-0.16,0.05,-0.98
97.55,R_RingIntermediate,39.61,76.45,108.11,-0.08,-0.16,0.11,-0.98
97.55,R_LittleIntermediate,40.80,76.31,105.66,-0.06,-0.17,0.19,-0.97
97.55,R_IndexProximal,34.39,77.16,106.10,-0.10,-0.18,0.00,-0.98
97.55,R_MiddleProximal,36.66,77.59,105.47,-0.10,-0.15,0.04,-0.98
97.55,R_ThumbProximal,30.61,76.61,103.11,-0.04,0.06,-0.47,-0.88
97.55,R_RingProximal,38.42,77.16,104.18,-0.08,-0.15,0.08,-0.98
97.55,L_LittleProximal,-18.73,58.86,81.51,-0.04,-0.19,-0.42,-0.89
97.56,Main Camera,-1.41,127.84,65.68,0.03,0.00,-0.03,1.00
97.56,R_Palm,35.67,77.60,102.32,-0.04,-0.13,0.02,-0.99
97.56,R_ThumbTip,29.84,75.74,109.23,-0.03,0.13,-0.54,-0.83
97.56,R_IndexTip,37.71,75.23,114.29,-0.11,-0.21,0.04,-0.97
97.56,R_MiddleTip,39.81,75.90,115.02,-0.04,-0.17,0.08,-0.98
97.56,R_RingTip,41.10,75.58,113.28,-0.08,-0.13,0.12,-0.98
97.56,R_LittleTip,42.04,75.75,109.96,-0.04,-0.13,0.19,-0.97
97.56,R_ThumbDistal,30.38,76.15,106.69,-0.03,0.13,-0.54,-0.83
97.56,R_IndexIntermediate,35.78,76.33,109.82,-0.12,-0.18,0.03,-0.98
97.56,R_MiddleIntermediate,38.01,76.67,109.77,-0.10,-0.16,0.05,-0.98
97.56,R_RingIntermediate,39.61,76.44,108.11,-0.08,-0.16,0.11,-0.98
97.56,R_LittleIntermediate,40.80,76.30,105.66,-0.06,-0.17,0.19,-0.97
97.56,R_IndexProximal,34.39,77.15,106.10,-0.10,-0.18,0.00,-0.98
97.56,R_MiddleProximal,36.66,77.59,105.47,-0.10,-0.15,0.04,-0.98
97.56,R_ThumbProximal,30.61,76.60,103.11,-0.04,0.06,-0.47,-0.88
97.56,R_RingProximal,38.41,77.16,104.18,-0.08,-0.15,0.08,-0.98
97.56,L_LittleProximal,-18.78,58.88,81.60,-0.04,-0.19,-0.41,-0.89
97.57,Main Camera,-1.62,127.87,65.81,0.04,0.00,-0.03,1.00
97.57,R_Palm,35.66,77.60,102.33,-0.04,-0.13,0.02,-0.99
97.57,R_ThumbTip,29.82,75.72,109.23,-0.04,0.13,-0.54,-0.83
97.57,R_IndexTip,37.69,75.21,114.29,-0.12,-0.21,0.04,-0.97
97.57,R_MiddleTip,39.80,75.88,115.02,-0.04,-0.17,0.08,-0.98
97.57,R_RingTip,41.08,75.56,113.28,-0.08,-0.13,0.12,-0.98
97.57,R_LittleTip,42.03,75.74,109.96,-0.04,-0.13,0.19,-0.97
97.57,R_ThumbDistal,30.37,76.14,106.69,-0.04,0.13,-0.54,-0.83
97.57,R_IndexIntermediate,35.77,76.32,109.82,-0.12,-0.18,0.03,-0.97
97.57,R_MiddleIntermediate,37.99,76.65,109.76,-0.10,-0.16,0.05,-0.98
97.57,R_RingIntermediate,39.59,76.42,108.11,-0.08,-0.16,0.11,-0.98
97.57,R_LittleIntermediate,40.78,76.30,105.66,-0.06,-0.17,0.19,-0.97
97.57,R_IndexProximal,34.38,77.14,106.10,-0.10,-0.18,0.00,-0.98
97.57,R_MiddleProximal,36.64,77.58,105.47,-0.10,-0.15,0.04,-0.98
97.57,R_ThumbProximal,30.59,76.59,103.11,-0.04,0.06,-0.47,-0.88
97.57,R_RingProximal,38.40,77.16,104.18,-0.08,-0.15,0.08,-0.98
97.57,L_LittleProximal,-18.86,58.92,81.72,-0.04,-0.19,-0.41,-0.89
97.59,Main Camera,-1.80,127.91,65.92,0.04,0.00,-0.04,1.00
97.59,R_Palm,35.64,77.61,102.33,-0.04,-0.13,0.02,-0.99
97.59,R_ThumbTip,29.81,75.73,109.24,-0.04,0.13,-0.54,-0.83
97.59,R_IndexTip,37.68,75.21,114.29,-0.12,-0.21,0.04,-0.97
97.59,R_MiddleTip,39.78,75.88,115.02,-0.04,-0.17,0.08,-0.98
97.59,R_RingTip,41.06,75.57,113.28,-0.08,-0.13,0.12,-0.98
97.59,R_LittleTip,42.01,75.75,109.96,-0.04,-0.13,0.19,-0.97
97.59,R_ThumbDistal,30.36,76.14,106.69,-0.04,0.13,-0.54,-0.83
97.59,R_IndexIntermediate,35.76,76.32,109.82,-0.12,-0.18,0.02,-0.97
97.59,R_MiddleIntermediate,37.98,76.66,109.77,-0.10,-0.16,0.05,-0.98
97.59,R_RingIntermediate,39.58,76.43,108.11,-0.08,-0.16,0.11,-0.98
97.59,R_LittleIntermediate,40.77,76.31,105.66,-0.06,-0.17,0.19,-0.97
97.59,R_IndexProximal,34.36,77.15,106.10,-0.10,-0.18,0.00,-0.98
97.59,R_MiddleProximal,36.63,77.59,105.48,-0.10,-0.15,0.04,-0.98
97.59,R_ThumbProximal,30.58,76.59,103.11,-0.04,0.06,-0.47,-0.88
97.59,R_RingProximal,38.39,77.17,104.18,-0.08,-0.15,0.08,-0.98
97.59,L_LittleProximal,-18.94,58.95,81.78,-0.04,-0.19,-0.41,-0.89
97.61,Main Camera,-1.99,127.94,66.06,0.04,0.00,-0.04,1.00
97.61,R_Palm,35.65,77.61,102.32,-0.04,-0.13,0.02,-0.99
97.61,R_ThumbTip,29.81,75.72,109.23,-0.04,0.13,-0.54,-0.83
97.61,R_IndexTip,37.69,75.21,114.29,-0.12,-0.21,0.04,-0.97
97.61,R_MiddleTip,39.78,75.87,115.01,-0.04,-0.17,0.08,-0.98
97.61,R_RingTip,41.07,75.56,113.27,-0.08,-0.13,0.12,-0.98
97.61,R_LittleTip,42.02,75.74,109.95,-0.04,-0.13,0.19,-0.97
97.61,R_ThumbDistal,30.36,76.13,106.69,-0.04,0.13,-0.54,-0.83
97.61,R_IndexIntermediate,35.77,76.32,109.82,-0.12,-0.18,0.02,-0.97
97.61,R_MiddleIntermediate,37.98,76.65,109.76,-0.10,-0.16,0.05,-0.98
97.61,R_RingIntermediate,39.58,76.43,108.10,-0.08,-0.16,0.11,-0.98
97.61,R_LittleIntermediate,40.77,76.30,105.65,-0.06,-0.17,0.19,-0.97
97.61,R_IndexProximal,34.37,77.14,106.10,-0.10,-0.18,0.00,-0.98
97.61,R_MiddleProximal,36.64,77.58,105.47,-0.10,-0.15,0.04,-0.98
97.61,R_ThumbProximal,30.59,76.59,103.11,-0.04,0.06,-0.47,-0.88
97.61,R_RingProximal,38.39,77.17,104.17,-0.08,-0.15,0.08,-0.98
97.61,L_LittleProximal,-19.09,58.99,81.86,-0.04,-0.19,-0.41,-0.89
97.62,Main Camera,-2.17,127.95,66.20,0.05,0.01,-0.04,1.00
97.62,R_Palm,35.64,77.60,102.33,-0.04,-0.13,0.02,-0.99
97.62,R_ThumbTip,29.81,75.71,109.24,-0.03,0.13,-0.54,-0.83
97.62,R_IndexTip,37.68,75.20,114.29,-0.12,-0.21,0.04,-0.97
97.62,R_MiddleTip,39.77,75.86,115.02,-0.04,-0.17,0.08,-0.98
97.62,R_RingTip,41.06,75.54,113.28,-0.08,-0.13,0.12,-0.98
97.62,R_LittleTip,42.01,75.72,109.96,-0.04,-0.13,0.19,-0.97
97.62,R_ThumbDistal,30.36,76.12,106.70,-0.03,0.13,-0.54,-0.83
97.62,R_IndexIntermediate,35.76,76.31,109.82,-0.12,-0.18,0.02,-0.97
97.62,R_MiddleIntermediate,37.98,76.64,109.77,-0.10,-0.16,0.05,-0.98
97.62,R_RingIntermediate,39.58,76.41,108.11,-0.08,-0.16,0.11,-0.98
97.62,R_LittleIntermediate,40.77,76.29,105.66,-0.06,-0.17,0.19,-0.97
97.62,R_IndexProximal,34.37,77.13,106.10,-0.10,-0.17,0.00,-0.98
97.62,R_MiddleProximal,36.63,77.58,105.48,-0.10,-0.15,0.04,-0.98
97.62,R_ThumbProximal,30.58,76.57,103.12,-0.04,0.06,-0.47,-0.88
97.62,R_RingProximal,38.39,77.16,104.18,-0.08,-0.15,0.08,-0.98
97.62,L_LittleProximal,-19.18,59.01,81.83,-0.04,-0.19,-0.41,-0.89
97.63,Main Camera,-2.31,127.99,66.37,0.05,0.01,-0.04,1.00
97.63,R_Palm,35.64,77.59,102.34,-0.04,-0.14,0.02,-0.99
97.63,R_ThumbTip,29.81,75.69,109.25,-0.03,0.13,-0.54,-0.83
97.63,R_IndexTip,37.68,75.19,114.30,-0.12,-0.21,0.04,-0.97
97.63,R_MiddleTip,39.77,75.85,115.03,-0.04,-0.17,0.08,-0.98
97.63,R_RingTip,41.05,75.53,113.29,-0.08,-0.13,0.12,-0.98
97.63,R_LittleTip,42.00,75.71,109.97,-0.04,-0.13,0.19,-0.97
97.63,R_ThumbDistal,30.36,76.11,106.71,-0.03,0.13,-0.54,-0.83
97.63,R_IndexIntermediate,35.76,76.30,109.83,-0.12,-0.18,0.02,-0.98
97.63,R_MiddleIntermediate,37.97,76.63,109.78,-0.10,-0.16,0.05,-0.98
97.63,R_RingIntermediate,39.57,76.40,108.12,-0.08,-0.16,0.11,-0.98
97.63,R_LittleIntermediate,40.76,76.28,105.67,-0.06,-0.17,0.19,-0.97
97.63,R_IndexProximal,34.37,77.12,106.11,-0.10,-0.17,0.00,-0.98
97.63,R_MiddleProximal,36.63,77.57,105.49,-0.10,-0.15,0.04,-0.98
97.63,R_ThumbProximal,30.58,76.56,103.13,-0.04,0.06,-0.47,-0.88
97.63,R_RingProximal,38.39,77.15,104.19,-0.08,-0.15,0.08,-0.98
97.63,L_LittleProximal,-19.24,59.00,81.82,-0.05,-0.19,-0.41,-0.89
97.64,Main Camera,-2.46,128.03,66.55,0.05,0.01,-0.04,1.00
97.64,R_Palm,35.64,77.60,102.33,-0.04,-0.14,0.02,-0.99
97.64,R_ThumbTip,29.80,75.70,109.25,-0.03,0.13,-0.54,-0.83
97.64,R_IndexTip,37.67,75.19,114.30,-0.12,-0.21,0.04,-0.97
97.64,R_MiddleTip,39.76,75.85,115.03,-0.04,-0.17,0.08,-0.98
97.64,R_RingTip,41.04,75.53,113.28,-0.08,-0.13,0.12,-0.98
97.64,R_LittleTip,41.99,75.71,109.97,-0.04,-0.13,0.19,-0.97
97.64,R_ThumbDistal,30.35,76.12,106.71,-0.03,0.13,-0.54,-0.83
97.64,R_IndexIntermediate,35.76,76.31,109.83,-0.12,-0.18,0.02,-0.98
97.64,R_MiddleIntermediate,37.97,76.63,109.77,-0.10,-0.16,0.05,-0.98
97.64,R_RingIntermediate,39.57,76.41,108.11,-0.08,-0.16,0.11,-0.98
97.64,R_LittleIntermediate,40.75,76.28,105.66,-0.06,-0.17,0.19,-0.97
97.64,R_IndexProximal,34.36,77.13,106.11,-0.10,-0.17,0.00,-0.98
97.64,R_MiddleProximal,36.63,77.57,105.48,-0.10,-0.15,0.04,-0.98
97.64,R_ThumbProximal,30.58,76.57,103.13,-0.04,0.06,-0.47,-0.88
97.64,R_RingProximal,38.38,77.15,104.18,-0.08,-0.15,0.08,-0.98
97.64,L_LittleProximal,-19.36,59.28,81.86,-0.05,-0.20,-0.41,-0.89
97.66,Main Camera,-2.59,128.08,66.74,0.05,0.01,-0.04,1.00
97.66,R_Palm,35.64,77.60,102.33,-0.04,-0.14,0.02,-0.99
97.66,R_ThumbTip,29.80,75.71,109.25,-0.03,0.13,-0.54,-0.83
97.66,R_IndexTip,37.68,75.21,114.29,-0.12,-0.21,0.04,-0.97
97.66,R_MiddleTip,39.76,75.86,115.02,-0.04,-0.17,0.08,-0.98
97.66,R_RingTip,41.04,75.54,113.28,-0.08,-0.13,0.12,-0.98
97.66,R_LittleTip,41.99,75.72,109.96,-0.04,-0.13,0.19,-0.97
97.66,R_ThumbDistal,30.36,76.13,106.71,-0.03,0.13,-0.54,-0.83
97.66,R_IndexIntermediate,35.76,76.32,109.82,-0.12,-0.18,0.03,-0.98
97.66,R_MiddleIntermediate,37.97,76.64,109.77,-0.10,-0.16,0.05,-0.98
97.66,R_RingIntermediate,39.57,76.41,108.11,-0.08,-0.15,0.11,-0.98
97.66,R_LittleIntermediate,40.75,76.28,105.66,-0.06,-0.17,0.19,-0.97
97.66,R_IndexProximal,34.37,77.14,106.10,-0.10,-0.17,0.00,-0.98
97.66,R_MiddleProximal,36.63,77.58,105.47,-0.10,-0.15,0.04,-0.98
97.66,R_ThumbProximal,30.58,76.58,103.12,-0.04,0.06,-0.47,-0.88
97.66,R_RingProximal,38.39,77.16,104.17,-0.08,-0.15,0.08,-0.98
97.66,L_LittleProximal,-19.59,59.36,81.83,-0.05,-0.20,-0.41,-0.89
97.68,Main Camera,-2.69,128.12,66.95,0.06,0.02,-0.04,1.00
97.68,R_Palm,35.64,77.60,102.32,-0.04,-0.14,0.02,-0.99
97.68,R_ThumbTip,29.81,75.71,109.24,-0.03,0.13,-0.54,-0.83
97.68,R_IndexTip,37.68,75.20,114.29,-0.12,-0.21,0.04,-0.97
97.68,R_MiddleTip,39.76,75.85,115.01,-0.04,-0.17,0.08,-0.98
97.68,R_RingTip,41.04,75.53,113.27,-0.08,-0.13,0.12,-0.98
97.68,R_LittleTip,41.99,75.71,109.95,-0.04,-0.13,0.19,-0.97
97.68,R_ThumbDistal,30.36,76.12,106.70,-0.03,0.13,-0.54,-0.83
97.68,R_IndexIntermediate,35.76,76.31,109.82,-0.12,-0.18,0.03,-0.97
97.68,R_MiddleIntermediate,37.97,76.64,109.76,-0.10,-0.16,0.05,-0.98
97.68,R_RingIntermediate,39.57,76.41,108.10,-0.08,-0.15,0.11,-0.98
97.68,R_LittleIntermediate,40.75,76.28,105.65,-0.06,-0.17,0.19,-0.97
97.68,R_IndexProximal,34.37,77.14,106.10,-0.10,-0.17,0.00,-0.98
97.68,R_MiddleProximal,36.64,77.58,105.47,-0.10,-0.15,0.04,-0.98
97.68,R_ThumbProximal,30.58,76.57,103.12,-0.04,0.06,-0.47,-0.88
97.68,R_RingProximal,38.39,77.16,104.17,-0.08,-0.15,0.08,-0.98
97.68,L_LittleProximal,-19.67,59.42,81.83,-0.05,-0.20,-0.41,-0.89
97.69,Main Camera,-2.79,128.15,67.15,0.06,0.02,-0.04,1.00
97.69,R_Palm,35.63,77.60,102.33,-0.04,-0.14,0.02,-0.99
97.69,R_ThumbTip,29.81,75.70,109.26,-0.04,0.13,-0.54,-0.83
97.69,R_IndexTip,37.69,75.20,114.30,-0.12,-0.21,0.04,-0.97
97.69,R_MiddleTip,39.76,75.85,115.02,-0.04,-0.17,0.08,-0.98
97.69,R_RingTip,41.04,75.52,113.27,-0.08,-0.13,0.12,-0.98
97.69,R_LittleTip,41.99,75.71,109.96,-0.04,-0.13,0.19,-0.97
97.69,R_ThumbDistal,30.35,76.12,106.72,-0.04,0.13,-0.54,-0.83
97.69,R_IndexIntermediate,35.76,76.31,109.83,-0.12,-0.18,0.03,-0.97
97.69,R_MiddleIntermediate,37.97,76.63,109.77,-0.10,-0.16,0.05,-0.98
97.69,R_RingIntermediate,39.57,76.40,108.11,-0.08,-0.16,0.11,-0.98
97.69,R_LittleIntermediate,40.75,76.27,105.65,-0.06,-0.17,0.19,-0.97
97.69,R_IndexProximal,34.37,77.14,106.11,-0.10,-0.18,0.00,-0.98
97.69,R_MiddleProximal,36.63,77.58,105.48,-0.10,-0.15,0.04,-0.98
97.69,R_ThumbProximal,30.58,76.57,103.14,-0.04,0.06,-0.47,-0.88
97.69,R_RingProximal,38.39,77.15,104.17,-0.08,-0.15,0.08,-0.98
97.69,L_LittleProximal,-19.73,59.38,81.83,-0.05,-0.20,-0.41,-0.89
97.70,Main Camera,-2.85,128.15,67.34,0.06,0.03,-0.05,1.00
97.70,R_Palm,35.63,77.60,102.35,-0.04,-0.14,0.02,-0.99
97.70,R_ThumbTip,29.81,75.69,109.28,-0.04,0.13,-0.54,-0.83
97.70,R_IndexTip,37.70,75.19,114.31,-0.12,-0.21,0.04,-0.97
97.70,R_MiddleTip,39.77,75.84,115.03,-0.04,-0.17,0.08,-0.98
97.70,R_RingTip,41.05,75.51,113.28,-0.08,-0.13,0.12,-0.98
97.70,R_LittleTip,41.99,75.70,109.96,-0.04,-0.13,0.19,-0.97
97.70,R_ThumbDistal,30.35,76.11,106.74,-0.04,0.13,-0.54,-0.83
97.70,R_IndexIntermediate,35.77,76.31,109.84,-0.12,-0.18,0.03,-0.97
97.70,R_MiddleIntermediate,37.98,76.63,109.78,-0.10,-0.16,0.05,-0.98
97.70,R_RingIntermediate,39.57,76.40,108.11,-0.08,-0.16,0.11,-0.98
97.70,R_LittleIntermediate,40.75,76.27,105.66,-0.06,-0.17,0.19,-0.97
97.70,R_IndexProximal,34.37,77.13,106.12,-0.10,-0.18,0.00,-0.98
97.70,R_MiddleProximal,36.63,77.57,105.49,-0.10,-0.15,0.04,-0.98
97.70,R_ThumbProximal,30.57,76.57,103.16,-0.04,0.06,-0.47,-0.88
97.70,R_RingProximal,38.39,77.15,104.18,-0.08,-0.15,0.08,-0.98
97.70,L_LittleProximal,-19.77,59.35,81.83,-0.05,-0.20,-0.41,-0.89
97.71,Main Camera,-2.92,128.17,67.53,0.06,0.04,-0.05,1.00
97.71,R_Palm,35.63,77.60,102.35,-0.04,-0.14,0.02,-0.99
97.71,R_ThumbTip,29.81,75.68,109.28,-0.04,0.13,-0.54,-0.83
97.71,R_IndexTip,37.70,75.19,114.31,-0.12,-0.21,0.04,-0.97
97.71,R_MiddleTip,39.76,75.83,115.03,-0.04,-0.17,0.08,-0.98
97.71,R_RingTip,41.04,75.50,113.28,-0.08,-0.13,0.12,-0.98
97.71,R_LittleTip,41.99,75.69,109.96,-0.04,-0.13,0.19,-0.97
97.71,R_ThumbDistal,30.35,76.11,106.74,-0.04,0.13,-0.54,-0.83
97.71,R_IndexIntermediate,35.77,76.31,109.84,-0.12,-0.19,0.03,-0.97
97.71,R_MiddleIntermediate,37.97,76.62,109.78,-0.10,-0.16,0.05,-0.98
97.71,R_RingIntermediate,39.56,76.39,108.11,-0.08,-0.16,0.11,-0.98
97.71,R_LittleIntermediate,40.74,76.26,105.66,-0.06,-0.17,0.19,-0.97
97.71,R_IndexProximal,34.37,77.13,106.13,-0.10,-0.18,0.00,-0.98
97.71,R_MiddleProximal,36.63,77.57,105.49,-0.10,-0.15,0.04,-0.98
97.71,R_ThumbProximal,30.56,76.57,103.16,-0.04,0.06,-0.47,-0.88
97.71,R_RingProximal,38.38,77.15,104.18,-0.08,-0.15,0.08,-0.98
97.71,L_LittleProximal,-19.80,59.32,81.80,-0.05,-0.20,-0.41,-0.89
97.73,Main Camera,-2.95,128.20,67.75,0.07,0.04,-0.05,1.00
97.73,R_Palm,35.63,77.59,102.34,-0.04,-0.14,0.02,-0.99
97.73,R_ThumbTip,29.81,75.67,109.28,-0.04,0.13,-0.54,-0.83
97.73,R_IndexTip,37.70,75.18,114.30,-0.12,-0.21,0.04,-0.97
97.73,R_MiddleTip,39.77,75.82,115.02,-0.04,-0.17,0.08,-0.98
97.73,R_RingTip,41.05,75.49,113.27,-0.08,-0.13,0.12,-0.98
97.73,R_LittleTip,41.99,75.69,109.95,-0.04,-0.13,0.19,-0.97
97.73,R_ThumbDistal,30.35,76.10,106.74,-0.04,0.13,-0.54,-0.83
97.73,R_IndexIntermediate,35.77,76.30,109.84,-0.12,-0.19,0.03,-0.97
97.73,R_MiddleIntermediate,37.98,76.62,109.77,-0.10,-0.16,0.05,-0.98
97.73,R_RingIntermediate,39.57,76.38,108.10,-0.08,-0.16,0.11,-0.98
97.73,R_LittleIntermediate,40.75,76.26,105.65,-0.06,-0.17,0.19,-0.97
97.73,R_IndexProximal,34.37,77.13,106.12,-0.10,-0.18,0.00,-0.98
97.73,R_MiddleProximal,36.63,77.57,105.48,-0.10,-0.15,0.04,-0.98
97.73,R_ThumbProximal,30.56,76.56,103.16,-0.04,0.06,-0.47,-0.88
97.73,R_RingProximal,38.38,77.14,104.18,-0.08,-0.15,0.08,-0.98
97.73,L_LittleProximal,-19.80,59.28,81.84,-0.05,-0.20,-0.41,-0.89
97.74,Main Camera,-2.95,128.25,67.99,0.07,0.05,-0.05,1.00
97.74,R_Palm,35.63,77.59,102.34,-0.04,-0.14,0.02,-0.99
97.74,R_ThumbTip,29.81,75.66,109.28,-0.04,0.13,-0.54,-0.83
97.74,R_IndexTip,37.71,75.16,114.30,-0.12,-0.21,0.04,-0.97
97.74,R_MiddleTip,39.77,75.80,115.02,-0.04,-0.17,0.08,-0.98
97.74,R_RingTip,41.05,75.47,113.26,-0.08,-0.13,0.12,-0.98
97.74,R_LittleTip,42.00,75.68,109.94,-0.04,-0.13,0.19,-0.97
97.74,R_ThumbDistal,30.35,76.09,106.74,-0.04,0.13,-0.54,-0.83
97.74,R_IndexIntermediate,35.78,76.29,109.84,-0.12,-0.19,0.03,-0.97
97.74,R_MiddleIntermediate,37.98,76.60,109.77,-0.10,-0.16,0.05,-0.98
97.74,R_RingIntermediate,39.57,76.37,108.10,-0.08,-0.16,0.11,-0.98
97.74,R_LittleIntermediate,40.75,76.24,105.64,-0.06,-0.17,0.19,-0.96
97.74,R_IndexProximal,34.38,77.12,106.12,-0.10,-0.18,0.00,-0.98
97.74,R_MiddleProximal,36.64,77.56,105.48,-0.10,-0.15,0.04,-0.98
97.74,R_ThumbProximal,30.56,76.56,103.16,-0.04,0.06,-0.47,-0.88
97.74,R_RingProximal,38.39,77.13,104.17,-0.08,-0.15,0.08,-0.98
97.74,L_LittleProximal,-19.65,59.43,82.05,-0.05,-0.20,-0.41,-0.89
97.76,Main Camera,-2.98,128.26,68.20,0.07,0.06,-0.05,0.99
97.76,R_Palm,35.64,77.59,102.33,-0.04,-0.14,0.02,-0.99
97.76,R_ThumbTip,29.82,75.66,109.27,-0.04,0.13,-0.53,-0.83
97.76,R_IndexTip,37.72,75.16,114.29,-0.12,-0.21,0.04,-0.97
97.76,R_MiddleTip,39.78,75.80,115.01,-0.04,-0.17,0.08,-0.98
97.76,R_RingTip,41.06,75.46,113.25,-0.08,-0.13,0.12,-0.98
97.76,R_LittleTip,42.01,75.67,109.92,-0.04,-0.13,0.19,-0.97
97.76,R_ThumbDistal,30.35,76.09,106.73,-0.04,0.13,-0.53,-0.83
97.76,R_IndexIntermediate,35.79,76.29,109.83,-0.12,-0.19,0.03,-0.97
97.76,R_MiddleIntermediate,37.99,76.60,109.76,-0.10,-0.16,0.05,-0.98
97.76,R_RingIntermediate,39.58,76.36,108.08,-0.08,-0.16,0.11,-0.98
97.76,R_LittleIntermediate,40.76,76.24,105.63,-0.06,-0.17,0.19,-0.96
97.76,R_IndexProximal,34.39,77.12,106.11,-0.10,-0.18,0.00,-0.98
97.76,R_MiddleProximal,36.65,77.55,105.47,-0.10,-0.15,0.04,-0.98
97.76,R_ThumbProximal,30.57,76.56,103.15,-0.04,0.06,-0.47,-0.88
97.76,R_RingProximal,38.40,77.13,104.16,-0.08,-0.15,0.08,-0.98
97.76,L_LittleProximal,-19.53,59.72,82.50,-0.05,-0.20,-0.41,-0.89
97.77,Main Camera,-2.96,128.27,68.43,0.07,0.07,-0.05,0.99
97.77,R_Palm,35.66,77.59,102.34,-0.04,-0.14,0.02,-0.99
97.77,R_ThumbTip,29.84,75.67,109.29,-0.04,0.13,-0.53,-0.83
97.77,R_IndexTip,37.73,75.17,114.31,-0.12,-0.21,0.04,-0.97
97.77,R_MiddleTip,39.80,75.80,115.03,-0.04,-0.17,0.08,-0.98
97.77,R_RingTip,41.07,75.46,113.26,-0.08,-0.13,0.12,-0.98
97.77,R_LittleTip,42.03,75.68,109.94,-0.04,-0.13,0.19,-0.97
97.77,R_ThumbDistal,30.37,76.10,106.74,-0.04,0.13,-0.53,-0.83
97.77,R_IndexIntermediate,35.81,76.29,109.84,-0.12,-0.18,0.03,-0.97
97.77,R_MiddleIntermediate,38.01,76.61,109.77,-0.10,-0.16,0.05,-0.98
97.77,R_RingIntermediate,39.60,76.36,108.10,-0.08,-0.16,0.11,-0.98
97.77,R_LittleIntermediate,40.78,76.24,105.64,-0.06,-0.17,0.19,-0.96
97.77,R_IndexProximal,34.41,77.12,106.12,-0.10,-0.18,0.00,-0.98
97.77,R_MiddleProximal,36.67,77.56,105.48,-0.10,-0.15,0.04,-0.98
97.77,R_ThumbProximal,30.59,76.57,103.16,-0.04,0.06,-0.47,-0.88
97.77,R_RingProximal,38.42,77.14,104.17,-0.08,-0.15,0.08,-0.98
97.77,L_LittleProximal,-19.43,59.76,82.81,-0.06,-0.19,-0.41,-0.89
97.78,Main Camera,-2.95,128.29,68.66,0.07,0.08,-0.05,0.99
97.78,R_Palm,35.68,77.60,102.36,-0.04,-0.14,0.02,-0.99
97.78,R_ThumbTip,29.87,75.67,109.30,-0.04,0.13,-0.53,-0.83
97.78,R_IndexTip,37.75,75.17,114.33,-0.12,-0.21,0.04,-0.97
97.78,R_MiddleTip,39.81,75.81,115.04,-0.04,-0.17,0.08,-0.98
97.78,R_RingTip,41.09,75.46,113.28,-0.08,-0.13,0.12,-0.98
97.78,R_LittleTip,42.05,75.68,109.95,-0.04,-0.13,0.19,-0.97
97.78,R_ThumbDistal,30.39,76.11,106.76,-0.04,0.13,-0.53,-0.83
97.78,R_IndexIntermediate,35.83,76.30,109.86,-0.12,-0.18,0.03,-0.97
97.78,R_MiddleIntermediate,38.03,76.61,109.79,-0.10,-0.16,0.05,-0.98
97.78,R_RingIntermediate,39.62,76.37,108.11,-0.08,-0.16,0.11,-0.98
97.78,R_LittleIntermediate,40.80,76.25,105.65,-0.06,-0.17,0.19,-0.96
97.78,R_IndexProximal,34.43,77.13,106.14,-0.10,-0.18,0.00,-0.98
97.78,R_MiddleProximal,36.69,77.57,105.50,-0.10,-0.15,0.04,-0.98
97.78,R_ThumbProximal,30.61,76.58,103.18,-0.04,0.06,-0.47,-0.88
97.78,R_RingProximal,38.44,77.14,104.19,-0.08,-0.15,0.08,-0.98
97.78,L_LittleProximal,-19.33,59.74,83.05,-0.06,-0.19,-0.41,-0.89
97.80,Main Camera,-2.95,128.30,68.90,0.07,0.08,-0.06,0.99
97.80,R_Palm,35.70,77.59,102.37,-0.04,-0.14,0.02,-0.99
97.80,R_ThumbTip,29.90,75.65,109.31,-0.04,0.13,-0.53,-0.83
97.80,R_IndexTip,37.78,75.16,114.33,-0.12,-0.21,0.04,-0.97
97.80,R_MiddleTip,39.83,75.80,115.05,-0.04,-0.17,0.08,-0.98
97.80,R_RingTip,41.11,75.44,113.28,-0.08,-0.13,0.12,-0.98
97.80,R_LittleTip,42.08,75.67,109.96,-0.04,-0.13,0.19,-0.97
97.80,R_ThumbDistal,30.41,76.09,106.77,-0.04,0.13,-0.53,-0.83
97.80,R_IndexIntermediate,35.85,76.29,109.87,-0.12,-0.18,0.03,-0.97
97.80,R_MiddleIntermediate,38.05,76.60,109.80,-0.10,-0.16,0.05,-0.98
97.80,R_RingIntermediate,39.64,76.35,108.12,-0.08,-0.16,0.11,-0.98
97.80,R_LittleIntermediate,40.82,76.23,105.66,-0.06,-0.17,0.19,-0.96
97.80,R_IndexProximal,34.45,77.11,106.15,-0.10,-0.18,0.00,-0.98
97.80,R_MiddleProximal,36.71,77.55,105.51,-0.10,-0.15,0.04,-0.98
97.80,R_ThumbProximal,30.63,76.57,103.19,-0.04,0.06,-0.47,-0.88
97.80,R_RingProximal,38.46,77.13,104.19,-0.08,-0.15,0.08,-0.98
97.80,L_LittleProximal,-19.29,59.67,82.99,-0.07,-0.19,-0.42,-0.89
97.81,Main Camera,-2.88,128.33,69.12,0.07,0.09,-0.06,0.99
97.81,R_Palm,35.72,77.57,102.42,-0.04,-0.14,0.02,-0.99
97.81,R_ThumbTip,29.93,75.60,109.37,-0.05,0.13,-0.53,-0.83
97.81,R_IndexTip,37.81,75.12,114.38,-0.12,-0.21,0.04,-0.97
97.81,R_MiddleTip,39.87,75.75,115.10,-0.04,-0.17,0.08,-0.98
97.81,R_RingTip,41.14,75.40,113.33,-0.08,-0.13,0.12,-0.98
97.81,R_LittleTip,42.11,75.63,110.00,-0.05,-0.13,0.19,-0.97
97.81,R_ThumbDistal,30.44,76.06,106.82,-0.05,0.13,-0.53,-0.83
97.81,R_IndexIntermediate,35.88,76.25,109.92,-0.12,-0.19,0.03,-0.97
97.81,R_MiddleIntermediate,38.08,76.56,109.85,-0.10,-0.16,0.05,-0.98
97.81,R_RingIntermediate,39.67,76.32,108.17,-0.09,-0.16,0.11,-0.98
97.81,R_LittleIntermediate,40.85,76.21,105.71,-0.06,-0.18,0.19,-0.96
97.81,R_IndexProximal,34.48,77.08,106.21,-0.11,-0.18,0.00,-0.98
97.81,R_MiddleProximal,36.74,77.53,105.56,-0.10,-0.15,0.04,-0.98
97.81,R_ThumbProximal,30.65,76.54,103.25,-0.04,0.06,-0.47,-0.88
97.81,R_RingProximal,38.48,77.11,104.25,-0.08,-0.15,0.08,-0.98
97.81,L_LittleProximal,-19.30,59.64,82.94,-0.07,-0.19,-0.42,-0.88
97.82,Main Camera,-2.83,128.33,69.33,0.08,0.10,-0.06,0.99
97.82,R_Palm,35.73,77.56,102.42,-0.05,-0.14,0.02,-0.99
97.82,R_ThumbTip,29.97,75.49,109.35,-0.05,0.13,-0.54,-0.83
97.82,R_IndexTip,37.84,75.06,114.37,-0.12,-0.21,0.03,-0.97
97.82,R_MiddleTip,39.88,75.71,115.09,-0.05,-0.17,0.07,-0.98
97.82,R_RingTip,41.17,75.37,113.32,-0.09,-0.13,0.12,-0.98
97.82,R_LittleTip,42.13,75.63,109.99,-0.05,-0.13,0.18,-0.97
97.82,R_ThumbDistal,30.46,75.98,106.81,-0.05,0.13,-0.54,-0.83
97.82,R_IndexIntermediate,35.90,76.20,109.91,-0.13,-0.19,0.02,-0.97
97.82,R_MiddleIntermediate,38.09,76.53,109.84,-0.10,-0.16,0.04,-0.98
97.82,R_RingIntermediate,39.68,76.31,108.16,-0.09,-0.16,0.11,-0.98
97.82,R_LittleIntermediate,40.87,76.22,105.70,-0.06,-0.18,0.18,-0.97
97.82,R_IndexProximal,34.49,77.04,106.20,-0.11,-0.18,-0.01,-0.98
97.82,R_MiddleProximal,36.75,77.51,105.56,-0.10,-0.15,0.03,-0.98
97.82,R_ThumbProximal,30.67,76.48,103.23,-0.05,0.06,-0.47,-0.88
97.82,R_RingProximal,38.50,77.11,104.24,-0.09,-0.15,0.08,-0.98
97.82,L_LittleProximal,-19.40,59.69,82.79,-0.07,-0.19,-0.43,-0.88
97.84,Main Camera,-2.78,128.30,69.53,0.08,0.11,-0.06,0.99
97.84,R_Palm,35.73,77.56,102.38,-0.05,-0.14,0.01,-0.99
97.84,R_ThumbTip,30.00,75.38,109.30,-0.06,0.13,-0.54,-0.83
97.84,R_IndexTip,37.86,75.01,114.31,-0.12,-0.21,0.03,-0.97
97.84,R_MiddleTip,39.90,75.66,115.03,-0.05,-0.17,0.07,-0.98
97.84,R_RingTip,41.18,75.34,113.26,-0.09,-0.13,0.11,-0.98
97.84,R_LittleTip,42.15,75.63,109.93,-0.05,-0.13,0.18,-0.97
97.84,R_ThumbDistal,30.47,75.89,106.75,-0.06,0.13,-0.54,-0.83
97.84,R_IndexIntermediate,35.91,76.16,109.86,-0.13,-0.19,0.02,-0.97
97.84,R_MiddleIntermediate,38.10,76.50,109.79,-0.10,-0.16,0.04,-0.98
97.84,R_RingIntermediate,39.69,76.30,108.11,-0.09,-0.16,0.10,-0.98
97.84,R_LittleIntermediate,40.88,76.25,105.64,-0.06,-0.18,0.18,-0.97
97.84,R_IndexProximal,34.49,77.00,106.15,-0.11,-0.18,-0.01,-0.98
97.84,R_MiddleProximal,36.75,77.49,105.52,-0.11,-0.15,0.03,-0.98
97.84,R_ThumbProximal,30.68,76.43,103.19,-0.05,0.06,-0.48,-0.88
97.84,R_RingProximal,38.50,77.12,104.19,-0.09,-0.15,0.07,-0.98
97.84,L_LittleProximal,-19.54,59.72,82.57,-0.07,-0.18,-0.43,-0.88
97.85,Main Camera,-2.73,128.26,69.73,0.08,0.12,-0.06,0.99
97.85,R_Palm,35.61,77.75,102.15,-0.05,-0.14,0.01,-0.99
97.85,R_ThumbTip,29.88,75.51,109.04,-0.06,0.13,-0.54,-0.83
97.85,R_IndexTip,37.73,75.20,114.08,-0.12,-0.21,0.03,-0.97
97.85,R_MiddleTip,39.77,75.82,114.81,-0.05,-0.17,0.07,-0.98
97.85,R_RingTip,41.06,75.51,113.03,-0.09,-0.13,0.11,-0.98
97.85,R_LittleTip,42.03,75.81,109.70,-0.05,-0.13,0.18,-0.97
97.85,R_ThumbDistal,30.36,76.03,106.51,-0.06,0.13,-0.54,-0.83
97.85,R_IndexIntermediate,35.79,76.33,109.63,-0.13,-0.19,0.01,-0.97
97.85,R_MiddleIntermediate,37.97,76.67,109.56,-0.11,-0.16,0.04,-0.98
97.85,R_RingIntermediate,39.57,76.49,107.88,-0.09,-0.16,0.10,-0.98
97.85,R_LittleIntermediate,40.76,76.44,105.42,-0.07,-0.18,0.17,-0.97
97.85,R_IndexProximal,34.37,77.16,105.92,-0.11,-0.18,-0.02,-0.98
97.85,R_MiddleProximal,36.63,77.67,105.29,-0.11,-0.15,0.03,-0.98
97.85,R_ThumbProximal,30.57,76.59,102.94,-0.05,0.06,-0.48,-0.87
97.85,R_RingProximal,38.38,77.31,103.97,-0.09,-0.15,0.07,-0.98
97.85,L_LittleProximal,-19.67,59.74,82.38,-0.07,-0.18,-0.43,-0.88
97.87,Main Camera,-2.66,128.22,69.94,0.08,0.12,-0.06,0.99
97.87,R_Palm,35.49,77.96,101.89,-0.05,-0.14,0.01,-0.99
97.87,R_ThumbTip,29.76,75.66,108.77,-0.06,0.13,-0.54,-0.83
97.87,R_IndexTip,37.59,75.43,113.84,-0.12,-0.21,0.02,-0.97
97.87,R_MiddleTip,39.62,76.02,114.56,-0.05,-0.17,0.06,-0.98
97.87,R_RingTip,40.91,75.71,112.78,-0.09,-0.13,0.11,-0.98
97.87,R_LittleTip,41.90,76.02,109.46,-0.05,-0.13,0.17,-0.97
97.87,R_ThumbDistal,30.23,76.20,106.23,-0.06,0.13,-0.54,-0.83
97.87,R_IndexIntermediate,35.65,76.54,109.37,-0.12,-0.18,0.01,-0.97
97.87,R_MiddleIntermediate,37.84,76.87,109.31,-0.11,-0.16,0.03,-0.98
97.87,R_RingIntermediate,39.44,76.69,107.63,-0.09,-0.16,0.10,-0.98
97.87,R_LittleIntermediate,40.64,76.66,105.17,-0.07,-0.18,0.17,-0.97
97.87,R_IndexProximal,34.24,77.36,105.66,-0.11,-0.18,-0.02,-0.98
97.87,R_MiddleProximal,36.49,77.87,105.04,-0.11,-0.15,0.02,-0.98
97.87,R_ThumbProximal,30.44,76.77,102.67,-0.06,0.06,-0.48,-0.87
97.87,R_RingProximal,38.25,77.53,103.72,-0.09,-0.15,0.07,-0.98
97.87,L_LittleProximal,-19.79,59.76,82.23,-0.07,-0.18,-0.43,-0.88
97.88,Main Camera,-2.60,128.16,70.16,0.08,0.13,-0.07,0.99
97.88,R_Palm,35.48,77.99,101.88,-0.05,-0.14,0.01,-0.99
97.88,R_ThumbTip,29.74,75.67,108.74,-0.06,0.13,-0.55,-0.83
97.88,R_IndexTip,37.55,75.49,113.84,-0.12,-0.21,0.02,-0.97
97.88,R_MiddleTip,39.58,76.05,114.56,-0.05,-0.16,0.06,-0.98
97.88,R_RingTip,40.88,75.75,112.79,-0.09,-0.13,0.11,-0.98
97.88,R_LittleTip,41.87,76.05,109.47,-0.06,-0.13,0.17,-0.97
97.88,R_ThumbDistal,30.22,76.22,106.20,-0.06,0.13,-0.55,-0.83
97.88,R_IndexIntermediate,35.62,76.58,109.37,-0.12,-0.18,0.01,-0.98
97.88,R_MiddleIntermediate,37.81,76.90,109.31,-0.11,-0.16,0.03,-0.98
97.88,R_RingIntermediate,39.41,76.73,107.64,-0.09,-0.15,0.10,-0.98
97.88,R_LittleIntermediate,40.62,76.69,105.18,-0.07,-0.18,0.17,-0.97
97.88,R_IndexProximal,34.22,77.38,105.64,-0.10,-0.17,-0.02,-0.98
97.88,R_MiddleProximal,36.47,77.90,105.03,-0.11,-0.15,0.02,-0.98
97.88,R_ThumbProximal,30.43,76.79,102.64,-0.06,0.07,-0.48,-0.87
97.88,R_RingProximal,38.24,77.56,103.72,-0.09,-0.15,0.06,-0.98
97.88,L_LittleProximal,-19.90,59.73,82.14,-0.07,-0.18,-0.43,-0.88
97.89,Main Camera,-2.54,128.12,70.37,0.08,0.14,-0.07,0.98
97.89,R_Palm,35.48,77.97,101.90,-0.05,-0.13,0.01,-0.99
97.89,R_ThumbTip,29.73,75.64,108.74,-0.06,0.13,-0.55,-0.82
97.89,R_IndexTip,37.53,75.50,113.86,-0.12,-0.21,0.02,-0.97
97.89,R_MiddleTip,39.55,76.06,114.59,-0.05,-0.16,0.06,-0.98
97.89,R_RingTip,40.85,75.77,112.83,-0.09,-0.12,0.11,-0.98
97.89,R_LittleTip,41.85,76.02,109.50,-0.06,-0.13,0.17,-0.98
97.89,R_ThumbDistal,30.21,76.19,106.20,-0.06,0.13,-0.55,-0.82
97.89,R_IndexIntermediate,35.61,76.57,109.39,-0.12,-0.18,0.01,-0.98
97.89,R_MiddleIntermediate,37.79,76.89,109.34,-0.10,-0.15,0.03,-0.98
97.89,R_RingIntermediate,39.40,76.73,107.67,-0.09,-0.15,0.10,-0.98
97.89,R_LittleIntermediate,40.61,76.67,105.21,-0.07,-0.17,0.17,-0.97
97.89,R_IndexProximal,34.21,77.36,105.66,-0.10,-0.17,-0.02,-0.98
97.89,R_MiddleProximal,36.47,77.88,105.05,-0.11,-0.15,0.02,-0.98
97.89,R_ThumbProximal,30.44,76.78,102.64,-0.06,0.07,-0.48,-0.87
97.89,R_RingProximal,38.24,77.54,103.74,-0.09,-0.15,0.06,-0.98
97.89,L_LittleProximal,-19.91,59.69,82.12,-0.07,-0.18,-0.43,-0.88
97.91,Main Camera,-2.45,128.04,70.58,0.08,0.15,-0.07,0.98
97.91,R_Palm,35.49,77.93,101.94,-0.05,-0.13,0.01,-0.99
97.91,R_ThumbTip,29.72,75.62,108.75,-0.06,0.14,-0.55,-0.82
97.91,R_IndexTip,37.48,75.48,113.92,-0.12,-0.21,0.02,-0.97
97.91,R_MiddleTip,39.50,76.05,114.66,-0.05,-0.16,0.06,-0.98
97.91,R_RingTip,40.81,75.79,112.90,-0.09,-0.12,0.11,-0.98
97.91,R_LittleTip,41.82,75.99,109.57,-0.06,-0.12,0.17,-0.98
97.91,R_ThumbDistal,30.21,76.17,106.22,-0.06,0.14,-0.55,-0.82
97.91,R_IndexIntermediate,35.58,76.55,109.43,-0.12,-0.18,0.01,-0.98
97.91,R_MiddleIntermediate,37.77,76.87,109.39,-0.10,-0.15,0.03,-0.98
97.91,R_RingIntermediate,39.38,76.71,107.73,-0.09,-0.15,0.10,-0.98
97.91,R_LittleIntermediate,40.61,76.64,105.27,-0.07,-0.17,0.17,-0.97
97.91,R_IndexProximal,34.20,77.33,105.69,-0.10,-0.17,-0.02,-0.98
97.91,R_MiddleProximal,36.46,77.84,105.10,-0.10,-0.15,0.02,-0.98
97.91,R_ThumbProximal,30.44,76.75,102.66,-0.05,0.07,-0.48,-0.87
97.91,R_RingProximal,38.24,77.50,103.80,-0.09,-0.15,0.06,-0.98
97.91,L_LittleProximal,-19.91,59.67,82.09,-0.07,-0.18,-0.43,-0.88
97.92,Main Camera,-2.36,127.98,70.77,0.08,0.15,-0.07,0.98
97.92,R_Palm,35.59,77.85,102.04,-0.05,-0.13,0.01,-0.99
97.92,R_ThumbTip,29.80,75.56,108.82,-0.06,0.14,-0.54,-0.83
97.92,R_IndexTip,37.49,75.44,114.04,-0.11,-0.20,0.02,-0.97
97.92,R_MiddleTip,39.51,76.02,114.80,-0.05,-0.16,0.06,-0.98
97.92,R_RingTip,40.83,75.76,113.06,-0.08,-0.12,0.11,-0.98
97.92,R_LittleTip,41.86,75.91,109.72,-0.06,-0.12,0.18,-0.98
97.92,R_ThumbDistal,30.29,76.11,106.29,-0.06,0.14,-0.54,-0.83
97.92,R_IndexIntermediate,35.62,76.50,109.54,-0.12,-0.18,0.01,-0.98
97.92,R_MiddleIntermediate,37.81,76.81,109.51,-0.10,-0.15,0.03,-0.98
97.92,R_RingIntermediate,39.44,76.65,107.87,-0.09,-0.15,0.10,-0.98
97.92,R_LittleIntermediate,40.68,76.55,105.42,-0.07,-0.17,0.17,-0.97
97.92,R_IndexProximal,34.27,77.26,105.79,-0.10,-0.17,-0.02,-0.98
97.92,R_MiddleProximal,36.54,77.77,105.20,-0.10,-0.14,0.02,-0.98
97.92,R_ThumbProximal,30.53,76.69,102.73,-0.05,0.07,-0.48,-0.87
97.92,R_RingProximal,38.32,77.41,103.92,-0.08,-0.14,0.07,-0.98
97.92,L_LittleProximal,-19.87,59.61,82.08,-0.08,-0.18,-0.43,-0.88
97.94,Main Camera,-2.27,127.92,70.95,0.08,0.16,-0.08,0.98
97.94,R_Palm,35.61,77.85,102.12,-0.05,-0.13,0.01,-0.99
97.94,R_ThumbTip,29.81,75.59,108.86,-0.06,0.14,-0.54,-0.83
97.94,R_IndexTip,37.41,75.48,114.14,-0.11,-0.20,0.03,-0.97
97.94,R_MiddleTip,39.43,76.06,114.91,-0.04,-0.15,0.07,-0.99
97.94,R_RingTip,40.77,75.82,113.18,-0.08,-0.11,0.11,-0.98
97.94,R_LittleTip,41.82,75.90,109.85,-0.06,-0.12,0.18,-0.98
97.94,R_ThumbDistal,30.30,76.14,106.34,-0.06,0.14,-0.54,-0.83
97.94,R_IndexIntermediate,35.58,76.53,109.62,-0.12,-0.17,0.01,-0.98
97.94,R_MiddleIntermediate,37.78,76.84,109.61,-0.10,-0.14,0.04,-0.98
97.94,R_RingIntermediate,39.42,76.67,107.98,-0.08,-0.14,0.10,-0.98
97.94,R_LittleIntermediate,40.67,76.54,105.53,-0.07,-0.16,0.18,-0.97
97.94,R_IndexProximal,34.27,77.29,105.85,-0.10,-0.16,-0.02,-0.98
97.94,R_MiddleProximal,36.54,77.78,105.29,-0.10,-0.14,0.03,-0.98
97.94,R_ThumbProximal,30.55,76.72,102.78,-0.05,0.07,-0.48,-0.87
97.94,R_RingProximal,38.33,77.41,104.02,-0.08,-0.14,0.07,-0.98
97.94,L_LittleProximal,-19.80,59.51,82.07,-0.07,-0.17,-0.44,-0.88
97.95,Main Camera,-2.17,127.87,71.13,0.08,0.16,-0.08,0.98
97.95,R_Palm,35.62,77.87,102.18,-0.05,-0.12,0.01,-0.99
97.95,R_ThumbTip,29.80,75.62,108.89,-0.06,0.14,-0.54,-0.83
97.95,R_IndexTip,37.31,75.52,114.23,-0.11,-0.20,0.03,-0.97
97.95,R_MiddleTip,39.34,76.11,115.01,-0.04,-0.15,0.07,-0.99
97.95,R_RingTip,40.70,75.89,113.30,-0.08,-0.11,0.11,-0.98
97.95,R_LittleTip,41.76,75.90,109.96,-0.06,-0.11,0.18,-0.98
97.95,R_ThumbDistal,30.29,76.18,106.36,-0.06,0.14,-0.54,-0.83
97.95,R_IndexIntermediate,35.53,76.56,109.68,-0.12,-0.17,0.01,-0.98
97.95,R_MiddleIntermediate,37.72,76.87,109.69,-0.10,-0.14,0.04,-0.98
97.95,R_RingIntermediate,39.38,76.70,108.07,-0.08,-0.14,0.10,-0.98
97.95,R_LittleIntermediate,40.65,76.54,105.64,-0.07,-0.16,0.18,-0.97
97.95,R_IndexProximal,34.24,77.32,105.91,-0.10,-0.16,-0.01,-0.98
97.95,R_MiddleProximal,36.52,77.79,105.36,-0.10,-0.14,0.03,-0.99
97.95,R_ThumbProximal,30.54,76.76,102.81,-0.05,0.07,-0.48,-0.87
97.95,R_RingProximal,38.32,77.41,104.10,-0.08,-0.13,0.07,-0.99
97.95,L_LittleProximal,-19.71,59.39,82.05,-0.08,-0.17,-0.44,-0.88
97.96,Main Camera,-2.08,127.83,71.31,0.09,0.17,-0.08,0.98
97.96,R_Palm,35.68,77.83,102.21,-0.05,-0.12,0.02,-0.99
97.96,R_ThumbTip,29.86,75.57,108.89,-0.06,0.14,-0.54,-0.83
97.96,R_IndexTip,37.29,75.46,114.26,-0.11,-0.19,0.03,-0.97
97.96,R_MiddleTip,39.32,76.06,115.05,-0.04,-0.15,0.07,-0.99
97.96,R_RingTip,40.70,75.86,113.35,-0.08,-0.11,0.11,-0.98
97.96,R_LittleTip,41.80,75.83,110.01,-0.06,-0.11,0.18,-0.97
97.96,R_ThumbDistal,30.34,76.14,106.36,-0.06,0.14,-0.54,-0.83
97.96,R_IndexIntermediate,35.53,76.52,109.71,-0.12,-0.17,0.02,-0.98
97.96,R_MiddleIntermediate,37.74,76.82,109.73,-0.10,-0.14,0.04,-0.98
97.96,R_RingIntermediate,39.40,76.67,108.12,-0.08,-0.14,0.10,-0.98
97.96,R_LittleIntermediate,40.70,76.49,105.68,-0.07,-0.16,0.18,-0.97
97.96,R_IndexProximal,34.28,77.28,105.93,-0.10,-0.16,-0.01,-0.98
97.96,R_MiddleProximal,36.56,77.75,105.39,-0.10,-0.13,0.03,-0.99
97.96,R_ThumbProximal,30.59,76.74,102.80,-0.06,0.07,-0.48,-0.87
97.96,R_RingProximal,38.36,77.37,104.14,-0.08,-0.13,0.07,-0.99
97.96,L_LittleProximal,-19.72,59.29,82.02,-0.07,-0.17,-0.44,-0.88
97.98,Main Camera,-1.95,127.78,71.49,0.09,0.17,-0.08,0.98
97.98,R_Palm,35.75,77.80,102.29,-0.05,-0.12,0.02,-0.99
97.98,R_ThumbTip,29.92,75.55,108.95,-0.07,0.14,-0.54,-0.83
97.98,R_IndexTip,37.17,75.40,114.39,-0.12,-0.18,0.03,-0.98
97.98,R_MiddleTip,39.34,76.03,115.15,-0.04,-0.14,0.07,-0.99
97.98,R_RingTip,40.74,75.86,113.46,-0.07,-0.11,0.11,-0.99
97.98,R_LittleTip,41.95,75.75,110.08,-0.06,-0.12,0.18,-0.97
97.98,R_ThumbDistal,30.40,76.13,106.42,-0.07,0.14,-0.54,-0.83
97.98,R_IndexIntermediate,35.51,76.48,109.81,-0.12,-0.16,0.02,-0.98
97.98,R_MiddleIntermediate,37.78,76.79,109.82,-0.10,-0.14,0.04,-0.99
97.98,R_RingIntermediate,39.45,76.64,108.22,-0.08,-0.14,0.11,-0.98
97.98,R_LittleIntermediate,40.80,76.43,105.77,-0.07,-0.17,0.18,-0.97
97.98,R_IndexProximal,34.33,77.26,106.01,-0.10,-0.15,-0.01,-0.98
97.98,R_MiddleProximal,36.62,77.72,105.47,-0.10,-0.13,0.03,-0.99
97.98,R_ThumbProximal,30.66,76.74,102.87,-0.06,0.07,-0.47,-0.88
97.98,R_RingProximal,38.42,77.32,104.23,-0.07,-0.13,0.07,-0.99
97.98,L_LittleProximal,-19.71,59.25,82.00,-0.06,-0.16,-0.45,-0.88
97.99,Main Camera,-1.85,127.72,71.64,0.09,0.18,-0.09,0.98
97.99,R_Palm,35.82,77.74,102.36,-0.05,-0.12,0.02,-0.99
97.99,R_ThumbTip,29.98,75.52,109.00,-0.07,0.14,-0.54,-0.83
97.99,R_IndexTip,37.00,75.33,114.52,-0.12,-0.17,0.04,-0.98
97.99,R_MiddleTip,39.37,75.98,115.23,-0.04,-0.14,0.08,-0.99
97.99,R_RingTip,40.79,75.82,113.54,-0.07,-0.11,0.12,-0.99
97.99,R_LittleTip,42.16,75.60,110.11,-0.06,-0.13,0.19,-0.97
97.99,R_ThumbDistal,30.47,76.09,106.47,-0.07,0.14,-0.54,-0.83
97.99,R_IndexIntermediate,35.47,76.42,109.90,-0.12,-0.14,0.02,-0.98
97.99,R_MiddleIntermediate,37.83,76.74,109.90,-0.10,-0.13,0.04,-0.99
97.99,R_RingIntermediate,39.52,76.58,108.30,-0.07,-0.13,0.11,-0.98
97.99,R_LittleIntermediate,40.93,76.33,105.83,-0.08,-0.18,0.19,-0.96
97.99,R_IndexProximal,34.40,77.21,106.07,-0.10,-0.13,-0.01,-0.99
97.99,R_MiddleProximal,36.69,77.65,105.54,-0.10,-0.13,0.03,-0.99
97.99,R_ThumbProximal,30.72,76.71,102.92,-0.06,0.07,-0.47,-0.88
97.99,R_RingProximal,38.49,77.25,104.31,-0.07,-0.13,0.08,-0.99
97.99,L_LittleProximal,-19.69,59.14,81.99,-0.06,-0.16,-0.45,-0.88
98.01,Main Camera,-1.73,127.69,71.80,0.09,0.18,-0.09,0.98
98.01,R_Palm,35.92,77.66,102.44,-0.05,-0.11,0.02,-0.99
98.01,R_ThumbTip,30.08,75.46,109.07,-0.07,0.14,-0.53,-0.83
98.01,R_IndexTip,36.91,75.23,114.65,-0.12,-0.16,0.04,-0.98
98.01,R_MiddleTip,39.45,75.91,115.32,-0.04,-0.14,0.08,-0.99
98.01,R_RingTip,40.89,75.76,113.63,-0.07,-0.11,0.12,-0.98
98.01,R_LittleTip,42.36,75.45,110.16,-0.06,-0.14,0.19,-0.97
98.01,R_ThumbDistal,30.56,76.04,106.55,-0.07,0.14,-0.53,-0.83
98.01,R_IndexIntermediate,35.48,76.34,110.00,-0.12,-0.13,0.03,-0.98
98.01,R_MiddleIntermediate,37.92,76.66,109.98,-0.09,-0.13,0.05,-0.99
98.01,R_RingIntermediate,39.61,76.50,108.38,-0.07,-0.13,0.11,-0.98
98.01,R_LittleIntermediate,41.07,76.21,105.90,-0.08,-0.18,0.19,-0.96
98.01,R_IndexProximal,34.49,77.13,106.15,-0.10,-0.12,0.00,-0.99
98.01,R_MiddleProximal,36.78,77.56,105.62,-0.09,-0.13,0.04,-0.99
98.01,R_ThumbProximal,30.81,76.66,103.00,-0.06,0.07,-0.47,-0.88
98.01,R_RingProximal,38.59,77.15,104.39,-0.07,-0.13,0.08,-0.99
98.01,L_LittleProximal,-19.68,58.98,81.95,-0.06,-0.16,-0.45,-0.88
98.02,Main Camera,-1.61,127.67,71.94,0.09,0.19,-0.09,0.97
98.02,R_Palm,36.02,77.58,102.51,-0.05,-0.11,0.03,-0.99
98.02,R_ThumbTip,30.18,75.41,109.14,-0.07,0.14,-0.53,-0.83
98.02,R_IndexTip,36.84,75.15,114.77,-0.12,-0.15,0.04,-0.98
98.02,R_MiddleTip,39.53,75.85,115.40,-0.04,-0.14,0.08,-0.99
98.02,R_RingTip,41.00,75.71,113.70,-0.07,-0.11,0.12,-0.98
98.02,R_LittleTip,42.53,75.31,110.20,-0.06,-0.14,0.19,-0.97
98.02,R_ThumbDistal,30.66,75.99,106.62,-0.07,0.14,-0.53,-0.83
98.02,R_IndexIntermediate,35.50,76.27,110.09,-0.12,-0.12,0.03,-0.98
98.02,R_MiddleIntermediate,38.00,76.59,110.06,-0.09,-0.13,0.05,-0.99
98.02,R_RingIntermediate,39.71,76.43,108.46,-0.07,-0.14,0.11,-0.98
98.02,R_LittleIntermediate,41.20,76.09,105.96,-0.08,-0.19,0.19,-0.96
98.02,R_IndexProximal,34.58,77.07,106.22,-0.10,-0.11,0.00,-0.99
98.02,R_MiddleProximal,36.88,77.48,105.70,-0.09,-0.13,0.04,-0.99
98.02,R_ThumbProximal,30.90,76.61,103.07,-0.06,0.07,-0.47,-0.88
98.02,R_RingProximal,38.68,77.06,104.47,-0.07,-0.13,0.08,-0.99
98.02,L_LittleProximal,-19.68,58.82,81.90,-0.06,-0.16,-0.45,-0.88
98.03,Main Camera,-1.48,127.62,72.08,0.09,0.19,-0.09,0.97
98.03,R_Palm,36.00,77.58,102.49,-0.05,-0.11,0.03,-0.99
98.03,R_ThumbTip,30.17,75.42,109.12,-0.07,0.14,-0.53,-0.83
98.03,R_IndexTip,36.75,75.16,114.76,-0.12,-0.15,0.04,-0.98
98.03,R_MiddleTip,39.49,75.87,115.39,-0.04,-0.14,0.08,-0.99
98.03,R_RingTip,40.98,75.74,113.69,-0.06,-0.11,0.12,-0.98
98.03,R_LittleTip,42.51,75.31,110.19,-0.06,-0.14,0.19,-0.97
98.03,R_ThumbDistal,30.64,76.00,106.60,-0.07,0.14,-0.53,-0.83
98.03,R_IndexIntermediate,35.45,76.28,110.08,-0.12,-0.12,0.03,-0.99
98.03,R_MiddleIntermediate,37.97,76.60,110.05,-0.09,-0.13,0.05,-0.99
98.03,R_RingIntermediate,39.69,76.43,108.44,-0.07,-0.14,0.12,-0.98
98.03,R_LittleIntermediate,41.18,76.08,105.95,-0.08,-0.19,0.19,-0.96
98.03,R_IndexProximal,34.56,77.07,106.20,-0.10,-0.11,0.00,-0.99
98.03,R_MiddleProximal,36.86,77.48,105.68,-0.09,-0.13,0.04,-0.99
98.03,R_ThumbProximal,30.88,76.63,103.04,-0.06,0.07,-0.47,-0.88
98.03,R_RingProximal,38.66,77.05,104.45,-0.06,-0.13,0.08,-0.99
98.03,L_LittleProximal,-19.67,58.73,81.97,-0.06,-0.16,-0.45,-0.88
98.05,Main Camera,-1.34,127.61,72.21,0.09,0.20,-0.09,0.97
98.05,R_Palm,35.98,77.57,102.47,-0.05,-0.11,0.03,-0.99
98.05,R_ThumbTip,30.17,75.43,109.10,-0.07,0.14,-0.53,-0.83
98.05,R_IndexTip,36.66,75.17,114.76,-0.12,-0.14,0.04,-0.98
98.05,R_MiddleTip,39.46,75.89,115.38,-0.04,-0.14,0.08,-0.99
98.05,R_RingTip,40.96,75.76,113.68,-0.06,-0.11,0.12,-0.98
98.05,R_LittleTip,42.49,75.31,110.18,-0.06,-0.14,0.20,-0.97
98.05,R_ThumbDistal,30.63,76.01,106.57,-0.07,0.14,-0.53,-0.83
98.05,R_IndexIntermediate,35.39,76.29,110.07,-0.12,-0.12,0.03,-0.99
98.05,R_MiddleIntermediate,37.95,76.61,110.03,-0.09,-0.13,0.05,-0.99
98.05,R_RingIntermediate,39.67,76.44,108.43,-0.06,-0.14,0.12,-0.98
98.05,R_LittleIntermediate,41.16,76.08,105.93,-0.08,-0.19,0.19,-0.96
98.05,R_IndexProximal,34.54,77.08,106.18,-0.10,-0.11,0.00,-0.99
98.05,R_MiddleProximal,36.84,77.48,105.66,-0.09,-0.13,0.04,-0.99
98.05,R_ThumbProximal,30.85,76.64,103.02,-0.06,0.07,-0.46,-0.88
98.05,R_RingProximal,38.64,77.04,104.43,-0.06,-0.13,0.08,-0.99
98.05,L_LittleProximal,-19.65,58.64,82.03,-0.06,-0.16,-0.44,-0.88
98.06,Main Camera,-1.18,127.60,72.32,0.09,0.20,-0.09,0.97
98.06,R_Palm,35.96,77.57,102.44,-0.05,-0.11,0.03,-0.99
98.06,R_ThumbTip,30.17,75.41,109.06,-0.07,0.13,-0.53,-0.83
98.06,R_IndexTip,36.61,75.17,114.74,-0.12,-0.14,0.05,-0.98
98.06,R_MiddleTip,39.43,75.90,115.35,-0.04,-0.14,0.08,-0.99
98.06,R_RingTip,40.94,75.77,113.65,-0.06,-0.11,0.12,-0.98
98.06,R_LittleTip,42.47,75.31,110.15,-0.06,-0.14,0.20,-0.97
98.06,R_ThumbDistal,30.62,76.01,106.54,-0.07,0.13,-0.53,-0.83
98.06,R_IndexIntermediate,35.36,76.29,110.04,-0.12,-0.11,0.03,-0.99
98.06,R_MiddleIntermediate,37.92,76.62,110.00,-0.09,-0.13,0.05,-0.99
98.06,R_RingIntermediate,39.65,76.44,108.40,-0.06,-0.13,0.12,-0.98
98.06,R_LittleIntermediate,41.14,76.07,105.90,-0.08,-0.19,0.19,-0.96
98.06,R_IndexProximal,34.52,77.08,106.15,-0.10,-0.11,0.00,-0.99
98.06,R_MiddleProximal,36.81,77.48,105.63,-0.09,-0.13,0.04,-0.99
98.06,R_ThumbProximal,30.83,76.65,102.98,-0.07,0.07,-0.46,-0.88
98.06,R_RingProximal,38.62,77.04,104.40,-0.06,-0.13,0.08,-0.99
98.06,L_LittleProximal,-19.65,58.48,82.18,-0.06,-0.16,-0.44,-0.88
98.07,Main Camera,-1.06,127.60,72.44,0.09,0.20,-0.09,0.97
98.07,R_Palm,35.93,77.57,102.39,-0.05,-0.11,0.03,-0.99
98.07,R_ThumbTip,30.16,75.40,109.01,-0.08,0.13,-0.53,-0.83
98.07,R_IndexTip,36.57,75.17,114.69,-0.12,-0.14,0.05,-0.98
98.07,R_MiddleTip,39.39,75.91,115.30,-0.04,-0.14,0.08,-0.99
98.07,R_RingTip,40.91,75.79,113.60,-0.06,-0.11,0.12,-0.98
98.07,R_LittleTip,42.44,75.32,110.10,-0.06,-0.14,0.20,-0.97
98.07,R_ThumbDistal,30.60,76.00,106.48,-0.08,0.13,-0.53,-0.83
98.07,R_IndexIntermediate,35.33,76.29,109.99,-0.12,-0.11,0.03,-0.99
98.07,R_MiddleIntermediate,37.89,76.62,109.95,-0.09,-0.13,0.05,-0.99
98.07,R_RingIntermediate,39.62,76.45,108.35,-0.06,-0.13,0.12,-0.98
98.07,R_LittleIntermediate,41.11,76.08,105.85,-0.08,-0.19,0.19,-0.96
98.07,R_IndexProximal,34.49,77.08,106.09,-0.10,-0.11,0.00,-0.99
98.07,R_MiddleProximal,36.79,77.48,105.57,-0.09,-0.13,0.04,-0.99
98.07,R_ThumbProximal,30.80,76.65,102.93,-0.07,0.07,-0.46,-0.88
98.07,R_RingProximal,38.59,77.04,104.35,-0.06,-0.13,0.08,-0.99
98.07,L_LittleProximal,-19.63,58.41,82.36,-0.06,-0.16,-0.43,-0.88
98.09,Main Camera,-0.94,127.57,72.54,0.09,0.21,-0.10,0.97
98.09,R_Palm,35.91,77.58,102.34,-0.05,-0.11,0.03,-0.99
98.09,R_ThumbTip,30.16,75.40,108.97,-0.08,0.13,-0.53,-0.83
98.09,R_IndexTip,36.54,75.18,114.65,-0.12,-0.14,0.05,-0.98
98.09,R_MiddleTip,39.35,75.92,115.27,-0.04,-0.14,0.08,-0.99
98.09,R_RingTip,40.88,75.81,113.56,-0.06,-0.11,0.12,-0.98
98.09,R_LittleTip,42.42,75.34,110.06,-0.06,-0.14,0.20,-0.97
98.09,R_ThumbDistal,30.58,76.01,106.44,-0.08,0.13,-0.53,-0.83
98.09,R_IndexIntermediate,35.30,76.30,109.94,-0.12,-0.11,0.03,-0.99
98.09,R_MiddleIntermediate,37.86,76.63,109.91,-0.09,-0.13,0.05,-0.99
98.09,R_RingIntermediate,39.60,76.47,108.31,-0.06,-0.13,0.12,-0.98
98.09,R_LittleIntermediate,41.09,76.09,105.81,-0.08,-0.19,0.19,-0.96
98.09,R_IndexProximal,34.46,77.09,106.05,-0.10,-0.10,0.00,-0.99
98.09,R_MiddleProximal,36.76,77.49,105.53,-0.09,-0.12,0.04,-0.99
98.09,R_ThumbProximal,30.77,76.66,102.89,-0.07,0.07,-0.46,-0.88
98.09,R_RingProximal,38.57,77.05,104.31,-0.06,-0.13,0.08,-0.99
98.09,L_LittleProximal,-19.61,58.33,82.52,-0.06,-0.16,-0.43,-0.89
98.11,Main Camera,-0.79,127.57,72.64,0.09,0.21,-0.10,0.97
98.11,R_Palm,35.88,77.59,102.30,-0.05,-0.11,0.03,-0.99
98.11,R_ThumbTip,30.15,75.40,108.92,-0.08,0.13,-0.53,-0.83
98.11,R_IndexTip,36.50,75.19,114.61,-0.12,-0.14,0.05,-0.98
98.11,R_MiddleTip,39.32,75.94,115.23,-0.04,-0.14,0.08,-0.99
98.11,R_RingTip,40.86,75.83,113.52,-0.06,-0.11,0.12,-0.98
98.11,R_LittleTip,42.39,75.35,110.02,-0.06,-0.14,0.20,-0.97
98.11,R_ThumbDistal,30.57,76.01,106.39,-0.08,0.13,-0.53,-0.83
98.11,R_IndexIntermediate,35.27,76.31,109.90,-0.12,-0.11,0.03,-0.99
98.11,R_MiddleIntermediate,37.83,76.65,109.87,-0.09,-0.13,0.05,-0.99
98.11,R_RingIntermediate,39.57,76.48,108.26,-0.06,-0.13,0.12,-0.98
98.11,R_LittleIntermediate,41.06,76.10,105.77,-0.07,-0.19,0.19,-0.96
98.11,R_IndexProximal,34.44,77.10,106.01,-0.10,-0.10,0.00,-0.99
98.11,R_MiddleProximal,36.74,77.50,105.49,-0.09,-0.12,0.04,-0.99
98.11,R_ThumbProximal,30.74,76.68,102.84,-0.07,0.06,-0.46,-0.88
98.11,R_RingProximal,38.54,77.06,104.26,-0.06,-0.13,0.08,-0.99
98.11,L_LittleProximal,-19.59,58.25,82.66,-0.06,-0.16,-0.43,-0.89
98.12,Main Camera,-0.64,127.58,72.75,0.09,0.21,-0.10,0.97
98.12,R_Palm,35.85,77.62,102.29,-0.05,-0.11,0.03,-0.99
98.12,R_ThumbTip,30.13,75.43,108.91,-0.08,0.13,-0.53,-0.83
98.12,R_IndexTip,36.47,75.23,114.60,-0.12,-0.14,0.05,-0.98
98.12,R_MiddleTip,39.28,75.98,115.22,-0.04,-0.14,0.08,-0.99
98.12,R_RingTip,40.82,75.87,113.51,-0.06,-0.11,0.12,-0.98
98.12,R_LittleTip,42.36,75.40,110.01,-0.06,-0.14,0.20,-0.97
98.12,R_ThumbDistal,30.55,76.04,106.38,-0.08,0.13,-0.53,-0.83
98.12,R_IndexIntermediate,35.24,76.35,109.89,-0.12,-0.11,0.03,-0.99
98.12,R_MiddleIntermediate,37.80,76.68,109.86,-0.09,-0.13,0.05,-0.99
98.12,R_RingIntermediate,39.54,76.52,108.26,-0.06,-0.13,0.12,-0.98
98.12,R_LittleIntermediate,41.03,76.14,105.76,-0.07,-0.19,0.19,-0.96
98.12,R_IndexProximal,34.41,77.14,106.00,-0.10,-0.10,0.00,-0.99
98.12,R_MiddleProximal,36.71,77.54,105.48,-0.09,-0.12,0.04,-0.99
98.12,R_ThumbProximal,30.71,76.71,102.83,-0.07,0.06,-0.46,-0.88
98.12,R_RingProximal,38.51,77.09,104.25,-0.06,-0.13,0.08,-0.99
98.12,L_LittleProximal,-19.68,58.03,82.74,-0.06,-0.16,-0.42,-0.89
98.13,Main Camera,-0.51,127.62,72.85,0.09,0.22,-0.10,0.97
98.13,R_Palm,35.82,77.66,102.28,-0.05,-0.11,0.03,-0.99
98.13,R_ThumbTip,30.12,75.47,108.91,-0.08,0.13,-0.53,-0.83
98.13,R_IndexTip,36.43,75.30,114.60,-0.12,-0.14,0.04,-0.98
98.13,R_MiddleTip,39.24,76.05,115.22,-0.04,-0.14,0.08,-0.99
98.13,R_RingTip,40.79,75.95,113.51,-0.06,-0.11,0.12,-0.99
98.13,R_LittleTip,42.33,75.48,110.01,-0.06,-0.14,0.19,-0.97
98.13,R_ThumbDistal,30.53,76.08,106.38,-0.08,0.13,-0.53,-0.83
98.13,R_IndexIntermediate,35.20,76.41,109.89,-0.12,-0.11,0.03,-0.99
98.13,R_MiddleIntermediate,37.76,76.74,109.85,-0.09,-0.13,0.05,-0.99
98.13,R_RingIntermediate,39.51,76.58,108.25,-0.06,-0.13,0.12,-0.98
98.13,R_LittleIntermediate,41.00,76.20,105.76,-0.07,-0.19,0.19,-0.96
98.13,R_IndexProximal,34.38,77.19,105.99,-0.10,-0.10,0.00,-0.99
98.13,R_MiddleProximal,36.68,77.59,105.47,-0.09,-0.12,0.04,-0.99
98.13,R_ThumbProximal,30.68,76.75,102.83,-0.07,0.06,-0.47,-0.88
98.13,R_RingProximal,38.48,77.15,104.25,-0.06,-0.13,0.08,-0.99
98.13,L_LittleProximal,-19.78,57.80,82.82,-0.06,-0.16,-0.42,-0.89
98.14,Main Camera,-0.35,127.65,72.95,0.08,0.22,-0.10,0.97
98.14,R_Palm,35.81,77.70,102.30,-0.04,-0.11,0.03,-0.99
98.14,R_ThumbTip,30.14,75.51,108.94,-0.08,0.13,-0.53,-0.83
98.14,R_IndexTip,36.42,75.40,114.63,-0.12,-0.14,0.04,-0.98
98.14,R_MiddleTip,39.22,76.16,115.25,-0.03,-0.14,0.08,-0.99
98.14,R_RingTip,40.78,76.07,113.54,-0.06,-0.10,0.12,-0.99
98.14,R_LittleTip,42.31,75.58,110.05,-0.06,-0.14,0.19,-0.97
98.14,R_ThumbDistal,30.53,76.11,106.41,-0.08,0.13,-0.53,-0.83
98.14,R_IndexIntermediate,35.19,76.48,109.92,-0.11,-0.11,0.03,-0.99
98.14,R_MiddleIntermediate,37.74,76.82,109.88,-0.09,-0.13,0.05,-0.99
98.14,R_RingIntermediate,39.50,76.66,108.28,-0.06,-0.13,0.11,-0.98
98.14,R_LittleIntermediate,40.99,76.28,105.79,-0.07,-0.19,0.19,-0.96
98.14,R_IndexProximal,34.36,77.23,106.02,-0.09,-0.10,0.00,-0.99
98.14,R_MiddleProximal,36.66,77.64,105.49,-0.09,-0.12,0.04,-0.99
98.14,R_ThumbProximal,30.67,76.76,102.85,-0.07,0.06,-0.47,-0.88
98.14,R_RingProximal,38.47,77.20,104.27,-0.05,-0.13,0.08,-0.99
98.14,L_LittleProximal,-19.84,57.68,82.83,-0.06,-0.16,-0.42,-0.89
98.16,Main Camera,-0.21,127.69,73.05,0.08,0.22,-0.10,0.97
98.16,R_Palm,35.79,77.74,102.33,-0.04,-0.11,0.02,-0.99
98.16,R_ThumbTip,30.14,75.53,108.96,-0.08,0.12,-0.54,-0.83
98.16,R_IndexTip,36.38,75.56,114.68,-0.11,-0.14,0.04,-0.98
98.16,R_MiddleTip,39.16,76.35,115.30,-0.03,-0.13,0.08,-0.99
98.16,R_RingTip,40.73,76.27,113.60,-0.05,-0.10,0.12,-0.99
98.16,R_LittleTip,42.28,75.77,110.11,-0.05,-0.14,0.19,-0.97
98.16,R_ThumbDistal,30.53,76.12,106.42,-0.08,0.12,-0.54,-0.83
98.16,R_IndexIntermediate,35.16,76.58,109.95,-0.11,-0.11,0.02,-0.99
98.16,R_MiddleIntermediate,37.70,76.95,109.92,-0.08,-0.13,0.04,-0.99
98.16,R_RingIntermediate,39.47,76.80,108.33,-0.05,-0.13,0.11,-0.98
98.16,R_LittleIntermediate,40.97,76.41,105.84,-0.06,-0.18,0.19,-0.96
98.16,R_IndexProximal,34.34,77.29,106.04,-0.09,-0.10,0.00,-0.99
98.16,R_MiddleProximal,36.63,77.72,105.52,-0.08,-0.12,0.03,-0.99
98.16,R_ThumbProximal,30.66,76.75,102.87,-0.07,0.06,-0.47,-0.88
98.16,R_RingProximal,38.45,77.29,104.31,-0.05,-0.13,0.07,-0.99
98.16,L_LittleProximal,-19.88,57.54,82.84,-0.06,-0.16,-0.42,-0.89
98.17,Main Camera,-0.08,127.73,73.14,0.08,0.22,-0.10,0.97
98.17,R_Palm,35.76,77.72,102.36,-0.04,-0.11,0.02,-0.99
98.17,R_ThumbTip,30.13,75.50,108.99,-0.08,0.12,-0.54,-0.83
98.17,R_IndexTip,36.31,75.65,114.74,-0.11,-0.14,0.03,-0.98
98.17,R_MiddleTip,39.07,76.46,115.36,-0.02,-0.13,0.07,-0.99
98.17,R_RingTip,40.66,76.39,113.66,-0.05,-0.10,0.11,-0.99
98.17,R_LittleTip,42.22,75.88,110.19,-0.05,-0.13,0.18,-0.97
98.17,R_ThumbDistal,30.50,76.08,106.45,-0.08,0.12,-0.54,-0.83
98.17,R_IndexIntermediate,35.10,76.61,109.99,-0.10,-0.11,0.02,-0.99
98.17,R_MiddleIntermediate,37.64,77.01,109.97,-0.08,-0.12,0.04,-0.99
98.17,R_RingIntermediate,39.42,76.87,108.38,-0.05,-0.13,0.10,-0.98
98.17,R_LittleIntermediate,40.93,76.47,105.91,-0.06,-0.18,0.18,-0.96
98.17,R_IndexProximal,34.29,77.29,106.07,-0.08,-0.10,-0.01,-0.99
98.17,R_MiddleProximal,36.58,77.74,105.56,-0.08,-0.12,0.03,-0.99
98.17,R_ThumbProximal,30.63,76.69,102.88,-0.07,0.06,-0.48,-0.87
98.17,R_RingProximal,38.41,77.32,104.36,-0.05,-0.13,0.07,-0.99
98.17,L_LittleProximal,-19.87,57.47,82.85,-0.06,-0.16,-0.42,-0.89
98.19,Main Camera,0.05,127.76,73.24,0.08,0.22,-0.09,0.97
98.19,R_Palm,35.72,77.68,102.40,-0.03,-0.11,0.01,-0.99
98.19,R_ThumbTip,30.11,75.43,109.02,-0.08,0.12,-0.55,-0.82
98.19,R_IndexTip,36.24,75.70,114.79,-0.10,-0.13,0.03,-0.99
98.19,R_MiddleTip,38.99,76.53,115.42,-0.02,-0.13,0.07,-0.99
98.19,R_RingTip,40.58,76.47,113.73,-0.04,-0.10,0.11,-0.99
98.19,R_LittleTip,42.16,75.95,110.28,-0.04,-0.13,0.18,-0.97
98.19,R_ThumbDistal,30.48,76.01,106.47,-0.08,0.12,-0.55,-0.82
98.19,R_IndexIntermediate,35.04,76.62,110.03,-0.10,-0.11,0.01,-0.99
98.19,R_MiddleIntermediate,37.57,77.03,110.02,-0.07,-0.12,0.04,-0.99
98.19,R_RingIntermediate,39.36,76.90,108.44,-0.04,-0.13,0.10,-0.99
98.19,R_LittleIntermediate,40.88,76.50,105.98,-0.06,-0.18,0.18,-0.97
98.19,R_IndexProximal,34.25,77.25,106.11,-0.08,-0.10,-0.01,-0.99
98.19,R_MiddleProximal,36.53,77.72,105.60,-0.07,-0.12,0.02,-0.99
98.19,R_ThumbProximal,30.60,76.61,102.91,-0.06,0.06,-0.48,-0.87
98.19,R_RingProximal,38.37,77.31,104.41,-0.04,-0.12,0.07,-0.99
98.19,L_LittleProximal,-19.86,57.40,82.87,-0.05,-0.16,-0.42,-0.89
98.20,Main Camera,0.19,127.80,73.32,0.08,0.22,-0.09,0.97
98.20,R_Palm,35.73,77.59,102.44,-0.03,-0.10,0.01,-0.99
98.20,R_ThumbTip,30.11,75.34,109.03,-0.08,0.12,-0.55,-0.82
98.20,R_IndexTip,36.20,75.68,114.84,-0.10,-0.13,0.02,-0.99
98.20,R_MiddleTip,38.93,76.52,115.48,-0.02,-0.13,0.06,-0.99
98.20,R_RingTip,40.54,76.46,113.80,-0.04,-0.09,0.10,-0.99
98.20,R_LittleTip,42.13,75.94,110.35,-0.04,-0.13,0.18,-0.98
98.20,R_ThumbDistal,30.48,75.91,106.48,-0.08,0.12,-0.55,-0.82
98.20,R_IndexIntermediate,35.02,76.56,110.07,-0.10,-0.10,0.01,-0.99
98.20,R_MiddleIntermediate,37.54,76.99,110.07,-0.07,-0.12,0.03,-0.99
98.20,R_RingIntermediate,39.34,76.86,108.50,-0.04,-0.12,0.10,-0.99
98.20,R_LittleIntermediate,40.88,76.47,106.05,-0.05,-0.17,0.17,-0.97
98.20,R_IndexProximal,34.24,77.17,106.14,-0.08,-0.10,-0.02,-0.99
98.20,R_MiddleProximal,36.52,77.66,105.64,-0.07,-0.11,0.02,-0.99
98.20,R_ThumbProximal,30.61,76.50,102.92,-0.06,0.06,-0.48,-0.87
98.20,R_RingProximal,38.37,77.25,104.46,-0.04,-0.12,0.06,-0.99
98.20,L_LittleProximal,-19.81,57.34,82.84,-0.05,-0.16,-0.42,-0.89
98.21,Main Camera,0.31,127.85,73.40,0.08,0.22,-0.09,0.97
98.21,R_Palm,35.78,77.46,102.51,-0.03,-0.10,0.01,-0.99
98.21,R_ThumbTip,30.16,75.20,109.07,-0.08,0.12,-0.55,-0.82
98.21,R_IndexTip,36.19,75.58,114.92,-0.10,-0.13,0.02,-0.99
98.21,R_MiddleTip,38.91,76.43,115.57,-0.02,-0.12,0.06,-0.99
98.21,R_RingTip,40.53,76.37,113.90,-0.04,-0.09,0.10,-0.99
98.21,R_LittleTip,42.14,75.85,110.47,-0.04,-0.12,0.17,-0.98
98.21,R_ThumbDistal,30.52,75.78,106.53,-0.08,0.12,-0.55,-0.82
98.21,R_IndexIntermediate,35.03,76.45,110.14,-0.10,-0.10,0.01,-0.99
98.21,R_MiddleIntermediate,37.56,76.87,110.15,-0.07,-0.12,0.03,-0.99
98.21,R_RingIntermediate,39.36,76.75,108.59,-0.04,-0.12,0.10,-0.99
98.21,R_LittleIntermediate,40.91,76.35,106.15,-0.05,-0.17,0.17,-0.97
98.21,R_IndexProximal,34.27,77.04,106.20,-0.08,-0.09,-0.02,-0.99
98.21,R_MiddleProximal,36.56,77.53,105.72,-0.07,-0.11,0.02,-0.99
98.21,R_ThumbProximal,30.66,76.37,102.96,-0.06,0.06,-0.49,-0.87
98.21,R_RingProximal,38.41,77.13,104.55,-0.04,-0.12,0.06,-0.99
98.21,L_LittleProximal,-19.81,57.25,82.76,-0.05,-0.16,-0.41,-0.89
98.23,Main Camera,0.38,127.93,73.47,0.08,0.21,-0.09,0.97
98.23,R_Palm,35.87,77.29,102.63,-0.03,-0.10,0.01,-0.99
98.23,R_ThumbTip,30.23,75.04,109.17,-0.08,0.12,-0.55,-0.82
98.23,R_IndexTip,36.21,75.45,115.05,-0.09,-0.13,0.02,-0.99
98.23,R_MiddleTip,38.92,76.29,115.72,-0.02,-0.12,0.06,-0.99
98.23,R_RingTip,40.55,76.23,114.06,-0.04,-0.09,0.10,-0.99
98.23,R_LittleTip,42.18,75.70,110.63,-0.04,-0.12,0.17,-0.98
98.23,R_ThumbDistal,30.60,75.62,106.62,-0.08,0.12,-0.55,-0.82
98.23,R_IndexIntermediate,35.08,76.30,110.26,-0.09,-0.10,0.01,-0.99
98.23,R_MiddleIntermediate,37.60,76.72,110.29,-0.07,-0.11,0.03,-0.99
98.23,R_RingIntermediate,39.41,76.60,108.74,-0.04,-0.12,0.10,-0.99
98.23,R_LittleIntermediate,40.98,76.19,106.31,-0.05,-0.17,0.17,-0.97
98.23,R_IndexProximal,34.34,76.88,106.32,-0.07,-0.09,-0.02,-0.99
98.23,R_MiddleProximal,36.63,77.37,105.84,-0.07,-0.11,0.02,-0.99
98.23,R_ThumbProximal,30.74,76.20,103.06,-0.06,0.06,-0.49,-0.87
98.23,R_RingProximal,38.49,76.96,104.69,-0.04,-0.11,0.06,-0.99
98.23,L_LittleProximal,-19.84,57.08,82.66,-0.04,-0.16,-0.41,-0.90
98.24,Main Camera,0.49,127.99,73.54,0.08,0.21,-0.09,0.97
98.24,R_Palm,35.96,77.16,102.71,-0.03,-0.10,0.01,-0.99
98.24,R_ThumbTip,30.30,74.94,109.23,-0.08,0.12,-0.55,-0.82
98.24,R_IndexTip,36.23,75.37,115.14,-0.09,-0.12,0.02,-0.99
98.24,R_MiddleTip,38.94,76.19,115.82,-0.01,-0.12,0.06,-0.99
98.24,R_RingTip,40.59,76.14,114.16,-0.04,-0.09,0.10,-0.99
98.24,R_LittleTip,42.23,75.59,110.75,-0.04,-0.12,0.18,-0.98
98.24,R_ThumbDistal,30.67,75.51,106.68,-0.08,0.12,-0.55,-0.82
98.24,R_IndexIntermediate,35.13,76.19,110.34,-0.09,-0.10,0.01,-0.99
98.24,R_MiddleIntermediate,37.65,76.61,110.38,-0.07,-0.11,0.03,-0.99
98.24,R_RingIntermediate,39.47,76.49,108.84,-0.04,-0.12,0.10,-0.99
98.24,R_LittleIntermediate,41.05,76.07,106.42,-0.05,-0.16,0.17,-0.97
98.24,R_IndexProximal,34.41,76.76,106.39,-0.07,-0.09,-0.02,-0.99
98.24,R_MiddleProximal,36.71,77.25,105.93,-0.07,-0.11,0.02,-0.99
98.24,R_ThumbProximal,30.82,76.09,103.12,-0.06,0.06,-0.49,-0.87
98.24,R_RingProximal,38.57,76.83,104.78,-0.04,-0.11,0.06,-0.99
98.24,L_LittleProximal,-19.86,57.02,82.60,-0.04,-0.16,-0.41,-0.90
98.26,Main Camera,0.59,128.10,73.62,0.08,0.21,-0.09,0.97
98.26,R_Palm,36.09,77.07,102.71,-0.02,-0.10,0.01,-1.00
98.26,R_ThumbTip,30.41,74.88,109.21,-0.07,0.12,-0.55,-0.82
98.26,R_IndexTip,36.32,75.32,115.15,-0.09,-0.12,0.02,-0.99
98.26,R_MiddleTip,39.02,76.15,115.83,-0.01,-0.11,0.07,-0.99
98.26,R_RingTip,40.69,76.09,114.18,-0.04,-0.08,0.10,-0.99
98.26,R_LittleTip,42.33,75.54,110.77,-0.04,-0.11,0.18,-0.98
98.26,R_ThumbDistal,30.79,75.44,106.67,-0.07,0.12,-0.55,-0.82
98.26,R_IndexIntermediate,35.23,76.14,110.34,-0.09,-0.09,0.01,-0.99
98.26,R_MiddleIntermediate,37.76,76.55,110.38,-0.07,-0.11,0.03,-0.99
98.26,R_RingIntermediate,39.59,76.42,108.85,-0.04,-0.11,0.10,-0.99
98.26,R_LittleIntermediate,41.17,76.00,106.44,-0.05,-0.16,0.17,-0.97
98.26,R_IndexProximal,34.54,76.69,106.39,-0.07,-0.09,-0.02,-0.99
98.26,R_MiddleProximal,36.83,77.17,105.93,-0.07,-0.10,0.02,-0.99
98.26,R_ThumbProximal,30.96,76.01,103.10,-0.06,0.06,-0.48,-0.87
98.26,R_RingProximal,38.70,76.76,104.79,-0.03,-0.11,0.06,-0.99
98.26,L_LittleProximal,-19.85,57.00,82.58,-0.03,-0.16,-0.41,-0.90
98.27,Main Camera,0.67,128.26,73.68,0.07,0.20,-0.08,0.97
98.27,R_Palm,36.21,77.00,102.71,-0.02,-0.09,0.01,-1.00
98.27,R_ThumbTip,30.51,74.83,109.20,-0.07,0.12,-0.55,-0.82
98.27,R_IndexTip,36.39,75.29,115.16,-0.09,-0.12,0.02,-0.99
98.27,R_MiddleTip,39.09,76.10,115.85,-0.01,-0.11,0.07,-0.99
98.27,R_RingTip,40.77,76.05,114.20,-0.03,-0.08,0.10,-0.99
98.27,R_LittleTip,42.43,75.49,110.80,-0.03,-0.11,0.18,-0.98
98.27,R_ThumbDistal,30.90,75.38,106.65,-0.07,0.12,-0.55,-0.82
98.27,R_IndexIntermediate,35.32,76.08,110.35,-0.09,-0.09,0.01,-0.99
98.27,R_MiddleIntermediate,37.85,76.49,110.39,-0.06,-0.11,0.03,-0.99
98.27,R_RingIntermediate,39.69,76.36,108.87,-0.03,-0.11,0.10,-0.99
98.27,R_LittleIntermediate,41.28,75.93,106.46,-0.05,-0.16,0.17,-0.97
98.27,R_IndexProximal,34.64,76.63,106.38,-0.07,-0.08,-0.02,-0.99
98.27,R_MiddleProximal,36.94,77.11,105.93,-0.07,-0.10,0.02,-0.99
98.27,R_ThumbProximal,31.07,75.95,103.09,-0.06,0.06,-0.48,-0.87
98.27,R_RingProximal,38.81,76.69,104.80,-0.03,-0.11,0.06,-0.99
98.27,L_LittleProximal,-19.84,56.97,82.57,-0.03,-0.16,-0.41,-0.90
98.29,Main Camera,0.73,128.43,73.75,0.07,0.20,-0.08,0.97
98.29,R_Palm,36.22,77.00,102.72,-0.02,-0.09,0.01,-1.00
98.29,R_ThumbTip,30.49,74.85,109.20,-0.07,0.12,-0.55,-0.82
98.29,R_IndexTip,36.34,75.33,115.18,-0.09,-0.12,0.02,-0.99
98.29,R_MiddleTip,39.04,76.14,115.87,-0.01,-0.11,0.07,-0.99
98.29,R_RingTip,40.73,76.09,114.23,-0.03,-0.08,0.10,-0.99
98.29,R_LittleTip,42.40,75.52,110.84,-0.03,-0.11,0.18,-0.98
98.29,R_ThumbDistal,30.89,75.40,106.65,-0.07,0.12,-0.55,-0.82
98.29,R_IndexIntermediate,35.30,76.11,110.36,-0.09,-0.09,0.01,-0.99
98.29,R_MiddleIntermediate,37.82,76.51,110.41,-0.06,-0.10,0.03,-0.99
98.29,R_RingIntermediate,39.67,76.38,108.89,-0.03,-0.11,0.10,-0.99
98.29,R_LittleIntermediate,41.27,75.94,106.49,-0.05,-0.16,0.17,-0.97
98.29,R_IndexProximal,34.63,76.64,106.39,-0.07,-0.08,-0.02,-0.99
98.29,R_MiddleProximal,36.93,77.11,105.95,-0.06,-0.10,0.02,-0.99
98.29,R_ThumbProximal,31.07,75.95,103.09,-0.05,0.06,-0.48,-0.87
98.29,R_RingProximal,38.81,76.69,104.82,-0.03,-0.11,0.06,-0.99
98.29,L_LittleProximal,-19.83,56.95,82.57,-0.03,-0.16,-0.41,-0.90
98.30,Main Camera,0.79,128.57,73.82,0.07,0.19,-0.07,0.98
98.30,R_Palm,36.20,77.00,102.73,-0.02,-0.09,0.01,-1.00
98.30,R_ThumbTip,30.47,74.87,109.20,-0.07,0.12,-0.55,-0.82
98.30,R_IndexTip,36.29,75.37,115.19,-0.09,-0.12,0.02,-0.99
98.30,R_MiddleTip,39.00,76.18,115.89,-0.01,-0.11,0.07,-0.99
98.30,R_RingTip,40.70,76.13,114.25,-0.03,-0.08,0.10,-0.99
98.30,R_LittleTip,42.37,75.56,110.86,-0.03,-0.11,0.17,-0.98
98.30,R_ThumbDistal,30.87,75.41,106.65,-0.07,0.12,-0.55,-0.82
98.30,R_IndexIntermediate,35.27,76.13,110.37,-0.09,-0.09,0.01,-0.99
98.30,R_MiddleIntermediate,37.79,76.54,110.42,-0.06,-0.10,0.03,-0.99
98.30,R_RingIntermediate,39.65,76.41,108.91,-0.03,-0.11,0.10,-0.99
98.30,R_LittleIntermediate,41.25,75.97,106.51,-0.04,-0.16,0.17,-0.97
98.30,R_IndexProximal,34.62,76.65,106.40,-0.07,-0.08,-0.02,-0.99
98.30,R_MiddleProximal,36.92,77.13,105.95,-0.06,-0.10,0.02,-0.99
98.30,R_ThumbProximal,31.06,75.95,103.08,-0.05,0.06,-0.48,-0.87
98.30,R_RingProximal,38.79,76.70,104.84,-0.03,-0.11,0.06,-0.99
98.30,L_LittleProximal,-19.82,56.95,82.57,-0.04,-0.16,-0.41,-0.90
98.31,Main Camera,0.85,128.73,73.89,0.06,0.18,-0.07,0.98
98.31,R_Palm,36.19,77.01,102.71,-0.02,-0.09,0.01,-1.00
98.31,R_ThumbTip,30.45,74.88,109.18,-0.07,0.12,-0.55,-0.82
98.31,R_IndexTip,36.24,75.39,115.18,-0.09,-0.11,0.02,-0.99
98.31,R_MiddleTip,38.96,76.20,115.88,-0.01,-0.11,0.07,-0.99
98.31,R_RingTip,40.67,76.15,114.24,-0.03,-0.08,0.10,-0.99
98.31,R_LittleTip,42.35,75.58,110.85,-0.03,-0.11,0.17,-0.98
98.31,R_ThumbDistal,30.85,75.43,106.63,-0.07,0.12,-0.55,-0.82
98.31,R_IndexIntermediate,35.24,76.15,110.35,-0.09,-0.09,0.01,-0.99
98.31,R_MiddleIntermediate,37.76,76.55,110.41,-0.06,-0.10,0.03,-0.99
98.31,R_RingIntermediate,39.63,76.42,108.90,-0.03,-0.11,0.10,-0.99
98.31,R_LittleIntermediate,41.23,75.98,106.50,-0.04,-0.16,0.17,-0.97
98.31,R_IndexProximal,34.60,76.66,106.38,-0.06,-0.08,-0.02,-0.99
98.31,R_MiddleProximal,36.90,77.14,105.94,-0.06,-0.10,0.02,-0.99
98.31,R_ThumbProximal,31.04,75.97,103.06,-0.05,0.06,-0.48,-0.87
98.31,R_RingProximal,38.77,76.71,104.82,-0.03,-0.10,0.06,-0.99
98.31,L_LittleProximal,-19.77,57.05,82.62,-0.04,-0.16,-0.41,-0.90
98.32,Main Camera,0.93,128.87,73.96,0.06,0.17,-0.06,0.98
98.32,R_Palm,36.17,77.04,102.70,-0.02,-0.09,0.01,-1.00
98.32,R_ThumbTip,30.44,74.92,109.16,-0.07,0.12,-0.55,-0.82
98.32,R_IndexTip,36.21,75.43,115.17,-0.08,-0.11,0.02,-0.99
98.32,R_MiddleTip,38.92,76.23,115.87,-0.01,-0.11,0.07,-0.99
98.32,R_RingTip,40.64,76.19,114.23,-0.03,-0.08,0.10,-0.99
98.32,R_LittleTip,42.32,75.62,110.85,-0.03,-0.11,0.17,-0.98
98.32,R_ThumbDistal,30.84,75.46,106.61,-0.07,0.12,-0.55,-0.82
98.32,R_IndexIntermediate,35.21,76.18,110.34,-0.08,-0.09,0.01,-0.99
98.32,R_MiddleIntermediate,37.74,76.58,110.40,-0.06,-0.10,0.03,-0.99
98.32,R_RingIntermediate,39.60,76.46,108.89,-0.03,-0.11,0.10,-0.99
98.32,R_LittleIntermediate,41.21,76.01,106.49,-0.04,-0.15,0.17,-0.97
98.32,R_IndexProximal,34.58,76.69,106.37,-0.06,-0.08,-0.02,-0.99
98.32,R_MiddleProximal,36.88,77.17,105.93,-0.06,-0.10,0.02,-0.99
98.32,R_ThumbProximal,31.02,76.00,103.04,-0.05,0.06,-0.48,-0.87
98.32,R_RingProximal,38.76,76.74,104.81,-0.03,-0.10,0.06,-0.99
98.32,L_LittleProximal,-19.79,57.10,82.65,-0.04,-0.16,-0.40,-0.90
98.34,Main Camera,1.00,129.00,74.04,0.05,0.17,-0.05,0.98
98.34,R_Palm,36.16,77.07,102.69,-0.02,-0.09,0.01,-1.00
98.34,R_ThumbTip,30.43,74.95,109.15,-0.07,0.12,-0.55,-0.82
98.34,R_IndexTip,36.17,75.47,115.17,-0.08,-0.11,0.02,-0.99
98.34,R_MiddleTip,38.88,76.27,115.86,-0.01,-0.11,0.07,-0.99
98.34,R_RingTip,40.61,76.23,114.22,-0.03,-0.08,0.10,-0.99
98.34,R_LittleTip,42.29,75.66,110.85,-0.03,-0.11,0.17,-0.98
98.34,R_ThumbDistal,30.82,75.49,106.60,-0.07,0.12,-0.55,-0.82
98.34,R_IndexIntermediate,35.18,76.21,110.33,-0.08,-0.08,0.01,-0.99
98.34,R_MiddleIntermediate,37.71,76.61,110.39,-0.06,-0.10,0.03,-0.99
98.34,R_RingIntermediate,39.58,76.49,108.88,-0.03,-0.11,0.10,-0.99
98.34,R_LittleIntermediate,41.19,76.05,106.49,-0.04,-0.15,0.17,-0.97
98.34,R_IndexProximal,34.56,76.72,106.35,-0.06,-0.08,-0.02,-0.99
98.34,R_MiddleProximal,36.86,77.20,105.92,-0.06,-0.09,0.02,-0.99
98.34,R_ThumbProximal,31.01,76.03,103.03,-0.05,0.06,-0.48,-0.87
98.34,R_RingProximal,38.74,76.77,104.80,-0.03,-0.10,0.06,-0.99
98.34,L_LittleProximal,-19.81,57.14,82.67,-0.04,-0.16,-0.40,-0.90
98.35,Main Camera,1.05,129.13,74.11,0.05,0.16,-0.05,0.98
98.35,R_Palm,36.13,77.13,102.66,-0.02,-0.09,0.01,-1.00
98.35,R_ThumbTip,30.40,75.02,109.11,-0.07,0.12,-0.55,-0.82
98.35,R_IndexTip,36.13,75.54,115.14,-0.08,-0.11,0.02,-0.99
98.35,R_MiddleTip,38.84,76.33,115.84,-0.01,-0.10,0.07,-0.99
98.35,R_RingTip,40.57,76.30,114.20,-0.03,-0.08,0.10,-0.99
98.35,R_LittleTip,42.25,75.73,110.82,-0.03,-0.11,0.17,-0.98
98.35,R_ThumbDistal,30.80,75.56,106.57,-0.07,0.12,-0.55,-0.82
98.35,R_IndexIntermediate,35.15,76.28,110.30,-0.08,-0.08,0.01,-0.99
98.35,R_MiddleIntermediate,37.67,76.68,110.37,-0.06,-0.10,0.03,-0.99
98.35,R_RingIntermediate,39.55,76.56,108.85,-0.03,-0.11,0.10,-0.99
98.35,R_LittleIntermediate,41.16,76.11,106.46,-0.04,-0.15,0.17,-0.97
98.35,R_IndexProximal,34.53,76.78,106.32,-0.06,-0.08,-0.02,-0.99
98.35,R_MiddleProximal,36.84,77.26,105.89,-0.06,-0.09,0.02,-0.99
98.35,R_ThumbProximal,30.98,76.10,103.00,-0.05,0.06,-0.48,-0.87
98.35,R_RingProximal,38.71,76.84,104.78,-0.03,-0.10,0.06,-0.99
98.35,L_LittleProximal,-19.81,57.13,82.70,-0.04,-0.16,-0.40,-0.90
98.37,Main Camera,1.10,129.18,74.16,0.05,0.15,-0.04,0.99
98.37,R_Palm,36.10,77.19,102.64,-0.02,-0.09,0.01,-1.00
98.37,R_ThumbTip,30.37,75.08,109.09,-0.07,0.12,-0.55,-0.82
98.37,R_IndexTip,36.09,75.60,115.12,-0.08,-0.11,0.02,-0.99
98.37,R_MiddleTip,38.79,76.39,115.83,-0.01,-0.10,0.07,-0.99
98.37,R_RingTip,40.53,76.37,114.19,-0.03,-0.08,0.10,-0.99
98.37,R_LittleTip,42.21,75.80,110.81,-0.03,-0.11,0.18,-0.98
98.37,R_ThumbDistal,30.77,75.62,106.55,-0.07,0.12,-0.55,-0.82
98.37,R_IndexIntermediate,35.11,76.34,110.29,-0.08,-0.08,0.01,-0.99
98.37,R_MiddleIntermediate,37.64,76.73,110.35,-0.06,-0.10,0.03,-0.99
98.37,R_RingIntermediate,39.52,76.62,108.84,-0.03,-0.11,0.10,-0.99
98.37,R_LittleIntermediate,41.12,76.17,106.45,-0.04,-0.15,0.17,-0.97
98.37,R_IndexProximal,34.50,76.84,106.31,-0.06,-0.07,-0.02,-1.00
98.37,R_MiddleProximal,36.80,77.32,105.87,-0.06,-0.09,0.02,-0.99
98.37,R_ThumbProximal,30.95,76.16,102.98,-0.05,0.06,-0.48,-0.87
98.37,R_RingProximal,38.68,76.89,104.76,-0.03,-0.10,0.06,-0.99
98.37,L_LittleProximal,-19.81,57.12,82.70,-0.04,-0.16,-0.40,-0.90
98.38,Main Camera,1.14,129.24,74.21,0.04,0.14,-0.03,0.99
98.38,R_Palm,36.09,77.20,102.65,-0.02,-0.09,0.01,-1.00
98.38,R_ThumbTip,30.37,75.08,109.09,-0.07,0.12,-0.55,-0.82
98.38,R_IndexTip,36.05,75.60,115.13,-0.08,-0.11,0.02,-0.99
98.38,R_MiddleTip,38.75,76.39,115.83,-0.01,-0.10,0.07,-0.99
98.38,R_RingTip,40.50,76.38,114.20,-0.03,-0.08,0.10,-0.99
98.38,R_LittleTip,42.18,75.81,110.83,-0.03,-0.10,0.18,-0.98
98.38,R_ThumbDistal,30.76,75.63,106.54,-0.07,0.12,-0.55,-0.82
98.38,R_IndexIntermediate,35.08,76.35,110.29,-0.08,-0.08,0.01,-0.99
98.38,R_MiddleIntermediate,37.61,76.74,110.36,-0.06,-0.10,0.03,-0.99
98.38,R_RingIntermediate,39.49,76.63,108.85,-0.03,-0.10,0.10,-0.99
98.38,R_LittleIntermediate,41.10,76.18,106.46,-0.04,-0.15,0.17,-0.97
98.38,R_IndexProximal,34.48,76.85,106.31,-0.06,-0.07,-0.02,-1.00
98.38,R_MiddleProximal,36.78,77.33,105.88,-0.06,-0.09,0.02,-0.99
98.38,R_ThumbProximal,30.93,76.17,102.97,-0.05,0.06,-0.48,-0.87
98.38,R_RingProximal,38.66,76.90,104.77,-0.03,-0.10,0.06,-0.99
98.38,L_LittleProximal,-19.79,57.08,82.69,-0.04,-0.16,-0.40,-0.90
98.39,Main Camera,1.19,129.27,74.26,0.04,0.14,-0.03,0.99
98.39,R_Palm,36.07,77.21,102.68,-0.02,-0.09,0.01,-1.00
98.39,R_ThumbTip,30.35,75.08,109.11,-0.07,0.12,-0.55,-0.82
98.39,R_IndexTip,36.00,75.60,115.16,-0.08,-0.11,0.02,-0.99
98.39,R_MiddleTip,38.71,76.40,115.87,-0.01,-0.10,0.07,-0.99
98.39,R_RingTip,40.46,76.40,114.24,-0.03,-0.07,0.10,-0.99
98.39,R_LittleTip,42.15,75.83,110.87,-0.03,-0.10,0.17,-0.98
98.39,R_ThumbDistal,30.74,75.63,106.56,-0.07,0.12,-0.55,-0.82
98.39,R_IndexIntermediate,35.05,76.35,110.32,-0.09,-0.08,0.01,-0.99
98.39,R_MiddleIntermediate,37.57,76.75,110.39,-0.06,-0.10,0.03,-0.99
98.39,R_RingIntermediate,39.46,76.64,108.89,-0.03,-0.10,0.10,-0.99
98.39,R_LittleIntermediate,41.07,76.20,106.50,-0.04,-0.15,0.17,-0.97
98.39,R_IndexProximal,34.46,76.86,106.33,-0.06,-0.07,-0.02,-1.00
98.39,R_MiddleProximal,36.76,77.34,105.91,-0.06,-0.09,0.02,-0.99
98.39,R_ThumbProximal,30.92,76.18,102.99,-0.05,0.06,-0.48,-0.87
98.39,R_RingProximal,38.64,76.91,104.80,-0.03,-0.10,0.06,-0.99
98.39,L_LittleProximal,-19.80,56.96,82.62,-0.04,-0.16,-0.40,-0.90
98.41,Main Camera,1.24,129.28,74.31,0.04,0.13,-0.02,0.99
98.41,R_Palm,36.05,77.21,102.71,-0.02,-0.09,0.01,-1.00
98.41,R_ThumbTip,30.32,75.07,109.12,-0.07,0.12,-0.55,-0.82
98.41,R_IndexTip,35.94,75.61,115.19,-0.08,-0.11,0.02,-0.99
98.41,R_MiddleTip,38.64,76.41,115.91,-0.01,-0.10,0.06,-0.99
98.41,R_RingTip,40.41,76.43,114.28,-0.03,-0.07,0.10,-0.99
98.41,R_LittleTip,42.11,75.87,110.92,-0.03,-0.10,0.17,-0.98
98.41,R_ThumbDistal,30.72,75.62,106.58,-0.07,0.12,-0.55,-0.82
98.41,R_IndexIntermediate,35.01,76.36,110.34,-0.09,-0.08,0.01,-0.99
98.41,R_MiddleIntermediate,37.53,76.76,110.43,-0.06,-0.09,0.03,-0.99
98.41,R_RingIntermediate,39.42,76.66,108.93,-0.03,-0.10,0.10,-0.99
98.41,R_LittleIntermediate,41.04,76.22,106.55,-0.04,-0.15,0.17,-0.97
98.41,R_IndexProximal,34.43,76.87,106.36,-0.06,-0.07,-0.02,-1.00
98.41,R_MiddleProximal,36.73,77.35,105.94,-0.06,-0.09,0.02,-0.99
98.41,R_ThumbProximal,30.90,76.17,103.01,-0.05,0.06,-0.49,-0.87
98.41,R_RingProximal,38.62,76.93,104.84,-0.03,-0.10,0.06,-0.99
98.41,L_LittleProximal,-19.82,56.80,82.53,-0.04,-0.15,-0.39,-0.91
98.42,Main Camera,1.31,129.28,74.36,0.04,0.12,-0.01,0.99
98.42,R_Palm,36.03,77.22,102.76,-0.02,-0.08,0.01,-1.00
98.42,R_ThumbTip,30.29,75.07,109.15,-0.07,0.12,-0.55,-0.82
98.42,R_IndexTip,35.88,75.61,115.24,-0.09,-0.10,0.02,-0.99
98.42,R_MiddleTip,38.57,76.43,115.97,-0.01,-0.10,0.06,-0.99
98.42,R_RingTip,40.34,76.46,114.35,-0.03,-0.07,0.10,-0.99
98.42,R_LittleTip,42.06,75.91,110.99,-0.03,-0.10,0.17,-0.98
98.42,R_ThumbDistal,30.69,75.62,106.61,-0.07,0.12,-0.55,-0.82
98.42,R_IndexIntermediate,34.96,76.37,110.39,-0.09,-0.08,0.01,-0.99
98.42,R_MiddleIntermediate,37.48,76.78,110.48,-0.06,-0.09,0.03,-0.99
98.42,R_RingIntermediate,39.38,76.69,108.99,-0.03,-0.10,0.09,-0.99
98.42,R_LittleIntermediate,41.01,76.25,106.62,-0.04,-0.15,0.17,-0.97
98.42,R_IndexProximal,34.39,76.88,106.40,-0.06,-0.07,-0.02,-1.00
98.42,R_MiddleProximal,36.69,77.36,105.99,-0.06,-0.09,0.02,-0.99
98.42,R_ThumbProximal,30.88,76.17,103.04,-0.05,0.06,-0.49,-0.87
98.42,R_RingProximal,38.59,76.94,104.90,-0.02,-0.10,0.06,-0.99
98.42,L_LittleProximal,-19.84,56.64,82.44,-0.04,-0.15,-0.39,-0.91
98.44,Main Camera,1.37,129.30,74.45,0.04,0.11,-0.01,0.99
98.44,R_Palm,36.01,77.25,102.81,-0.02,-0.08,0.01,-1.00
98.44,R_ThumbTip,30.24,75.11,109.18,-0.07,0.12,-0.55,-0.82
98.44,R_IndexTip,35.78,75.68,115.29,-0.08,-0.10,0.02,-0.99
98.44,R_MiddleTip,38.47,76.51,116.04,-0.01,-0.10,0.06,-0.99
98.44,R_RingTip,40.26,76.54,114.43,-0.03,-0.07,0.10,-0.99
98.44,R_LittleTip,41.99,75.98,111.09,-0.02,-0.10,0.17,-0.98
98.44,R_ThumbDistal,30.65,75.65,106.64,-0.07,0.12,-0.55,-0.82
98.44,R_IndexIntermediate,34.89,76.42,110.44,-0.09,-0.07,0.01,-0.99
98.44,R_MiddleIntermediate,37.41,76.84,110.54,-0.06,-0.09,0.03,-0.99
98.44,R_RingIntermediate,39.33,76.75,109.07,-0.03,-0.10,0.09,-0.99
98.44,R_LittleIntermediate,40.97,76.30,106.70,-0.04,-0.14,0.17,-0.97
98.44,R_IndexProximal,34.35,76.92,106.45,-0.06,-0.07,-0.02,-1.00
98.44,R_MiddleProximal,36.65,77.41,106.05,-0.06,-0.08,0.02,-0.99
98.44,R_ThumbProximal,30.85,76.19,103.07,-0.05,0.06,-0.49,-0.87
98.44,R_RingProximal,38.55,76.98,104.97,-0.02,-0.09,0.06,-0.99
98.44,L_LittleProximal,-19.89,56.46,82.24,-0.05,-0.14,-0.38,-0.91
98.45,Main Camera,1.42,129.32,74.52,0.04,0.10,0.00,0.99
98.45,R_Palm,36.00,77.25,102.82,-0.01,-0.08,0.01,-1.00
98.45,R_ThumbTip,30.21,75.13,109.18,-0.07,0.12,-0.55,-0.82
98.45,R_IndexTip,35.73,75.68,115.30,-0.08,-0.10,0.02,-0.99
98.45,R_MiddleTip,38.43,76.51,116.05,-0.01,-0.09,0.06,-0.99
98.45,R_RingTip,40.22,76.55,114.45,-0.03,-0.07,0.10,-0.99
98.45,R_LittleTip,41.96,75.98,111.11,-0.02,-0.09,0.17,-0.98
98.45,R_ThumbDistal,30.63,75.67,106.63,-0.07,0.12,-0.55,-0.82
98.45,R_IndexIntermediate,34.86,76.43,110.44,-0.09,-0.07,0.01,-0.99
98.45,R_MiddleIntermediate,37.38,76.85,110.55,-0.06,-0.09,0.03,-0.99
98.45,R_RingIntermediate,39.30,76.75,109.08,-0.03,-0.10,0.10,-0.99
98.45,R_LittleIntermediate,40.94,76.29,106.73,-0.04,-0.14,0.17,-0.97
98.45,R_IndexProximal,34.33,76.92,106.45,-0.06,-0.06,-0.02,-1.00
98.45,R_MiddleProximal,36.64,77.41,106.06,-0.06,-0.08,0.02,-0.99
98.45,R_ThumbProximal,30.84,76.20,103.06,-0.05,0.06,-0.49,-0.87
98.45,R_RingProximal,38.54,76.98,104.99,-0.02,-0.09,0.06,-0.99
98.45,L_LittleProximal,-19.71,56.28,82.08,-0.05,-0.14,-0.38,-0.92
98.46,Main Camera,1.48,129.35,74.62,0.03,0.09,0.00,1.00
98.46,R_Palm,35.97,77.26,102.80,-0.01,-0.08,0.01,-1.00
98.46,R_ThumbTip,30.16,75.18,109.15,-0.07,0.12,-0.55,-0.82
98.46,R_IndexTip,35.66,75.71,115.29,-0.08,-0.10,0.02,-0.99
98.46,R_MiddleTip,38.36,76.54,116.05,-0.01,-0.09,0.07,-0.99
98.46,R_RingTip,40.16,76.57,114.45,-0.02,-0.07,0.10,-0.99
98.46,R_LittleTip,41.90,76.00,111.12,-0.02,-0.09,0.17,-0.98
98.46,R_ThumbDistal,30.58,75.71,106.61,-0.07,0.12,-0.55,-0.82
98.46,R_IndexIntermediate,34.80,76.46,110.43,-0.09,-0.07,0.01,-0.99
98.46,R_MiddleIntermediate,37.33,76.87,110.55,-0.06,-0.09,0.03,-0.99
98.46,R_RingIntermediate,39.25,76.77,109.08,-0.02,-0.09,0.10,-0.99
98.46,R_LittleIntermediate,40.90,76.30,106.73,-0.03,-0.14,0.17,-0.97
98.46,R_IndexProximal,34.29,76.95,106.43,-0.06,-0.06,-0.02,-1.00
98.46,R_MiddleProximal,36.60,77.43,106.05,-0.06,-0.08,0.02,-0.99
98.46,R_ThumbProximal,30.81,76.24,103.04,-0.05,0.06,-0.48,-0.87
98.46,R_RingProximal,38.50,76.99,104.98,-0.02,-0.09,0.06,-0.99
98.46,L_LittleProximal,-19.42,56.08,82.07,-0.05,-0.13,-0.37,-0.92
98.48,Main Camera,1.54,129.37,74.72,0.03,0.08,0.01,1.00
98.48,R_Palm,35.95,77.28,102.79,-0.01,-0.08,0.01,-1.00
98.48,R_ThumbTip,30.14,75.20,109.12,-0.07,0.12,-0.55,-0.82
98.48,R_IndexTip,35.63,75.72,115.27,-0.09,-0.10,0.02,-0.99
98.48,R_MiddleTip,38.33,76.55,116.03,-0.01,-0.09,0.07,-0.99
98.48,R_RingTip,40.14,76.58,114.43,-0.03,-0.07,0.10,-0.99
98.48,R_LittleTip,41.88,76.01,111.11,-0.02,-0.09,0.18,-0.98
98.48,R_ThumbDistal,30.56,75.74,106.58,-0.07,0.12,-0.55,-0.82
98.48,R_IndexIntermediate,34.78,76.47,110.41,-0.09,-0.07,0.01,-0.99
98.48,R_MiddleIntermediate,37.31,76.88,110.53,-0.06,-0.09,0.03,-0.99
98.48,R_RingIntermediate,39.23,76.78,109.06,-0.03,-0.09,0.10,-0.99
98.48,R_LittleIntermediate,40.88,76.31,106.72,-0.03,-0.14,0.18,-0.97
98.48,R_IndexProximal,34.27,76.97,106.41,-0.06,-0.06,-0.02,-1.00
98.48,R_MiddleProximal,36.58,77.44,106.03,-0.06,-0.08,0.02,-0.99
98.48,R_ThumbProximal,30.79,76.26,103.01,-0.05,0.06,-0.48,-0.87
98.48,R_RingProximal,38.49,77.00,104.97,-0.02,-0.09,0.06,-0.99
98.48,L_LittleProximal,-19.33,56.09,82.20,-0.05,-0.13,-0.37,-0.92
98.49,Main Camera,1.59,129.36,74.82,0.03,0.07,0.01,1.00
98.49,R_Palm,35.97,77.28,102.77,-0.01,-0.08,0.01,-1.00
98.49,R_ThumbTip,30.15,75.19,109.10,-0.07,0.12,-0.55,-0.82
98.49,R_IndexTip,35.63,75.71,115.25,-0.09,-0.10,0.02,-0.99
98.49,R_MiddleTip,38.33,76.53,116.02,-0.01,-0.09,0.07,-0.99
98.49,R_RingTip,40.14,76.57,114.42,-0.03,-0.06,0.10,-0.99
98.49,R_LittleTip,41.88,76.01,111.10,-0.02,-0.09,0.18,-0.98
98.49,R_ThumbDistal,30.57,75.73,106.56,-0.07,0.12,-0.55,-0.82
98.49,R_IndexIntermediate,34.79,76.47,110.39,-0.09,-0.07,0.01,-0.99
98.49,R_MiddleIntermediate,37.31,76.88,110.52,-0.06,-0.09,0.03,-0.99
98.49,R_RingIntermediate,39.24,76.77,109.05,-0.03,-0.09,0.10,-0.99
98.49,R_LittleIntermediate,40.89,76.31,106.71,-0.03,-0.14,0.18,-0.97
98.49,R_IndexProximal,34.28,76.97,106.40,-0.06,-0.06,-0.02,-1.00
98.49,R_MiddleProximal,36.59,77.44,106.02,-0.06,-0.08,0.02,-0.99
98.49,R_ThumbProximal,30.80,76.27,102.99,-0.05,0.06,-0.48,-0.87
98.49,R_RingProximal,38.50,77.00,104.95,-0.02,-0.09,0.06,-0.99
98.49,L_LittleProximal,-19.36,56.05,82.31,-0.05,-0.13,-0.36,-0.92
98.51,Main Camera,1.62,129.32,74.92,0.03,0.06,0.02,1.00
98.51,R_Palm,35.98,77.28,102.75,-0.01,-0.08,0.01,-1.00
98.51,R_ThumbTip,30.16,75.18,109.08,-0.07,0.13,-0.55,-0.82
98.51,R_IndexTip,35.64,75.69,115.23,-0.09,-0.10,0.02,-0.99
98.51,R_MiddleTip,38.34,76.52,116.00,-0.01,-0.09,0.07,-0.99
98.51,R_RingTip,40.15,76.57,114.41,-0.03,-0.06,0.10,-0.99
98.51,R_LittleTip,41.89,76.01,111.09,-0.02,-0.09,0.18,-0.98
98.51,R_ThumbDistal,30.59,75.72,106.54,-0.07,0.13,-0.55,-0.82
98.51,R_IndexIntermediate,34.80,76.46,110.37,-0.09,-0.07,0.01,-0.99
98.51,R_MiddleIntermediate,37.32,76.87,110.50,-0.06,-0.09,0.03,-0.99
98.51,R_RingIntermediate,39.25,76.77,109.04,-0.03,-0.09,0.10,-0.99
98.51,R_LittleIntermediate,40.90,76.31,106.69,-0.03,-0.14,0.18,-0.97
98.51,R_IndexProximal,34.29,76.97,106.38,-0.06,-0.06,-0.02,-1.00
98.51,R_MiddleProximal,36.60,77.44,106.00,-0.06,-0.08,0.02,-0.99
98.51,R_ThumbProximal,30.82,76.26,102.97,-0.05,0.06,-0.48,-0.87
98.51,R_RingProximal,38.51,77.00,104.94,-0.02,-0.09,0.06,-0.99
98.51,L_LittleProximal,-19.38,56.00,82.41,-0.04,-0.13,-0.35,-0.92
98.52,Main Camera,1.67,129.28,75.03,0.03,0.06,0.02,1.00
98.52,R_Palm,36.01,77.29,102.73,-0.02,-0.08,0.01,-1.00
98.52,R_ThumbTip,30.19,75.17,109.05,-0.07,0.13,-0.55,-0.82
98.52,R_IndexTip,35.66,75.68,115.20,-0.09,-0.10,0.02,-0.99
98.52,R_MiddleTip,38.36,76.51,115.98,-0.01,-0.09,0.07,-0.99
98.52,R_RingTip,40.17,76.56,114.38,-0.03,-0.06,0.10,-0.99
98.52,R_LittleTip,41.90,76.01,111.07,-0.02,-0.09,0.18,-0.98
98.52,R_ThumbDistal,30.61,75.72,106.51,-0.07,0.13,-0.55,-0.82
98.52,R_IndexIntermediate,34.82,76.46,110.35,-0.09,-0.07,0.01,-0.99
98.52,R_MiddleIntermediate,37.34,76.87,110.48,-0.06,-0.08,0.03,-0.99
98.52,R_RingIntermediate,39.27,76.77,109.02,-0.03,-0.09,0.10,-0.99
98.52,R_LittleIntermediate,40.92,76.31,106.67,-0.03,-0.14,0.17,-0.97
98.52,R_IndexProximal,34.31,76.97,106.35,-0.06,-0.06,-0.02,-1.00
98.52,R_MiddleProximal,36.62,77.44,105.98,-0.06,-0.08,0.02,-0.99
98.52,R_ThumbProximal,30.84,76.27,102.94,-0.05,0.06,-0.48,-0.87
98.52,R_RingProximal,38.53,77.00,104.92,-0.02,-0.09,0.06,-0.99
98.52,L_LittleProximal,-19.40,55.95,82.51,-0.04,-0.13,-0.35,-0.93
98.53,Main Camera,1.72,129.24,75.16,0.02,0.05,0.02,1.00
98.53,R_Palm,35.99,77.29,102.73,-0.02,-0.08,0.01,-1.00
98.53,R_ThumbTip,30.17,75.16,109.04,-0.07,0.13,-0.55,-0.82
98.53,R_IndexTip,35.64,75.67,115.20,-0.09,-0.10,0.02,-0.99
98.53,R_MiddleTip,38.34,76.50,115.98,-0.01,-0.09,0.07,-0.99
98.53,R_RingTip,40.15,76.55,114.39,-0.03,-0.06,0.10,-0.99
98.53,R_LittleTip,41.87,76.02,111.07,-0.02,-0.09,0.17,-0.98
98.53,R_ThumbDistal,30.60,75.71,106.50,-0.07,0.13,-0.55,-0.82
98.53,R_IndexIntermediate,34.80,76.45,110.34,-0.09,-0.07,0.01,-0.99
98.53,R_MiddleIntermediate,37.32,76.86,110.47,-0.06,-0.08,0.03,-0.99
98.53,R_RingIntermediate,39.25,76.77,109.02,-0.03,-0.09,0.10,-0.99
98.53,R_LittleIntermediate,40.90,76.31,106.68,-0.03,-0.14,0.17,-0.97
98.53,R_IndexProximal,34.29,76.97,106.35,-0.07,-0.06,-0.02,-1.00
98.53,R_MiddleProximal,36.61,77.44,105.98,-0.06,-0.08,0.02,-0.99
98.53,R_ThumbProximal,30.83,76.26,102.93,-0.05,0.07,-0.49,-0.87
98.53,R_RingProximal,38.51,77.00,104.92,-0.02,-0.09,0.06,-0.99
98.53,L_LittleProximal,-19.42,55.82,82.51,-0.04,-0.13,-0.34,-0.93
98.55,Main Camera,1.78,129.24,75.30,0.02,0.04,0.03,1.00
98.55,R_Palm,35.97,77.32,102.73,-0.02,-0.08,0.01,-1.00
98.55,R_ThumbTip,30.16,75.17,109.03,-0.07,0.13,-0.55,-0.82
98.55,R_IndexTip,35.63,75.70,115.19,-0.09,-0.10,0.02,-0.99
98.55,R_MiddleTip,38.32,76.53,115.97,-0.01,-0.09,0.07,-0.99
98.55,R_RingTip,40.12,76.58,114.39,-0.03,-0.06,0.10,-0.99
98.55,R_LittleTip,41.84,76.06,111.07,-0.02,-0.09,0.17,-0.98
98.55,R_ThumbDistal,30.59,75.73,106.49,-0.07,0.13,-0.55,-0.82
98.55,R_IndexIntermediate,34.78,76.48,110.34,-0.09,-0.07,0.01,-0.99
98.55,R_MiddleIntermediate,37.31,76.90,110.47,-0.06,-0.09,0.03,-0.99
98.55,R_RingIntermediate,39.23,76.80,109.02,-0.03,-0.09,0.10,-0.99
98.55,R_LittleIntermediate,40.87,76.35,106.68,-0.03,-0.14,0.17,-0.97
98.55,R_IndexProximal,34.27,77.00,106.35,-0.07,-0.06,-0.02,-1.00
98.55,R_MiddleProximal,36.59,77.47,105.97,-0.06,-0.08,0.02,-0.99
98.55,R_ThumbProximal,30.81,76.29,102.93,-0.05,0.07,-0.49,-0.87
98.55,R_RingProximal,38.49,77.04,104.92,-0.02,-0.09,0.06,-0.99
98.55,L_LittleProximal,-19.36,55.78,82.43,-0.03,-0.13,-0.34,-0.93
98.56,Main Camera,1.82,129.20,75.43,0.02,0.03,0.03,1.00
98.56,R_Palm,35.96,77.37,102.71,-0.02,-0.08,0.01,-1.00
98.56,R_ThumbTip,30.15,75.21,109.02,-0.07,0.13,-0.55,-0.82
98.56,R_IndexTip,35.62,75.73,115.18,-0.09,-0.10,0.02,-0.99
98.56,R_MiddleTip,38.31,76.56,115.96,-0.01,-0.09,0.07,-0.99
98.56,R_RingTip,40.11,76.61,114.37,-0.03,-0.06,0.10,-0.99
98.56,R_LittleTip,41.81,76.09,111.06,-0.02,-0.09,0.17,-0.98
98.56,R_ThumbDistal,30.58,75.77,106.48,-0.07,0.13,-0.55,-0.82
98.56,R_IndexIntermediate,34.77,76.52,110.32,-0.09,-0.07,0.01,-0.99
98.56,R_MiddleIntermediate,37.29,76.93,110.46,-0.06,-0.09,0.03,-0.99
98.56,R_RingIntermediate,39.22,76.83,109.00,-0.03,-0.09,0.10,-0.99
98.56,R_LittleIntermediate,40.85,76.38,106.66,-0.03,-0.14,0.17,-0.97
98.56,R_IndexProximal,34.25,77.04,106.33,-0.07,-0.06,-0.02,-1.00
98.56,R_MiddleProximal,36.57,77.52,105.96,-0.06,-0.08,0.02,-0.99
98.56,R_ThumbProximal,30.80,76.33,102.92,-0.05,0.06,-0.49,-0.87
98.56,R_RingProximal,38.48,77.08,104.90,-0.02,-0.09,0.06,-0.99
98.56,L_LittleProximal,-19.27,55.73,82.37,-0.03,-0.13,-0.34,-0.93
98.57,Main Camera,1.85,129.17,75.56,0.02,0.02,0.04,1.00
98.57,R_Palm,35.94,77.41,102.70,-0.02,-0.08,0.01,-1.00
98.57,R_ThumbTip,30.15,75.24,109.00,-0.07,0.13,-0.55,-0.82
98.57,R_IndexTip,35.61,75.77,115.16,-0.09,-0.10,0.02,-0.99
98.57,R_MiddleTip,38.30,76.60,115.94,-0.01,-0.09,0.07,-0.99
98.57,R_RingTip,40.09,76.65,114.35,-0.03,-0.06,0.10,-0.99
98.57,R_LittleTip,41.78,76.14,111.05,-0.02,-0.09,0.17,-0.98
98.57,R_ThumbDistal,30.57,75.81,106.47,-0.07,0.13,-0.55,-0.82
98.57,R_IndexIntermediate,34.75,76.57,110.30,-0.09,-0.07,0.01,-0.99
98.57,R_MiddleIntermediate,37.27,76.98,110.44,-0.06,-0.09,0.03,-0.99
98.57,R_RingIntermediate,39.20,76.88,108.98,-0.03,-0.09,0.10,-0.99
98.57,R_LittleIntermediate,40.82,76.43,106.65,-0.03,-0.14,0.17,-0.97
98.57,R_IndexProximal,34.23,77.09,106.31,-0.07,-0.06,-0.02,-1.00
98.57,R_MiddleProximal,36.55,77.56,105.94,-0.06,-0.08,0.02,-0.99
98.57,R_ThumbProximal,30.78,76.37,102.90,-0.05,0.06,-0.49,-0.87
98.57,R_RingProximal,38.46,77.12,104.89,-0.02,-0.09,0.06,-0.99
98.57,L_LittleProximal,-19.20,55.68,82.31,-0.03,-0.13,-0.34,-0.93
98.59,Main Camera,1.88,129.10,75.65,0.02,0.01,0.04,1.00
98.59,R_Palm,35.92,77.46,102.68,-0.02,-0.08,0.01,-1.00
98.59,R_ThumbTip,30.15,75.28,108.99,-0.07,0.13,-0.55,-0.82
98.59,R_IndexTip,35.60,75.82,115.14,-0.09,-0.10,0.02,-0.99
98.59,R_MiddleTip,38.28,76.64,115.92,-0.01,-0.09,0.07,-0.99
98.59,R_RingTip,40.07,76.68,114.33,-0.03,-0.06,0.10,-0.99
98.59,R_LittleTip,41.75,76.18,111.03,-0.02,-0.09,0.18,-0.98
98.59,R_ThumbDistal,30.56,75.84,106.45,-0.07,0.13,-0.55,-0.82
98.59,R_IndexIntermediate,34.73,76.62,110.29,-0.09,-0.07,0.01,-0.99
98.59,R_MiddleIntermediate,37.26,77.03,110.42,-0.06,-0.09,0.03,-0.99
98.59,R_RingIntermediate,39.18,76.92,108.97,-0.03,-0.09,0.10,-0.99
98.59,R_LittleIntermediate,40.80,76.47,106.63,-0.03,-0.14,0.17,-0.97
98.59,R_IndexProximal,34.21,77.14,106.30,-0.07,-0.06,-0.02,-1.00
98.59,R_MiddleProximal,36.53,77.61,105.92,-0.06,-0.08,0.02,-0.99
98.59,R_ThumbProximal,30.77,76.41,102.89,-0.05,0.06,-0.49,-0.87
98.59,R_RingProximal,38.43,77.17,104.87,-0.02,-0.09,0.06,-0.99
98.59,L_LittleProximal,-19.14,55.63,82.25,-0.03,-0.13,-0.34,-0.93
98.60,Main Camera,1.89,129.02,75.73,0.02,0.00,0.04,1.00
98.60,R_Palm,35.90,77.50,102.65,-0.02,-0.08,0.01,-1.00
98.60,R_ThumbTip,30.14,75.32,108.97,-0.07,0.13,-0.55,-0.82
98.60,R_IndexTip,35.59,75.86,115.11,-0.09,-0.10,0.03,-0.99
98.60,R_MiddleTip,38.29,76.67,115.89,-0.01,-0.09,0.07,-0.99
98.60,R_RingTip,40.07,76.68,114.30,-0.03,-0.07,0.11,-0.99
98.60,R_LittleTip,41.72,76.17,111.01,-0.02,-0.09,0.18,-0.98
98.60,R_ThumbDistal,30.55,75.88,106.43,-0.07,0.13,-0.55,-0.82
98.60,R_IndexIntermediate,34.72,76.66,110.26,-0.09,-0.07,0.01,-0.99
98.60,R_MiddleIntermediate,37.25,77.06,110.39,-0.07,-0.09,0.03,-0.99
98.60,R_RingIntermediate,39.17,76.94,108.94,-0.03,-0.09,0.10,-0.99
98.60,R_LittleIntermediate,40.78,76.48,106.61,-0.04,-0.13,0.18,-0.97
98.60,R_IndexProximal,34.20,77.19,106.27,-0.07,-0.06,-0.02,-1.00
98.60,R_MiddleProximal,36.52,77.65,105.90,-0.06,-0.08,0.02,-0.99
98.60,R_ThumbProximal,30.76,76.45,102.86,-0.05,0.06,-0.49,-0.87
98.60,R_RingProximal,38.42,77.21,104.84,-0.03,-0.09,0.07,-0.99
98.60,L_LittleProximal,-19.13,55.76,82.30,-0.03,-0.13,-0.33,-0.93
98.62,Main Camera,1.90,128.98,75.82,0.02,-0.01,0.05,1.00
98.62,R_Palm,35.88,77.49,102.69,-0.02,-0.08,0.02,-1.00
98.62,R_ThumbTip,30.09,75.46,109.03,-0.07,0.12,-0.54,-0.83
98.62,R_IndexTip,35.59,75.87,115.14,-0.09,-0.10,0.04,-0.99
98.62,R_MiddleTip,38.32,76.61,115.91,-0.02,-0.10,0.08,-0.99
98.62,R_RingTip,40.06,76.49,114.32,-0.04,-0.07,0.12,-0.99
98.62,R_LittleTip,41.67,75.96,111.03,-0.03,-0.09,0.19,-0.98
98.62,R_ThumbDistal,30.51,76.01,106.48,-0.07,0.12,-0.54,-0.83
98.62,R_IndexIntermediate,34.72,76.69,110.30,-0.09,-0.07,0.02,-0.99
98.62,R_MiddleIntermediate,37.26,77.03,110.42,-0.07,-0.09,0.05,-0.99
98.62,R_RingIntermediate,39.15,76.82,108.96,-0.04,-0.10,0.11,-0.99
98.62,R_LittleIntermediate,40.73,76.33,106.63,-0.04,-0.13,0.19,-0.97
98.62,R_IndexProximal,34.19,77.23,106.31,-0.07,-0.07,0.00,-1.00
98.62,R_MiddleProximal,36.51,77.63,105.93,-0.06,-0.08,0.04,-0.99
98.62,R_ThumbProximal,30.72,76.56,102.92,-0.05,0.06,-0.48,-0.87
98.62,R_RingProximal,38.40,77.14,104.87,-0.03,-0.09,0.08,-0.99
98.62,L_LittleProximal,-19.05,56.19,82.52,-0.04,-0.14,-0.33,-0.93
98.63,Main Camera,1.90,128.91,75.87,0.02,-0.01,0.05,1.00
98.63,R_Palm,35.95,77.39,102.78,-0.01,-0.08,0.04,-1.00
98.63,R_ThumbTip,30.13,75.61,109.19,-0.06,0.12,-0.53,-0.84
98.63,R_IndexTip,35.74,75.90,115.25,-0.09,-0.10,0.06,-0.99
98.63,R_MiddleTip,38.49,76.50,115.98,-0.02,-0.10,0.10,-0.99
98.63,R_RingTip,40.19,76.19,114.37,-0.04,-0.07,0.14,-0.99
98.63,R_LittleTip,41.73,75.65,111.08,-0.03,-0.09,0.21,-0.97
98.63,R_ThumbDistal,30.57,76.11,106.64,-0.06,0.12,-0.53,-0.84
98.63,R_IndexIntermediate,34.84,76.70,110.41,-0.09,-0.08,0.04,-0.99
98.63,R_MiddleIntermediate,37.39,76.95,110.50,-0.07,-0.09,0.06,-0.99
98.63,R_RingIntermediate,39.25,76.60,109.02,-0.04,-0.10,0.13,-0.99
98.63,R_LittleIntermediate,40.78,76.07,106.68,-0.05,-0.14,0.21,-0.97
98.63,R_IndexProximal,34.28,77.22,106.42,-0.06,-0.07,0.01,-1.00
98.63,R_MiddleProximal,36.61,77.54,106.01,-0.06,-0.09,0.05,-0.99
98.63,R_ThumbProximal,30.75,76.63,103.07,-0.05,0.06,-0.46,-0.88
98.63,R_RingProximal,38.48,76.98,104.93,-0.04,-0.10,0.10,-0.99
98.63,L_LittleProximal,-18.87,56.61,82.59,-0.04,-0.14,-0.33,-0.93
98.65,Main Camera,1.94,128.90,75.91,0.02,-0.02,0.05,1.00
98.65,R_Palm,36.02,77.20,102.91,-0.01,-0.09,0.06,-0.99
98.65,R_ThumbTip,30.19,75.64,109.39,-0.06,0.12,-0.52,-0.85
98.65,R_IndexTip,35.89,75.82,115.40,-0.09,-0.11,0.07,-0.99
98.65,R_MiddleTip,38.67,76.29,116.09,-0.02,-0.11,0.11,-0.99
98.65,R_RingTip,40.33,75.84,114.46,-0.05,-0.08,0.15,-0.98
98.65,R_LittleTip,41.79,75.28,111.18,-0.03,-0.09,0.22,-0.97
98.65,R_ThumbDistal,30.63,76.10,106.83,-0.06,0.12,-0.52,-0.85
98.65,R_IndexIntermediate,34.97,76.61,110.56,-0.08,-0.08,0.06,-0.99
98.65,R_MiddleIntermediate,37.53,76.76,110.62,-0.07,-0.10,0.08,-0.99
98.65,R_RingIntermediate,39.36,76.31,109.12,-0.05,-0.10,0.14,-0.98
98.65,R_LittleIntermediate,40.84,75.74,106.79,-0.05,-0.14,0.22,-0.96
98.65,R_IndexProximal,34.39,77.11,106.57,-0.06,-0.07,0.03,-1.00
98.65,R_MiddleProximal,36.72,77.37,106.14,-0.06,-0.09,0.07,-0.99
98.65,R_ThumbProximal,30.81,76.59,103.25,-0.05,0.05,-0.45,-0.89
98.65,R_RingProximal,38.56,76.74,105.05,-0.04,-0.10,0.11,-0.99
98.65,L_LittleProximal,-18.72,56.95,82.65,-0.04,-0.14,-0.33,-0.93
98.66,Main Camera,1.95,128.87,75.96,0.02,-0.03,0.05,1.00
98.66,R_Palm,36.16,76.93,103.05,-0.01,-0.09,0.06,-0.99
98.66,R_ThumbTip,30.23,75.39,109.53,-0.05,0.13,-0.52,-0.85
98.66,R_IndexTip,36.05,75.55,115.54,-0.09,-0.11,0.07,-0.99
98.66,R_MiddleTip,38.83,75.98,116.22,-0.02,-0.11,0.12,-0.99
98.66,R_RingTip,40.47,75.43,114.58,-0.05,-0.08,0.15,-0.98
98.66,R_LittleTip,41.89,74.85,111.31,-0.04,-0.09,0.23,-0.97
98.66,R_ThumbDistal,30.74,75.83,106.98,-0.05,0.13,-0.52,-0.85
98.66,R_IndexIntermediate,35.12,76.35,110.70,-0.09,-0.08,0.06,-0.99
98.66,R_MiddleIntermediate,37.68,76.48,110.75,-0.07,-0.10,0.08,-0.99
98.66,R_RingIntermediate,39.50,75.98,109.25,-0.05,-0.11,0.15,-0.98
98.66,R_LittleIntermediate,40.96,75.39,106.92,-0.06,-0.14,0.22,-0.96
98.66,R_IndexProximal,34.53,76.85,106.72,-0.06,-0.08,0.03,-0.99
98.66,R_MiddleProximal,36.87,77.10,106.28,-0.06,-0.09,0.07,-0.99
98.66,R_ThumbProximal,30.93,76.32,103.40,-0.05,0.05,-0.45,-0.89
98.66,R_RingProximal,38.70,76.46,105.18,-0.05,-0.10,0.11,-0.99
98.66,L_LittleProximal,-18.65,57.01,82.52,-0.04,-0.15,-0.33,-0.93
98.67,Main Camera,1.98,128.95,76.00,0.02,-0.04,0.05,1.00
98.67,R_Palm,36.28,76.69,103.18,-0.01,-0.09,0.06,-0.99
98.67,R_ThumbTip,30.25,75.18,109.65,-0.04,0.13,-0.52,-0.85
98.67,R_IndexTip,36.19,75.29,115.66,-0.09,-0.11,0.07,-0.99
98.67,R_MiddleTip,38.98,75.71,116.33,-0.02,-0.11,0.12,-0.99
98.67,R_RingTip,40.59,75.07,114.69,-0.06,-0.08,0.16,-0.98
98.67,R_LittleTip,41.97,74.49,111.42,-0.05,-0.09,0.23,-0.97
98.67,R_ThumbDistal,30.82,75.60,107.11,-0.04,0.13,-0.52,-0.85
98.67,R_IndexIntermediate,35.25,76.11,110.82,-0.09,-0.08,0.06,-0.99
98.67,R_MiddleIntermediate,37.82,76.23,110.87,-0.07,-0.10,0.08,-0.99
98.67,R_RingIntermediate,39.62,75.69,109.36,-0.06,-0.11,0.15,-0.98
98.67,R_LittleIntermediate,41.06,75.09,107.04,-0.06,-0.14,0.23,-0.96
98.67,R_IndexProximal,34.66,76.62,106.84,-0.06,-0.08,0.03,-0.99
98.67,R_MiddleProximal,36.99,76.86,106.40,-0.06,-0.10,0.07,-0.99
98.67,R_ThumbProximal,31.04,76.08,103.53,-0.05,0.06,-0.45,-0.89
98.67,R_RingProximal,38.82,76.22,105.30,-0.05,-0.10,0.12,-0.99
98.67,L_LittleProximal,-18.59,57.10,82.40,-0.05,-0.16,-0.33,-0.93
98.69,Main Camera,2.01,129.02,76.03,0.02,-0.05,0.05,1.00
98.69,R_Palm,36.38,76.49,103.28,-0.01,-0.09,0.06,-0.99
98.69,R_ThumbTip,30.25,75.01,109.75,-0.03,0.14,-0.51,-0.85
98.69,R_IndexTip,36.31,75.07,115.76,-0.09,-0.11,0.08,-0.99
98.69,R_MiddleTip,39.10,75.46,116.43,-0.02,-0.11,0.12,-0.99
98.69,R_RingTip,40.69,74.75,114.78,-0.06,-0.08,0.16,-0.98
98.69,R_LittleTip,42.04,74.18,111.51,-0.06,-0.09,0.23,-0.97
98.69,R_ThumbDistal,30.87,75.40,107.22,-0.03,0.14,-0.51,-0.85
98.69,R_IndexIntermediate,35.37,75.90,110.93,-0.09,-0.08,0.06,-0.99
98.69,R_MiddleIntermediate,37.93,76.02,110.97,-0.07,-0.10,0.09,-0.99
98.69,R_RingIntermediate,39.72,75.44,109.46,-0.06,-0.11,0.15,-0.98
98.69,R_LittleIntermediate,41.15,74.84,107.14,-0.07,-0.14,0.23,-0.96
98.69,R_IndexProximal,34.76,76.43,106.95,-0.06,-0.08,0.03,-0.99
98.69,R_MiddleProximal,37.10,76.66,106.50,-0.06,-0.10,0.07,-0.99
98.69,R_ThumbProximal,31.13,75.88,103.64,-0.04,0.06,-0.45,-0.89
98.69,R_RingProximal,38.92,76.01,105.40,-0.06,-0.10,0.12,-0.99
98.69,L_LittleProximal,-18.52,57.21,82.27,-0.04,-0.16,-0.33,-0.93
98.70,Main Camera,2.03,129.08,76.05,0.02,-0.05,0.05,1.00
98.70,R_Palm,36.39,76.48,103.27,-0.01,-0.09,0.06,-0.99
98.70,R_ThumbTip,30.14,75.04,109.73,-0.02,0.15,-0.51,-0.84
98.70,R_IndexTip,36.31,75.03,115.75,-0.09,-0.11,0.08,-0.99
98.70,R_MiddleTip,39.11,75.44,116.42,-0.02,-0.11,0.12,-0.99
98.70,R_RingTip,40.70,74.73,114.77,-0.06,-0.08,0.16,-0.98
98.70,R_LittleTip,42.03,74.15,111.51,-0.06,-0.09,0.23,-0.97
98.70,R_ThumbDistal,30.82,75.40,107.21,-0.02,0.15,-0.51,-0.84
98.70,R_IndexIntermediate,35.37,75.87,110.92,-0.09,-0.08,0.06,-0.99
98.70,R_MiddleIntermediate,37.94,76.01,110.97,-0.07,-0.10,0.09,-0.99
98.70,R_RingIntermediate,39.73,75.42,109.45,-0.06,-0.11,0.15,-0.98
98.70,R_LittleIntermediate,41.15,74.82,107.13,-0.07,-0.14,0.23,-0.96
98.70,R_IndexProximal,34.77,76.41,106.95,-0.06,-0.08,0.03,-0.99
98.70,R_MiddleProximal,37.11,76.65,106.50,-0.06,-0.10,0.07,-0.99
98.70,R_ThumbProximal,31.13,75.85,103.63,-0.04,0.07,-0.45,-0.89
98.70,R_RingProximal,38.93,76.00,105.40,-0.06,-0.10,0.12,-0.99
98.70,L_LittleProximal,-18.66,57.30,82.12,-0.03,-0.16,-0.33,-0.93
98.71,Main Camera,2.05,129.16,76.06,0.02,-0.06,0.04,1.00
98.71,R_Palm,36.39,76.47,103.27,-0.01,-0.09,0.06,-0.99
98.71,R_ThumbTip,30.03,75.07,109.71,0.00,0.16,-0.51,-0.84
98.71,R_IndexTip,36.31,74.99,115.74,-0.09,-0.11,0.08,-0.99
98.71,R_MiddleTip,39.11,75.42,116.42,-0.02,-0.11,0.12,-0.99
98.71,R_RingTip,40.71,74.71,114.77,-0.07,-0.08,0.16,-0.98
98.71,R_LittleTip,42.02,74.13,111.51,-0.06,-0.09,0.23,-0.97
98.71,R_ThumbDistal,30.78,75.40,107.20,0.00,0.16,-0.51,-0.84
98.71,R_IndexIntermediate,35.37,75.85,110.92,-0.09,-0.08,0.06,-0.99
98.71,R_MiddleIntermediate,37.94,76.00,110.97,-0.07,-0.10,0.09,-0.99
98.71,R_RingIntermediate,39.74,75.41,109.45,-0.07,-0.11,0.15,-0.98
98.71,R_LittleIntermediate,41.15,74.81,107.14,-0.07,-0.14,0.23,-0.96
98.71,R_IndexProximal,34.77,76.40,106.94,-0.07,-0.08,0.03,-0.99
98.71,R_MiddleProximal,37.11,76.64,106.50,-0.06,-0.10,0.07,-0.99
98.71,R_ThumbProximal,31.13,75.83,103.63,-0.03,0.07,-0.45,-0.89
98.71,R_RingProximal,38.93,75.99,105.40,-0.06,-0.10,0.12,-0.99
98.71,L_LittleProximal,-18.72,57.50,82.09,-0.02,-0.16,-0.33,-0.93
98.73,Main Camera,2.10,129.29,76.10,0.02,-0.06,0.04,1.00
98.73,R_Palm,36.39,76.48,103.26,-0.01,-0.09,0.06,-0.99
98.73,R_ThumbTip,29.99,75.09,109.68,0.00,0.16,-0.51,-0.84
98.73,R_IndexTip,36.31,74.97,115.73,-0.09,-0.11,0.07,-0.99
98.73,R_MiddleTip,39.11,75.42,116.41,-0.03,-0.11,0.12,-0.99
98.73,R_RingTip,40.71,74.71,114.75,-0.07,-0.08,0.16,-0.98
98.73,R_LittleTip,42.01,74.13,111.50,-0.06,-0.09,0.23,-0.97
98.73,R_ThumbDistal,30.76,75.41,107.18,0.00,0.16,-0.51,-0.84
98.73,R_IndexIntermediate,35.37,75.85,110.90,-0.09,-0.08,0.06,-0.99
98.73,R_MiddleIntermediate,37.94,76.00,110.95,-0.08,-0.10,0.09,-0.99
98.73,R_RingIntermediate,39.74,75.42,109.44,-0.07,-0.11,0.15,-0.98
98.73,R_LittleIntermediate,41.14,74.82,107.12,-0.07,-0.14,0.23,-0.96
98.73,R_IndexProximal,34.77,76.41,106.93,-0.07,-0.08,0.03,-0.99
98.73,R_MiddleProximal,37.10,76.64,106.48,-0.06,-0.10,0.07,-0.99
98.73,R_ThumbProximal,31.12,75.83,103.61,-0.03,0.07,-0.45,-0.89
98.73,R_RingProximal,38.93,76.00,105.39,-0.06,-0.10,0.12,-0.99
98.73,L_LittleProximal,-18.72,57.43,82.08,-0.01,-0.15,-0.33,-0.93
98.74,Main Camera,2.14,129.42,76.15,0.01,-0.06,0.03,1.00
98.74,R_Palm,36.38,76.48,103.25,-0.01,-0.09,0.06,-0.99
98.74,R_ThumbTip,29.95,75.11,109.66,0.00,0.16,-0.51,-0.84
98.74,R_IndexTip,36.30,74.95,115.71,-0.09,-0.11,0.07,-0.99
98.74,R_MiddleTip,39.11,75.42,116.39,-0.03,-0.11,0.12,-0.99
98.74,R_RingTip,40.71,74.71,114.74,-0.07,-0.08,0.16,-0.98
98.74,R_LittleTip,42.00,74.14,111.49,-0.06,-0.09,0.23,-0.97
98.74,R_ThumbDistal,30.73,75.42,107.17,0.00,0.16,-0.51,-0.84
98.74,R_IndexIntermediate,35.36,75.84,110.89,-0.09,-0.08,0.06,-0.99
98.74,R_MiddleIntermediate,37.94,76.00,110.94,-0.08,-0.10,0.08,-0.99
98.74,R_RingIntermediate,39.74,75.42,109.42,-0.07,-0.11,0.15,-0.98
98.74,R_LittleIntermediate,41.14,74.82,107.11,-0.07,-0.14,0.23,-0.96
98.74,R_IndexProximal,34.76,76.41,106.92,-0.07,-0.08,0.03,-0.99
98.74,R_MiddleProximal,37.10,76.65,106.47,-0.06,-0.10,0.07,-0.99
98.74,R_ThumbProximal,31.12,75.84,103.60,-0.03,0.07,-0.45,-0.89
98.74,R_RingProximal,38.93,76.00,105.37,-0.06,-0.11,0.12,-0.99
98.74,L_LittleProximal,-18.71,57.38,82.06,-0.01,-0.15,-0.34,-0.93
98.76,Main Camera,2.16,129.55,76.18,0.01,-0.07,0.03,1.00
98.76,R_Palm,36.38,76.48,103.23,-0.01,-0.09,0.06,-0.99
98.76,R_ThumbTip,29.89,75.15,109.64,0.01,0.16,-0.51,-0.84
98.76,R_IndexTip,36.30,74.93,115.69,-0.09,-0.11,0.07,-0.99
98.76,R_MiddleTip,39.11,75.41,116.38,-0.03,-0.11,0.12,-0.99
98.76,R_RingTip,40.72,74.70,114.72,-0.07,-0.08,0.16,-0.98
98.76,R_LittleTip,42.00,74.14,111.48,-0.06,-0.09,0.23,-0.97
98.76,R_ThumbDistal,30.70,75.43,107.15,0.01,0.16,-0.51,-0.84
98.76,R_IndexIntermediate,35.36,75.83,110.87,-0.10,-0.08,0.06,-0.99
98.76,R_MiddleIntermediate,37.94,76.00,110.93,-0.08,-0.10,0.08,-0.99
98.76,R_RingIntermediate,39.74,75.42,109.41,-0.07,-0.11,0.15,-0.98
98.76,R_LittleIntermediate,41.13,74.82,107.10,-0.08,-0.14,0.23,-0.96
98.76,R_IndexProximal,34.76,76.41,106.90,-0.07,-0.08,0.03,-0.99
98.76,R_MiddleProximal,37.10,76.65,106.46,-0.06,-0.10,0.07,-0.99
98.76,R_ThumbProximal,31.11,75.84,103.58,-0.02,0.08,-0.45,-0.89
98.76,R_RingProximal,38.93,76.01,105.36,-0.06,-0.11,0.12,-0.99
98.76,L_LittleProximal,-18.69,57.33,82.04,-0.01,-0.15,-0.34,-0.93
98.77,Main Camera,2.21,129.63,76.21,0.00,-0.07,0.02,1.00
98.77,R_Palm,36.37,76.51,103.22,-0.01,-0.09,0.06,-0.99
98.77,R_ThumbTip,29.82,75.22,109.61,0.01,0.17,-0.51,-0.84
98.77,R_IndexTip,36.29,74.95,115.68,-0.09,-0.11,0.07,-0.99
98.77,R_MiddleTip,39.10,75.42,116.36,-0.03,-0.11,0.12,-0.99
98.77,R_RingTip,40.71,74.72,114.71,-0.07,-0.08,0.16,-0.98
98.77,R_LittleTip,41.99,74.16,111.47,-0.06,-0.09,0.23,-0.97
98.77,R_ThumbDistal,30.66,75.49,107.13,0.01,0.17,-0.51,-0.84
98.77,R_IndexIntermediate,35.35,75.85,110.86,-0.10,-0.08,0.06,-0.99
98.77,R_MiddleIntermediate,37.93,76.02,110.91,-0.08,-0.10,0.08,-0.99
98.77,R_RingIntermediate,39.73,75.45,109.40,-0.07,-0.11,0.15,-0.98
98.77,R_LittleIntermediate,41.12,74.85,107.09,-0.08,-0.14,0.23,-0.96
98.77,R_IndexProximal,34.75,76.44,106.89,-0.07,-0.08,0.03,-0.99
98.77,R_MiddleProximal,37.09,76.68,106.44,-0.06,-0.10,0.07,-0.99
98.77,R_ThumbProximal,31.10,75.88,103.56,-0.02,0.08,-0.45,-0.89
98.77,R_RingProximal,38.92,76.03,105.35,-0.06,-0.11,0.12,-0.99
98.77,L_LittleProximal,-18.71,57.37,82.04,-0.01,-0.15,-0.34,-0.93
98.78,Main Camera,2.25,129.69,76.23,0.00,-0.07,0.02,1.00
98.78,R_Palm,36.34,76.62,103.19,-0.01,-0.09,0.06,-0.99
98.78,R_ThumbTip,29.74,75.38,109.56,0.02,0.17,-0.51,-0.84
98.78,R_IndexTip,36.25,75.05,115.65,-0.09,-0.11,0.07,-0.99
98.78,R_MiddleTip,39.07,75.52,116.33,-0.03,-0.11,0.12,-0.99
98.78,R_RingTip,40.68,74.82,114.68,-0.07,-0.08,0.16,-0.98
98.78,R_LittleTip,41.95,74.27,111.44,-0.06,-0.09,0.23,-0.97
98.78,R_ThumbDistal,30.59,75.64,107.09,0.02,0.17,-0.51,-0.84
98.78,R_IndexIntermediate,35.31,75.96,110.83,-0.10,-0.08,0.06,-0.99
98.78,R_MiddleIntermediate,37.89,76.13,110.88,-0.08,-0.10,0.09,-0.99
98.78,R_RingIntermediate,39.70,75.55,109.37,-0.07,-0.11,0.15,-0.98
98.78,R_LittleIntermediate,41.09,74.96,107.06,-0.08,-0.13,0.23,-0.96
98.78,R_IndexProximal,34.72,76.55,106.86,-0.07,-0.08,0.03,-0.99
98.78,R_MiddleProximal,37.05,76.78,106.42,-0.07,-0.10,0.07,-0.99
98.78,R_ThumbProximal,31.05,76.02,103.52,-0.02,0.08,-0.44,-0.89
98.78,R_RingProximal,38.88,76.14,105.32,-0.06,-0.11,0.12,-0.99
98.78,L_LittleProximal,-18.80,57.49,81.98,-0.01,-0.15,-0.35,-0.93
98.80,Main Camera,2.30,129.76,76.26,0.00,-0.07,0.01,1.00
98.80,R_Palm,36.30,76.74,103.14,-0.01,-0.09,0.06,-0.99
98.80,R_ThumbTip,29.66,75.54,109.50,0.02,0.17,-0.51,-0.85
98.80,R_IndexTip,36.22,75.16,115.59,-0.09,-0.11,0.07,-0.99
98.80,R_MiddleTip,39.04,75.62,116.28,-0.03,-0.11,0.12,-0.99
98.80,R_RingTip,40.66,74.93,114.62,-0.07,-0.08,0.16,-0.98
98.80,R_LittleTip,41.92,74.38,111.38,-0.06,-0.09,0.23,-0.97
98.80,R_ThumbDistal,30.53,75.79,107.03,0.02,0.17,-0.51,-0.85
98.80,R_IndexIntermediate,35.28,76.07,110.78,-0.10,-0.08,0.06,-0.99
98.80,R_MiddleIntermediate,37.86,76.24,110.83,-0.08,-0.10,0.09,-0.99
98.80,R_RingIntermediate,39.67,75.67,109.32,-0.07,-0.11,0.15,-0.98
98.80,R_LittleIntermediate,41.05,75.08,107.01,-0.08,-0.14,0.23,-0.96
98.80,R_IndexProximal,34.68,76.66,106.81,-0.07,-0.08,0.03,-0.99
98.80,R_MiddleProximal,37.02,76.90,106.36,-0.07,-0.10,0.07,-0.99
98.80,R_ThumbProximal,31.00,76.16,103.46,-0.02,0.08,-0.44,-0.89
98.80,R_RingProximal,38.84,76.26,105.27,-0.06,-0.11,0.12,-0.99
98.80,L_LittleProximal,-19.15,57.46,82.00,-0.02,-0.15,-0.35,-0.92
98.81,Main Camera,2.34,129.81,76.30,-0.01,-0.07,0.01,1.00
98.81,R_Palm,36.28,76.82,103.13,-0.01,-0.09,0.06,-0.99
98.81,R_ThumbTip,29.60,75.65,109.48,0.02,0.17,-0.50,-0.85
98.81,R_IndexTip,36.21,75.23,115.59,-0.10,-0.11,0.07,-0.99
98.81,R_MiddleTip,39.03,75.68,116.27,-0.03,-0.11,0.12,-0.99
98.81,R_RingTip,40.65,74.99,114.61,-0.07,-0.08,0.16,-0.98
98.81,R_LittleTip,41.90,74.46,111.38,-0.06,-0.09,0.23,-0.97
98.81,R_ThumbDistal,30.48,75.89,107.01,0.02,0.17,-0.50,-0.85
98.81,R_IndexIntermediate,35.26,76.14,110.77,-0.10,-0.08,0.06,-0.99
98.81,R_MiddleIntermediate,37.85,76.30,110.82,-0.08,-0.10,0.08,-0.99
98.81,R_RingIntermediate,39.65,75.74,109.31,-0.07,-0.11,0.15,-0.98
98.81,R_LittleIntermediate,41.04,75.15,107.00,-0.08,-0.14,0.23,-0.96
98.81,R_IndexProximal,34.66,76.73,106.80,-0.07,-0.08,0.03,-0.99
98.81,R_MiddleProximal,37.00,76.97,106.36,-0.07,-0.10,0.07,-0.99
98.81,R_ThumbProximal,30.96,76.26,103.44,-0.02,0.08,-0.44,-0.89
98.81,R_RingProximal,38.83,76.33,105.26,-0.06,-0.11,0.12,-0.99
98.81,L_LittleProximal,-19.26,57.51,81.96,-0.02,-0.15,-0.35,-0.92
98.82,Main Camera,2.38,129.88,76.35,-0.01,-0.07,0.01,1.00
98.82,R_Palm,36.22,76.94,103.11,-0.01,-0.09,0.06,-0.99
98.82,R_ThumbTip,29.51,75.81,109.45,0.02,0.17,-0.50,-0.85
98.82,R_IndexTip,36.16,75.34,115.57,-0.10,-0.11,0.07,-0.99
98.82,R_MiddleTip,38.98,75.78,116.25,-0.03,-0.11,0.12,-0.99
98.82,R_RingTip,40.60,75.10,114.59,-0.07,-0.08,0.16,-0.98
98.82,R_LittleTip,41.85,74.57,111.36,-0.06,-0.09,0.23,-0.97
98.82,R_ThumbDistal,30.40,76.04,106.98,0.02,0.17,-0.50,-0.85
98.82,R_IndexIntermediate,35.21,76.26,110.76,-0.10,-0.08,0.06,-0.99
98.82,R_MiddleIntermediate,37.80,76.42,110.80,-0.08,-0.10,0.09,-0.99
98.82,R_RingIntermediate,39.60,75.86,109.29,-0.07,-0.11,0.15,-0.98
98.82,R_LittleIntermediate,40.98,75.27,106.98,-0.08,-0.14,0.23,-0.96
98.82,R_IndexProximal,34.61,76.85,106.79,-0.07,-0.08,0.03,-0.99
98.82,R_MiddleProximal,36.94,77.09,106.34,-0.07,-0.10,0.07,-0.99
98.82,R_ThumbProximal,30.90,76.40,103.42,-0.01,0.08,-0.44,-0.90
98.82,R_RingProximal,38.77,76.45,105.25,-0.06,-0.11,0.12,-0.99
98.82,L_LittleProximal,-19.53,57.83,82.08,-0.03,-0.15,-0.35,-0.92
98.84,Main Camera,2.41,129.92,76.40,-0.01,-0.07,0.00,1.00
98.84,R_Palm,36.17,77.05,103.10,-0.01,-0.09,0.06,-0.99
98.84,R_ThumbTip,29.43,75.96,109.42,0.03,0.17,-0.50,-0.85
98.84,R_IndexTip,36.12,75.45,115.55,-0.10,-0.11,0.07,-0.99
98.84,R_MiddleTip,38.94,75.88,116.23,-0.03,-0.11,0.12,-0.99
98.84,R_RingTip,40.55,75.20,114.58,-0.07,-0.08,0.16,-0.98
98.84,R_LittleTip,41.79,74.68,111.34,-0.06,-0.09,0.23,-0.97
98.84,R_ThumbDistal,30.33,76.19,106.96,0.03,0.17,-0.50,-0.85
98.84,R_IndexIntermediate,35.16,76.37,110.74,-0.10,-0.09,0.06,-0.99
98.84,R_MiddleIntermediate,37.75,76.53,110.79,-0.08,-0.10,0.09,-0.99
98.84,R_RingIntermediate,39.55,75.97,109.28,-0.07,-0.11,0.15,-0.98
98.84,R_LittleIntermediate,40.93,75.38,106.97,-0.08,-0.14,0.23,-0.96
98.84,R_IndexProximal,34.55,76.97,106.77,-0.07,-0.08,0.03,-0.99
98.84,R_MiddleProximal,36.89,77.21,106.33,-0.07,-0.10,0.07,-0.99
98.84,R_ThumbProximal,30.83,76.54,103.40,-0.01,0.08,-0.44,-0.90
98.84,R_RingProximal,38.72,76.56,105.23,-0.06,-0.11,0.12,-0.99
98.84,L_LittleProximal,-19.76,58.11,82.17,-0.03,-0.15,-0.35,-0.92
98.87,Main Camera,2.53,130.04,76.55,-0.02,-0.07,0.00,1.00
98.87,R_Palm,36.10,77.17,103.09,-0.01,-0.09,0.06,-0.99
98.87,R_ThumbTip,29.33,76.11,109.40,0.03,0.17,-0.50,-0.85
98.87,R_IndexTip,36.07,75.54,115.54,-0.10,-0.11,0.07,-0.99
98.87,R_MiddleTip,38.89,75.96,116.22,-0.03,-0.11,0.12,-0.99
98.87,R_RingTip,40.51,75.29,114.56,-0.07,-0.08,0.16,-0.98
98.87,R_LittleTip,41.74,74.79,111.33,-0.06,-0.09,0.23,-0.97
98.87,R_ThumbDistal,30.24,76.33,106.94,0.03,0.17,-0.50,-0.85
98.87,R_IndexIntermediate,35.11,76.47,110.73,-0.10,-0.09,0.06,-0.99
98.87,R_MiddleIntermediate,37.70,76.63,110.78,-0.08,-0.10,0.09,-0.99
98.87,R_RingIntermediate,39.50,76.07,109.27,-0.07,-0.11,0.15,-0.98
98.87,R_LittleIntermediate,40.87,75.49,106.96,-0.08,-0.14,0.23,-0.96
98.87,R_IndexProximal,34.50,77.07,106.77,-0.07,-0.08,0.03,-0.99
98.87,R_MiddleProximal,36.83,77.31,106.32,-0.07,-0.10,0.07,-0.99
98.87,R_ThumbProximal,30.75,76.68,103.38,-0.01,0.09,-0.43,-0.90
98.87,R_RingProximal,38.66,76.67,105.22,-0.06,-0.11,0.12,-0.99
98.87,L_LittleProximal,-19.81,58.68,82.66,-0.03,-0.16,-0.35,-0.92
98.88,Main Camera,2.59,130.07,76.63,-0.02,-0.07,-0.01,1.00
98.88,R_Palm,36.10,77.15,103.08,-0.01,-0.09,0.06,-0.99
98.88,R_ThumbTip,29.31,76.09,109.39,0.03,0.18,-0.50,-0.85
98.88,R_IndexTip,36.07,75.51,115.53,-0.10,-0.11,0.07,-0.99
98.88,R_MiddleTip,38.89,75.92,116.20,-0.03,-0.11,0.12,-0.99
98.88,R_RingTip,40.51,75.26,114.55,-0.07,-0.08,0.16,-0.98
98.88,R_LittleTip,41.73,74.76,111.32,-0.06,-0.09,0.23,-0.97
98.88,R_ThumbDistal,30.23,76.31,106.93,0.03,0.18,-0.50,-0.85
98.88,R_IndexIntermediate,35.11,76.45,110.72,-0.10,-0.09,0.06,-0.99
98.88,R_MiddleIntermediate,37.69,76.60,110.77,-0.08,-0.10,0.09,-0.99
98.88,R_RingIntermediate,39.50,76.05,109.25,-0.07,-0.11,0.15,-0.98
98.88,R_LittleIntermediate,40.87,75.47,106.95,-0.08,-0.14,0.23,-0.96
98.88,R_IndexProximal,34.49,77.05,106.76,-0.07,-0.08,0.03,-0.99
98.88,R_MiddleProximal,36.83,77.29,106.31,-0.07,-0.10,0.07,-0.99
98.88,R_ThumbProximal,30.74,76.66,103.37,-0.01,0.09,-0.43,-0.90
98.88,R_RingProximal,38.65,76.65,105.21,-0.06,-0.11,0.12,-0.99
98.88,L_LittleProximal,-19.72,59.05,82.87,-0.03,-0.16,-0.36,-0.92
98.89,Main Camera,2.64,130.10,76.72,-0.02,-0.07,-0.01,1.00
98.89,R_Palm,36.09,77.15,103.07,-0.01,-0.09,0.06,-0.99
98.89,R_ThumbTip,29.28,76.10,109.37,0.03,0.18,-0.50,-0.85
98.89,R_IndexTip,36.07,75.50,115.52,-0.10,-0.11,0.07,-0.99
98.89,R_MiddleTip,38.89,75.91,116.19,-0.03,-0.11,0.12,-0.99
98.89,R_RingTip,40.51,75.25,114.53,-0.07,-0.08,0.16,-0.98
98.89,R_LittleTip,41.73,74.76,111.30,-0.06,-0.09,0.23,-0.97
98.89,R_ThumbDistal,30.22,76.31,106.92,0.03,0.18,-0.50,-0.85
98.89,R_IndexIntermediate,35.11,76.44,110.71,-0.10,-0.09,0.06,-0.99
98.89,R_MiddleIntermediate,37.69,76.59,110.76,-0.08,-0.10,0.09,-0.99
98.89,R_RingIntermediate,39.50,76.05,109.24,-0.07,-0.11,0.15,-0.98
98.89,R_LittleIntermediate,40.86,75.47,106.93,-0.08,-0.14,0.23,-0.96
98.89,R_IndexProximal,34.49,77.05,106.75,-0.07,-0.08,0.03,-0.99
98.89,R_MiddleProximal,36.82,77.29,106.30,-0.07,-0.10,0.07,-0.99
98.89,R_ThumbProximal,30.73,76.66,103.36,-0.01,0.09,-0.43,-0.90
98.89,R_RingProximal,38.65,76.65,105.20,-0.06,-0.11,0.12,-0.99
98.89,L_LittleProximal,-19.67,58.96,82.86,-0.04,-0.16,-0.36,-0.92
98.91,Main Camera,2.70,130.10,76.82,-0.02,-0.07,-0.01,1.00
98.91,R_Palm,36.09,77.14,103.06,-0.01,-0.09,0.06,-0.99
98.91,R_ThumbTip,29.27,76.09,109.36,0.03,0.18,-0.50,-0.85
98.91,R_IndexTip,36.08,75.48,115.51,-0.10,-0.11,0.07,-0.99
98.91,R_MiddleTip,38.90,75.88,116.18,-0.03,-0.11,0.12,-0.99
98.91,R_RingTip,40.52,75.24,114.52,-0.07,-0.08,0.16,-0.98
98.91,R_LittleTip,41.73,74.75,111.29,-0.06,-0.09,0.23,-0.97
98.91,R_ThumbDistal,30.21,76.30,106.91,0.03,0.18,-0.50,-0.85
98.91,R_IndexIntermediate,35.11,76.43,110.70,-0.10,-0.09,0.06,-0.99
98.91,R_MiddleIntermediate,37.69,76.57,110.75,-0.08,-0.10,0.09,-0.99
98.91,R_RingIntermediate,39.50,76.03,109.23,-0.07,-0.11,0.15,-0.98
98.91,R_LittleIntermediate,40.86,75.46,106.92,-0.08,-0.14,0.23,-0.96
98.91,R_IndexProximal,34.49,77.04,106.74,-0.07,-0.08,0.03,-0.99
98.91,R_MiddleProximal,36.82,77.28,106.29,-0.07,-0.10,0.07,-0.99
98.91,R_ThumbProximal,30.73,76.65,103.35,-0.01,0.09,-0.43,-0.90
98.91,R_RingProximal,38.64,76.64,105.19,-0.06,-0.11,0.12,-0.99
98.91,L_LittleProximal,-19.66,58.88,82.84,-0.04,-0.16,-0.36,-0.92
98.92,Main Camera,2.75,130.10,76.94,-0.02,-0.06,-0.02,1.00
98.92,R_Palm,36.08,77.12,103.05,-0.01,-0.09,0.06,-0.99
98.92,R_ThumbTip,29.25,76.08,109.35,0.03,0.18,-0.50,-0.85
98.92,R_IndexTip,36.09,75.46,115.50,-0.10,-0.12,0.07,-0.99
98.92,R_MiddleTip,38.90,75.86,116.17,-0.04,-0.11,0.12,-0.99
98.92,R_RingTip,40.52,75.22,114.51,-0.07,-0.08,0.16,-0.98
98.92,R_LittleTip,41.73,74.74,111.28,-0.06,-0.09,0.23,-0.97
98.92,R_ThumbDistal,30.20,76.28,106.91,0.03,0.18,-0.50,-0.85
98.92,R_IndexIntermediate,35.11,76.41,110.69,-0.10,-0.09,0.06,-0.99
98.92,R_MiddleIntermediate,37.69,76.56,110.74,-0.08,-0.10,0.09,-0.99
98.92,R_RingIntermediate,39.50,76.02,109.22,-0.07,-0.11,0.15,-0.98
98.92,R_LittleIntermediate,40.86,75.45,106.91,-0.08,-0.14,0.23,-0.96
98.92,R_IndexProximal,34.48,77.02,106.73,-0.07,-0.08,0.03,-0.99
98.92,R_MiddleProximal,36.82,77.26,106.28,-0.07,-0.10,0.07,-0.99
98.92,R_ThumbProximal,30.72,76.64,103.35,-0.01,0.09,-0.43,-0.90
98.92,R_RingProximal,38.64,76.62,105.18,-0.06,-0.11,0.12,-0.99
98.92,L_LittleProximal,-19.68,58.78,82.82,-0.04,-0.16,-0.36,-0.92
98.94,Main Camera,2.83,130.07,77.06,-0.02,-0.06,-0.02,1.00
98.94,R_Palm,36.08,77.10,103.05,-0.01,-0.09,0.06,-0.99
98.94,R_ThumbTip,29.25,76.07,109.36,0.04,0.18,-0.50,-0.85
98.94,R_IndexTip,36.10,75.44,115.49,-0.10,-0.12,0.07,-0.99
98.94,R_MiddleTip,38.91,75.84,116.16,-0.04,-0.11,0.12,-0.99
98.94,R_RingTip,40.54,75.21,114.50,-0.07,-0.08,0.16,-0.98
98.94,R_LittleTip,41.74,74.73,111.27,-0.06,-0.09,0.23,-0.97
98.94,R_ThumbDistal,30.20,76.26,106.91,0.04,0.18,-0.50,-0.85
98.94,R_IndexIntermediate,35.12,76.39,110.69,-0.10,-0.09,0.06,-0.99
98.94,R_MiddleIntermediate,37.70,76.54,110.73,-0.09,-0.11,0.09,-0.99
98.94,R_RingIntermediate,39.51,76.00,109.21,-0.07,-0.11,0.15,-0.98
98.94,R_LittleIntermediate,40.86,75.43,106.90,-0.08,-0.14,0.23,-0.96
98.94,R_IndexProximal,34.49,77.01,106.73,-0.07,-0.08,0.03,-0.99
98.94,R_MiddleProximal,36.83,77.24,106.28,-0.07,-0.10,0.07,-0.99
98.94,R_ThumbProximal,30.72,76.62,103.35,-0.01,0.09,-0.43,-0.90
98.94,R_RingProximal,38.65,76.60,105.17,-0.06,-0.11,0.12,-0.98
98.94,L_LittleProximal,-19.73,58.67,82.81,-0.05,-0.16,-0.36,-0.92
98.95,Main Camera,2.89,130.01,77.17,-0.02,-0.06,-0.02,1.00
98.95,R_Palm,36.09,77.07,103.05,-0.01,-0.09,0.06,-0.99
98.95,R_ThumbTip,29.25,76.04,109.37,0.04,0.18,-0.50,-0.85
98.95,R_IndexTip,36.14,75.42,115.49,-0.10,-0.12,0.07,-0.99
98.95,R_MiddleTip,38.94,75.81,116.15,-0.04,-0.12,0.12,-0.99
98.95,R_RingTip,40.57,75.19,114.49,-0.07,-0.09,0.16,-0.98
98.95,R_LittleTip,41.76,74.71,111.26,-0.06,-0.09,0.23,-0.97
98.95,R_ThumbDistal,30.21,76.23,106.92,0.04,0.18,-0.50,-0.85
98.95,R_IndexIntermediate,35.14,76.37,110.69,-0.10,-0.09,0.06,-0.99
98.95,R_MiddleIntermediate,37.72,76.51,110.72,-0.08,-0.11,0.09,-0.99
98.95,R_RingIntermediate,39.53,75.98,109.20,-0.07,-0.12,0.15,-0.98
98.95,R_LittleIntermediate,40.88,75.41,106.89,-0.08,-0.14,0.23,-0.96
98.95,R_IndexProximal,34.50,76.98,106.73,-0.07,-0.08,0.03,-0.99
98.95,R_MiddleProximal,36.84,77.22,106.27,-0.07,-0.10,0.07,-0.99
98.95,R_ThumbProximal,30.72,76.58,103.36,-0.01,0.09,-0.43,-0.90
98.95,R_RingProximal,38.66,76.57,105.17,-0.06,-0.11,0.12,-0.98
98.95,L_LittleProximal,-19.79,58.56,82.81,-0.05,-0.16,-0.36,-0.92
98.96,Main Camera,2.96,129.96,77.30,-0.02,-0.06,-0.02,1.00
98.96,R_Palm,36.08,76.98,103.09,-0.01,-0.09,0.06,-0.99
98.96,R_ThumbTip,29.24,75.96,109.42,0.04,0.18,-0.50,-0.85
98.96,R_IndexTip,36.14,75.20,115.51,-0.11,-0.12,0.07,-0.98
98.96,R_MiddleTip,38.94,75.68,116.19,-0.04,-0.12,0.12,-0.99
98.96,R_RingTip,40.58,75.12,114.53,-0.07,-0.09,0.16,-0.98
98.96,R_LittleTip,41.76,74.65,111.30,-0.06,-0.09,0.23,-0.97
98.96,R_ThumbDistal,30.20,76.14,106.97,0.04,0.18,-0.50,-0.85
98.96,R_IndexIntermediate,35.14,76.23,110.73,-0.11,-0.09,0.06,-0.99
98.96,R_MiddleIntermediate,37.72,76.41,110.76,-0.09,-0.11,0.09,-0.99
98.96,R_RingIntermediate,39.53,75.91,109.24,-0.07,-0.12,0.15,-0.98
98.96,R_LittleIntermediate,40.88,75.34,106.93,-0.07,-0.14,0.23,-0.96
98.96,R_IndexProximal,34.50,76.90,106.78,-0.08,-0.08,0.03,-0.99
98.96,R_MiddleProximal,36.83,77.14,106.32,-0.07,-0.10,0.07,-0.99
98.96,R_ThumbProximal,30.71,76.48,103.41,-0.01,0.08,-0.43,-0.90
98.96,R_RingProximal,38.65,76.50,105.21,-0.06,-0.11,0.12,-0.98
98.96,L_LittleProximal,-19.87,58.42,82.84,-0.05,-0.15,-0.37,-0.92
98.98,Main Camera,3.01,129.87,77.44,-0.02,-0.05,-0.03,1.00
98.98,R_Palm,36.08,76.79,103.17,0.00,-0.09,0.06,-0.99
98.98,R_ThumbTip,29.26,75.76,109.52,0.04,0.18,-0.50,-0.85
98.98,R_IndexTip,36.17,74.92,115.58,-0.11,-0.12,0.07,-0.98
98.98,R_MiddleTip,38.98,75.48,116.26,-0.04,-0.12,0.12,-0.99
98.98,R_RingTip,40.62,74.98,114.60,-0.07,-0.09,0.16,-0.98
98.98,R_LittleTip,41.80,74.50,111.38,-0.06,-0.09,0.23,-0.97
98.98,R_ThumbDistal,30.21,75.94,107.07,0.04,0.18,-0.50,-0.85
98.98,R_IndexIntermediate,35.17,76.00,110.81,-0.11,-0.09,0.06,-0.99
98.98,R_MiddleIntermediate,37.74,76.22,110.84,-0.09,-0.11,0.08,-0.99
98.98,R_RingIntermediate,39.56,75.75,109.32,-0.07,-0.12,0.15,-0.98
98.98,R_LittleIntermediate,40.90,75.18,107.01,-0.07,-0.14,0.23,-0.96
98.98,R_IndexProximal,34.51,76.71,106.87,-0.09,-0.08,0.03,-0.99
98.98,R_MiddleProximal,36.84,76.96,106.40,-0.07,-0.10,0.07,-0.99
98.98,R_ThumbProximal,30.72,76.27,103.51,-0.01,0.08,-0.44,-0.90
98.98,R_RingProximal,38.66,76.33,105.28,-0.06,-0.12,0.11,-0.99
98.98,L_LittleProximal,-20.11,58.16,82.81,-0.04,-0.14,-0.37,-0.92
98.99,Main Camera,3.07,129.81,77.58,-0.02,-0.05,-0.03,1.00
98.99,R_Palm,36.16,76.55,103.18,0.00,-0.10,0.05,-0.99
98.99,R_ThumbTip,29.37,75.52,109.57,0.04,0.17,-0.50,-0.85
98.99,R_IndexTip,36.31,74.68,115.58,-0.11,-0.12,0.07,-0.98
98.99,R_MiddleTip,39.12,75.29,116.25,-0.04,-0.12,0.12,-0.99
98.99,R_RingTip,40.76,74.81,114.60,-0.07,-0.09,0.16,-0.98
98.99,R_LittleTip,41.92,74.33,111.37,-0.06,-0.09,0.23,-0.97
98.99,R_ThumbDistal,30.31,75.70,107.11,0.04,0.17,-0.50,-0.85
98.99,R_IndexIntermediate,35.28,75.77,110.82,-0.12,-0.09,0.06,-0.99
98.99,R_MiddleIntermediate,37.85,76.02,110.84,-0.09,-0.11,0.08,-0.99
98.99,R_RingIntermediate,39.67,75.56,109.31,-0.07,-0.12,0.15,-0.98
98.99,R_LittleIntermediate,41.00,74.99,107.00,-0.07,-0.14,0.23,-0.96
98.99,R_IndexProximal,34.61,76.49,106.88,-0.09,-0.09,0.03,-0.99
98.99,R_MiddleProximal,36.94,76.75,106.40,-0.07,-0.11,0.07,-0.99
98.99,R_ThumbProximal,30.80,76.01,103.54,-0.01,0.08,-0.44,-0.90
98.99,R_RingProximal,38.75,76.12,105.28,-0.05,-0.12,0.11,-0.99
98.99,L_LittleProximal,-20.39,58.04,82.60,-0.04,-0.14,-0.38,-0.92
99.01,Main Camera,3.11,129.76,77.73,-0.02,-0.05,-0.03,1.00
99.01,R_Palm,36.24,76.35,103.19,0.00,-0.10,0.05,-0.99
99.01,R_ThumbTip,29.48,75.32,109.61,0.04,0.17,-0.51,-0.84
99.01,R_IndexTip,36.45,74.49,115.59,-0.11,-0.12,0.07,-0.98
99.01,R_MiddleTip,39.26,75.14,116.25,-0.04,-0.12,0.11,-0.99
99.01,R_RingTip,40.91,74.69,114.59,-0.07,-0.09,0.15,-0.98
99.01,R_LittleTip,42.05,74.20,111.36,-0.05,-0.10,0.22,-0.97
99.01,R_ThumbDistal,30.41,75.48,107.15,0.04,0.17,-0.51,-0.84
99.01,R_IndexIntermediate,35.40,75.58,110.83,-0.12,-0.10,0.06,-0.99
99.01,R_MiddleIntermediate,37.97,75.86,110.84,-0.09,-0.11,0.08,-0.99
99.01,R_RingIntermediate,39.78,75.41,109.31,-0.06,-0.12,0.15,-0.98
99.01,R_LittleIntermediate,41.11,74.83,106.99,-0.07,-0.14,0.22,-0.96
99.01,R_IndexProximal,34.71,76.30,106.90,-0.09,-0.09,0.03,-0.99
99.01,R_MiddleProximal,37.03,76.57,106.40,-0.07,-0.11,0.07,-0.99
99.01,R_ThumbProximal,30.88,75.77,103.58,-0.01,0.08,-0.44,-0.89
99.01,R_RingProximal,38.85,75.94,105.28,-0.05,-0.12,0.11,-0.99
99.01,L_LittleProximal,-20.67,57.92,82.40,-0.04,-0.13,-0.38,-0.91
99.02,Main Camera,3.12,129.72,77.87,-0.01,-0.05,-0.04,1.00
99.02,R_Palm,36.31,76.18,103.19,0.01,-0.10,0.05,-0.99
99.02,R_ThumbTip,29.58,75.15,109.65,0.04,0.17,-0.51,-0.84
99.02,R_IndexTip,36.59,74.34,115.59,-0.11,-0.13,0.07,-0.98
99.02,R_MiddleTip,39.39,75.02,116.24,-0.04,-0.12,0.11,-0.99
99.02,R_RingTip,41.04,74.59,114.58,-0.07,-0.09,0.15,-0.98
99.02,R_LittleTip,42.17,74.10,111.35,-0.05,-0.10,0.22,-0.97
99.02,R_ThumbDistal,30.50,75.30,107.19,0.04,0.17,-0.51,-0.84
99.02,R_IndexIntermediate,35.51,75.43,110.84,-0.12,-0.10,0.05,-0.99
99.02,R_MiddleIntermediate,38.08,75.72,110.84,-0.09,-0.11,0.08,-0.99
99.02,R_RingIntermediate,39.89,75.29,109.30,-0.06,-0.12,0.14,-0.98
99.02,R_LittleIntermediate,41.21,74.71,106.98,-0.06,-0.14,0.22,-0.96
99.02,R_IndexProximal,34.80,76.14,106.91,-0.09,-0.09,0.03,-0.99
99.02,R_MiddleProximal,37.12,76.42,106.40,-0.07,-0.11,0.07,-0.99
99.02,R_ThumbProximal,30.96,75.58,103.61,-0.01,0.07,-0.44,-0.89
99.02,R_RingProximal,38.93,75.79,105.27,-0.05,-0.12,0.11,-0.99
99.02,L_LittleProximal,-20.95,57.82,82.21,-0.04,-0.12,-0.39,-0.91
99.03,Main Camera,3.14,129.69,78.00,-0.01,-0.04,-0.04,1.00
99.03,R_Palm,36.32,76.12,103.19,0.01,-0.10,0.05,-0.99
99.03,R_ThumbTip,29.60,75.13,109.67,0.04,0.17,-0.51,-0.84
99.03,R_IndexTip,36.61,74.36,115.60,-0.11,-0.13,0.07,-0.98
99.03,R_MiddleTip,39.41,75.05,116.25,-0.03,-0.12,0.11,-0.99
99.03,R_RingTip,41.06,74.61,114.58,-0.06,-0.09,0.15,-0.98
99.03,R_LittleTip,42.18,74.09,111.35,-0.05,-0.10,0.22,-0.97
99.03,R_ThumbDistal,30.51,75.27,107.20,0.04,0.17,-0.51,-0.84
99.03,R_IndexIntermediate,35.53,75.42,110.85,-0.11,-0.10,0.05,-0.99
99.03,R_MiddleIntermediate,38.09,75.72,110.84,-0.08,-0.11,0.08,-0.99
99.03,R_RingIntermediate,39.91,75.28,109.30,-0.06,-0.12,0.14,-0.98
99.03,R_LittleIntermediate,41.22,74.68,106.98,-0.06,-0.14,0.22,-0.96
99.03,R_IndexProximal,34.81,76.11,106.91,-0.08,-0.09,0.03,-0.99
99.03,R_MiddleProximal,37.13,76.39,106.40,-0.07,-0.11,0.07,-0.99
99.03,R_ThumbProximal,30.96,75.52,103.63,0.00,0.07,-0.44,-0.89
99.03,R_RingProximal,38.94,75.75,105.27,-0.04,-0.12,0.11,-0.99
99.03,L_LittleProximal,-20.99,57.78,82.21,-0.04,-0.11,-0.39,-0.91
99.05,Main Camera,3.13,129.63,78.11,0.00,-0.04,-0.05,1.00
99.05,R_Palm,36.33,76.06,103.14,0.01,-0.10,0.05,-0.99
99.05,R_ThumbTip,29.60,75.11,109.61,0.05,0.17,-0.51,-0.84
99.05,R_IndexTip,36.60,74.35,115.56,-0.11,-0.13,0.07,-0.98
99.05,R_MiddleTip,39.41,75.03,116.20,-0.03,-0.12,0.11,-0.99
99.05,R_RingTip,41.07,74.58,114.54,-0.06,-0.09,0.15,-0.98
99.05,R_LittleTip,42.19,74.05,111.31,-0.05,-0.10,0.23,-0.97
99.05,R_ThumbDistal,30.52,75.23,107.15,0.05,0.17,-0.51,-0.84
99.05,R_IndexIntermediate,35.53,75.40,110.80,-0.11,-0.10,0.06,-0.99
99.05,R_MiddleIntermediate,38.10,75.69,110.78,-0.08,-0.11,0.08,-0.99
99.05,R_RingIntermediate,39.92,75.24,109.25,-0.06,-0.12,0.14,-0.98
99.05,R_LittleIntermediate,41.23,74.63,106.94,-0.06,-0.14,0.22,-0.96
99.05,R_IndexProximal,34.82,76.07,106.86,-0.08,-0.09,0.03,-0.99
99.05,R_MiddleProximal,37.14,76.34,106.34,-0.06,-0.11,0.07,-0.99
99.05,R_ThumbProximal,30.97,75.47,103.57,0.00,0.07,-0.44,-0.89
99.05,R_RingProximal,38.95,75.70,105.22,-0.04,-0.12,0.11,-0.99
99.05,L_LittleProximal,-20.89,57.77,82.27,-0.04,-0.12,-0.39,-0.91
99.06,Main Camera,3.12,129.59,78.23,0.01,-0.04,-0.05,1.00
99.06,R_Palm,36.36,76.04,103.10,0.01,-0.10,0.05,-0.99
99.06,R_ThumbTip,29.62,75.13,109.58,0.05,0.16,-0.51,-0.84
99.06,R_IndexTip,36.61,74.38,115.53,-0.11,-0.12,0.07,-0.98
99.06,R_MiddleTip,39.42,75.05,116.17,-0.03,-0.12,0.11,-0.99
99.06,R_RingTip,41.08,74.59,114.51,-0.06,-0.09,0.15,-0.98
99.06,R_LittleTip,42.21,74.04,111.28,-0.05,-0.10,0.23,-0.97
99.06,R_ThumbDistal,30.54,75.24,107.11,0.05,0.16,-0.51,-0.84
99.06,R_IndexIntermediate,35.55,75.41,110.76,-0.11,-0.10,0.06,-0.99
99.06,R_MiddleIntermediate,38.12,75.69,110.75,-0.08,-0.11,0.08,-0.99
99.06,R_RingIntermediate,39.94,75.23,109.22,-0.06,-0.12,0.15,-0.98
99.06,R_LittleIntermediate,41.25,74.61,106.91,-0.06,-0.14,0.23,-0.96
99.06,R_IndexProximal,34.85,76.07,106.82,-0.08,-0.09,0.03,-0.99
99.06,R_MiddleProximal,37.17,76.33,106.30,-0.06,-0.11,0.07,-0.99
99.06,R_ThumbProximal,30.99,75.47,103.53,0.00,0.07,-0.44,-0.89
99.06,R_RingProximal,38.97,75.67,105.18,-0.04,-0.12,0.11,-0.99
99.06,L_LittleProximal,-20.47,57.82,82.57,-0.06,-0.15,-0.38,-0.91
99.08,Main Camera,3.09,129.53,78.34,0.01,-0.04,-0.05,1.00
99.08,R_Palm,36.38,76.01,103.07,0.02,-0.10,0.05,-0.99
99.08,R_ThumbTip,29.64,75.16,109.55,0.05,0.16,-0.51,-0.85
99.08,R_IndexTip,36.62,74.41,115.51,-0.11,-0.12,0.07,-0.98
99.08,R_MiddleTip,39.43,75.07,116.14,-0.03,-0.12,0.12,-0.99
99.08,R_RingTip,41.10,74.60,114.48,-0.06,-0.09,0.16,-0.98
99.08,R_LittleTip,42.22,74.03,111.26,-0.04,-0.09,0.23,-0.97
99.08,R_ThumbDistal,30.55,75.26,107.08,0.05,0.16,-0.51,-0.85
99.08,R_IndexIntermediate,35.56,75.42,110.73,-0.11,-0.10,0.06,-0.99
99.08,R_MiddleIntermediate,38.14,75.69,110.72,-0.08,-0.11,0.08,-0.99
99.08,R_RingIntermediate,39.96,75.22,109.19,-0.05,-0.12,0.15,-0.98
99.08,R_LittleIntermediate,41.27,74.59,106.88,-0.06,-0.14,0.23,-0.96
99.08,R_IndexProximal,34.87,76.07,106.79,-0.08,-0.09,0.03,-0.99
99.08,R_MiddleProximal,37.19,76.31,106.27,-0.06,-0.11,0.07,-0.99
99.08,R_ThumbProximal,31.01,75.46,103.50,0.00,0.07,-0.44,-0.90
99.08,R_RingProximal,39.00,75.65,105.15,-0.04,-0.12,0.11,-0.99
99.08,L_LittleProximal,-20.05,57.86,82.88,-0.07,-0.17,-0.38,-0.91
99.09,Main Camera,3.06,129.49,78.45,0.02,-0.03,-0.05,1.00
99.09,R_Palm,36.38,76.04,103.03,0.02,-0.10,0.06,-0.99
99.09,R_ThumbTip,29.63,75.23,109.51,0.05,0.16,-0.51,-0.85
99.09,R_IndexTip,36.60,74.49,115.48,-0.10,-0.12,0.07,-0.98
99.09,R_MiddleTip,39.43,75.14,116.11,-0.03,-0.12,0.12,-0.99
99.09,R_RingTip,41.10,74.66,114.46,-0.06,-0.09,0.16,-0.98
99.09,R_LittleTip,42.23,74.09,111.24,-0.04,-0.09,0.23,-0.97
99.09,R_ThumbDistal,30.55,75.32,107.05,0.05,0.16,-0.51,-0.85
99.09,R_IndexIntermediate,35.56,75.48,110.70,-0.11,-0.09,0.06,-0.99
99.09,R_MiddleIntermediate,38.14,75.75,110.69,-0.08,-0.11,0.08,-0.99
99.09,R_RingIntermediate,39.96,75.26,109.16,-0.05,-0.12,0.15,-0.98
99.09,R_LittleIntermediate,41.28,74.63,106.86,-0.06,-0.14,0.23,-0.96
99.09,R_IndexProximal,34.87,76.11,106.75,-0.07,-0.09,0.03,-0.99
99.09,R_MiddleProximal,37.19,76.35,106.24,-0.06,-0.11,0.07,-0.99
99.09,R_ThumbProximal,31.01,75.50,103.46,0.00,0.07,-0.44,-0.90
99.09,R_RingProximal,39.00,75.68,105.12,-0.04,-0.12,0.11,-0.99
99.09,L_LittleProximal,-19.64,57.55,82.98,-0.09,-0.20,-0.37,-0.90
99.10,Main Camera,3.03,129.50,78.58,0.02,-0.03,-0.05,1.00
99.10,R_Palm,36.39,76.06,103.00,0.02,-0.10,0.06,-0.99
99.10,R_ThumbTip,29.63,75.29,109.48,0.05,0.16,-0.50,-0.85
99.10,R_IndexTip,36.59,74.56,115.46,-0.10,-0.12,0.07,-0.98
99.10,R_MiddleTip,39.42,75.20,116.09,-0.02,-0.12,0.12,-0.99
99.10,R_RingTip,41.09,74.71,114.44,-0.06,-0.09,0.16,-0.98
99.10,R_LittleTip,42.24,74.16,111.22,-0.04,-0.09,0.23,-0.97
99.10,R_ThumbDistal,30.55,75.37,107.01,0.05,0.16,-0.50,-0.85
99.10,R_IndexIntermediate,35.56,75.54,110.68,-0.10,-0.09,0.06,-0.99
99.10,R_MiddleIntermediate,38.14,75.79,110.66,-0.07,-0.11,0.09,-0.99
99.10,R_RingIntermediate,39.96,75.30,109.14,-0.05,-0.12,0.15,-0.98
99.10,R_LittleIntermediate,41.29,74.67,106.84,-0.05,-0.14,0.23,-0.96
99.10,R_IndexProximal,34.88,76.15,106.72,-0.07,-0.09,0.03,-0.99
99.10,R_MiddleProximal,37.20,76.38,106.21,-0.06,-0.11,0.07,-0.99
99.10,R_ThumbProximal,31.02,75.54,103.43,0.01,0.07,-0.44,-0.90
99.10,R_RingProximal,39.00,75.70,105.10,-0.03,-0.12,0.12,-0.99
99.10,L_LittleProximal,-19.32,57.25,83.06,-0.10,-0.22,-0.37,-0.90
99.12,Main Camera,2.98,129.53,78.70,0.02,-0.03,-0.05,1.00
99.12,R_Palm,36.39,76.10,102.94,0.02,-0.10,0.06,-0.99
99.12,R_ThumbTip,29.62,75.36,109.40,0.06,0.16,-0.50,-0.85
99.12,R_IndexTip,36.56,74.62,115.40,-0.10,-0.12,0.08,-0.98
99.12,R_MiddleTip,39.39,75.26,116.03,-0.02,-0.12,0.12,-0.99
99.12,R_RingTip,41.07,74.77,114.38,-0.06,-0.09,0.16,-0.98
99.12,R_LittleTip,42.23,74.22,111.16,-0.04,-0.09,0.23,-0.97
99.12,R_ThumbDistal,30.54,75.43,106.94,0.06,0.16,-0.50,-0.85
99.12,R_IndexIntermediate,35.54,75.59,110.61,-0.10,-0.09,0.06,-0.99
99.12,R_MiddleIntermediate,38.12,75.84,110.60,-0.07,-0.11,0.09,-0.99
99.12,R_RingIntermediate,39.95,75.35,109.08,-0.05,-0.12,0.15,-0.98
99.12,R_LittleIntermediate,41.28,74.72,106.78,-0.05,-0.14,0.23,-0.96
99.12,R_IndexProximal,34.87,76.20,106.65,-0.07,-0.09,0.03,-0.99
99.12,R_MiddleProximal,37.19,76.43,106.14,-0.06,-0.11,0.07,-0.99
99.12,R_ThumbProximal,31.02,75.59,103.36,0.01,0.07,-0.44,-0.90
99.12,R_RingProximal,39.00,75.74,105.04,-0.03,-0.12,0.12,-0.99
99.12,L_LittleProximal,-19.32,57.05,83.04,-0.10,-0.22,-0.36,-0.90
99.13,Main Camera,2.93,129.54,78.82,0.02,-0.03,-0.04,1.00
99.13,R_Palm,36.41,76.16,102.90,0.02,-0.10,0.06,-0.99
99.13,R_ThumbTip,29.63,75.44,109.35,0.06,0.16,-0.50,-0.85
99.13,R_IndexTip,36.56,74.71,115.36,-0.10,-0.12,0.08,-0.98
99.13,R_MiddleTip,39.38,75.34,116.00,-0.02,-0.12,0.12,-0.99
99.13,R_RingTip,41.07,74.85,114.35,-0.05,-0.09,0.16,-0.98
99.13,R_LittleTip,42.24,74.30,111.14,-0.04,-0.09,0.23,-0.97
99.13,R_ThumbDistal,30.56,75.50,106.89,0.06,0.16,-0.50,-0.85
99.13,R_IndexIntermediate,35.55,75.68,110.57,-0.10,-0.09,0.06,-0.99
99.13,R_MiddleIntermediate,38.13,75.92,110.56,-0.07,-0.11,0.09,-0.99
99.13,R_RingIntermediate,39.96,75.43,109.05,-0.05,-0.12,0.15,-0.98
99.13,R_LittleIntermediate,41.30,74.79,106.75,-0.05,-0.14,0.23,-0.96
99.13,R_IndexProximal,34.89,76.27,106.61,-0.07,-0.08,0.03,-0.99
99.13,R_MiddleProximal,37.21,76.50,106.10,-0.06,-0.11,0.07,-0.99
99.13,R_ThumbProximal,31.04,75.66,103.31,0.01,0.07,-0.44,-0.90
99.13,R_RingProximal,39.02,75.81,105.00,-0.03,-0.12,0.12,-0.99
99.13,L_LittleProximal,-19.49,57.04,82.99,-0.10,-0.22,-0.36,-0.90
99.14,Main Camera,2.88,129.55,78.92,0.02,-0.03,-0.04,1.00
99.14,R_Palm,36.44,76.24,102.85,0.02,-0.10,0.06,-0.99
99.14,R_ThumbTip,29.64,75.53,109.29,0.06,0.16,-0.50,-0.85
99.14,R_IndexTip,36.55,74.80,115.32,-0.10,-0.12,0.08,-0.99
99.14,R_MiddleTip,39.38,75.43,115.96,-0.02,-0.12,0.12,-0.99
99.14,R_RingTip,41.07,74.94,114.32,-0.05,-0.09,0.16,-0.98
99.14,R_LittleTip,42.25,74.39,111.11,-0.04,-0.09,0.23,-0.97
99.14,R_ThumbDistal,30.58,75.58,106.83,0.06,0.16,-0.50,-0.85
99.14,R_IndexIntermediate,35.55,75.76,110.52,-0.10,-0.09,0.06,-0.99
99.14,R_MiddleIntermediate,38.13,76.01,110.52,-0.07,-0.11,0.09,-0.99
99.14,R_RingIntermediate,39.97,75.52,109.01,-0.05,-0.12,0.15,-0.98
99.14,R_LittleIntermediate,41.32,74.88,106.72,-0.05,-0.14,0.23,-0.96
99.14,R_IndexProximal,34.90,76.35,106.56,-0.07,-0.08,0.03,-0.99
99.14,R_MiddleProximal,37.23,76.58,106.06,-0.05,-0.10,0.07,-0.99
99.14,R_ThumbProximal,31.06,75.73,103.25,0.01,0.07,-0.44,-0.90
99.14,R_RingProximal,39.04,75.89,104.96,-0.03,-0.12,0.12,-0.99
99.14,L_LittleProximal,-19.72,57.08,82.97,-0.09,-0.21,-0.36,-0.90
99.16,Main Camera,2.81,129.55,79.01,0.03,-0.03,-0.04,1.00
99.16,R_Palm,36.46,76.31,102.80,0.02,-0.09,0.06,-0.99
99.16,R_ThumbTip,29.65,75.62,109.23,0.06,0.16,-0.50,-0.85
99.16,R_IndexTip,36.54,74.90,115.27,-0.10,-0.12,0.08,-0.99
99.16,R_MiddleTip,39.37,75.53,115.92,-0.02,-0.11,0.12,-0.99
99.16,R_RingTip,41.07,75.04,114.28,-0.05,-0.09,0.16,-0.98
99.16,R_LittleTip,42.26,74.48,111.08,-0.04,-0.09,0.23,-0.97
99.16,R_ThumbDistal,30.60,75.67,106.77,0.06,0.16,-0.50,-0.85
99.16,R_IndexIntermediate,35.56,75.85,110.48,-0.10,-0.09,0.06,-0.99
99.16,R_MiddleIntermediate,38.14,76.09,110.48,-0.07,-0.11,0.09,-0.99
99.16,R_RingIntermediate,39.98,75.60,108.98,-0.05,-0.12,0.15,-0.98
99.16,R_LittleIntermediate,41.34,74.96,106.68,-0.05,-0.14,0.23,-0.96
99.16,R_IndexProximal,34.92,76.43,106.51,-0.07,-0.08,0.03,-0.99
99.16,R_MiddleProximal,37.25,76.66,106.01,-0.05,-0.10,0.07,-0.99
99.16,R_ThumbProximal,31.09,75.80,103.19,0.01,0.07,-0.44,-0.90
99.16,R_RingProximal,39.06,75.96,104.92,-0.03,-0.12,0.12,-0.99
99.16,L_LittleProximal,-19.95,57.13,82.94,-0.08,-0.21,-0.36,-0.90
99.17,Main Camera,2.76,129.55,79.09,0.03,-0.03,-0.04,1.00
99.17,R_Palm,36.46,76.33,102.76,0.02,-0.09,0.06,-0.99
99.17,R_ThumbTip,29.64,75.67,109.19,0.06,0.16,-0.50,-0.85
99.17,R_IndexTip,36.51,74.94,115.24,-0.10,-0.11,0.08,-0.99
99.17,R_MiddleTip,39.34,75.56,115.88,-0.02,-0.11,0.12,-0.99
99.17,R_RingTip,41.05,75.06,114.25,-0.05,-0.09,0.16,-0.98
99.17,R_LittleTip,42.25,74.50,111.04,-0.04,-0.09,0.23,-0.97
99.17,R_ThumbDistal,30.58,75.70,106.73,0.06,0.16,-0.50,-0.85
99.17,R_IndexIntermediate,35.54,75.88,110.43,-0.10,-0.09,0.06,-0.99
99.17,R_MiddleIntermediate,38.12,76.12,110.44,-0.07,-0.10,0.09,-0.99
99.17,R_RingIntermediate,39.97,75.62,108.94,-0.05,-0.12,0.15,-0.98
99.17,R_LittleIntermediate,41.33,74.98,106.65,-0.05,-0.14,0.23,-0.96
99.17,R_IndexProximal,34.91,76.45,106.47,-0.07,-0.08,0.03,-0.99
99.17,R_MiddleProximal,37.23,76.68,105.97,-0.05,-0.10,0.07,-0.99
99.17,R_ThumbProximal,31.08,75.83,103.15,0.01,0.07,-0.44,-0.90
99.17,R_RingProximal,39.05,75.98,104.88,-0.03,-0.12,0.12,-0.99
99.17,L_LittleProximal,-20.16,57.20,82.90,-0.07,-0.19,-0.37,-0.91
99.19,Main Camera,2.68,129.57,79.19,0.03,-0.03,-0.04,1.00
99.19,R_Palm,36.45,76.34,102.73,0.02,-0.09,0.06,-0.99
99.19,R_ThumbTip,29.62,75.71,109.15,0.06,0.16,-0.50,-0.85
99.19,R_IndexTip,36.48,74.97,115.20,-0.10,-0.11,0.08,-0.99
99.19,R_MiddleTip,39.32,75.58,115.85,-0.02,-0.11,0.12,-0.99
99.19,R_RingTip,41.04,75.09,114.22,-0.05,-0.09,0.16,-0.98
99.19,R_LittleTip,42.24,74.52,111.01,-0.03,-0.09,0.23,-0.97
99.19,R_ThumbDistal,30.57,75.74,106.69,0.06,0.16,-0.50,-0.85
99.19,R_IndexIntermediate,35.52,75.91,110.40,-0.10,-0.09,0.06,-0.99
99.19,R_MiddleIntermediate,38.11,76.14,110.40,-0.07,-0.10,0.09,-0.99
99.19,R_RingIntermediate,39.96,75.64,108.90,-0.05,-0.12,0.15,-0.98
99.19,R_LittleIntermediate,41.32,74.99,106.61,-0.05,-0.14,0.23,-0.96
99.19,R_IndexProximal,34.90,76.48,106.43,-0.07,-0.08,0.04,-0.99
99.19,R_MiddleProximal,37.22,76.70,105.93,-0.05,-0.10,0.08,-0.99
99.19,R_ThumbProximal,31.08,75.86,103.11,0.02,0.07,-0.44,-0.90
99.19,R_RingProximal,39.04,75.99,104.85,-0.03,-0.12,0.12,-0.99
99.19,L_LittleProximal,-20.33,57.27,82.83,-0.06,-0.18,-0.37,-0.91
99.20,Main Camera,2.60,129.61,79.28,0.03,-0.03,-0.03,1.00
99.20,R_Palm,36.45,76.34,102.71,0.02,-0.09,0.06,-0.99
99.20,R_ThumbTip,29.62,75.75,109.14,0.07,0.16,-0.50,-0.85
99.20,R_IndexTip,36.47,75.00,115.20,-0.10,-0.11,0.08,-0.99
99.20,R_MiddleTip,39.31,75.59,115.84,-0.02,-0.11,0.12,-0.99
99.20,R_RingTip,41.03,75.09,114.21,-0.05,-0.09,0.16,-0.98
99.20,R_LittleTip,42.24,74.52,111.00,-0.03,-0.09,0.24,-0.97
99.20,R_ThumbDistal,30.57,75.76,106.68,0.07,0.16,-0.50,-0.85
99.20,R_IndexIntermediate,35.52,75.93,110.39,-0.10,-0.09,0.07,-0.99
99.20,R_MiddleIntermediate,38.10,76.14,110.39,-0.07,-0.10,0.09,-0.99
99.20,R_RingIntermediate,39.96,75.64,108.89,-0.05,-0.12,0.16,-0.98
99.20,R_LittleIntermediate,41.32,74.98,106.60,-0.05,-0.14,0.23,-0.96
99.20,R_IndexProximal,34.90,76.48,106.42,-0.07,-0.08,0.04,-0.99
99.20,R_MiddleProximal,37.22,76.69,105.92,-0.05,-0.10,0.08,-0.99
99.20,R_ThumbProximal,31.08,75.87,103.10,0.02,0.07,-0.43,-0.90
99.20,R_RingProximal,39.04,75.98,104.84,-0.03,-0.12,0.12,-0.99
99.20,L_LittleProximal,-20.33,57.28,82.84,-0.06,-0.18,-0.36,-0.91
99.21,Main Camera,2.54,129.64,79.38,0.03,-0.03,-0.03,1.00
99.21,R_Palm,36.45,76.33,102.70,0.03,-0.09,0.06,-0.99
99.21,R_ThumbTip,29.62,75.79,109.12,0.07,0.16,-0.50,-0.85
99.21,R_IndexTip,36.46,75.03,115.19,-0.10,-0.11,0.08,-0.99
99.21,R_MiddleTip,39.30,75.61,115.83,-0.02,-0.11,0.13,-0.99
99.21,R_RingTip,41.03,75.10,114.20,-0.05,-0.09,0.17,-0.98
99.21,R_LittleTip,42.24,74.52,110.99,-0.03,-0.09,0.24,-0.97
99.21,R_ThumbDistal,30.57,75.80,106.67,0.07,0.16,-0.50,-0.85
99.21,R_IndexIntermediate,35.51,75.95,110.38,-0.10,-0.09,0.07,-0.99
99.21,R_MiddleIntermediate,38.10,76.15,110.38,-0.07,-0.10,0.09,-0.99
99.21,R_RingIntermediate,39.95,75.64,108.88,-0.05,-0.12,0.16,-0.98
99.21,R_LittleIntermediate,41.32,74.97,106.59,-0.05,-0.14,0.24,-0.96
99.21,R_IndexProximal,34.90,76.50,106.40,-0.06,-0.08,0.04,-0.99
99.21,R_MiddleProximal,37.23,76.70,105.91,-0.05,-0.10,0.08,-0.99
99.21,R_ThumbProximal,31.08,75.89,103.09,0.02,0.07,-0.43,-0.90
99.21,R_RingProximal,39.03,75.97,104.83,-0.03,-0.12,0.12,-0.99
99.21,L_LittleProximal,-20.33,57.29,82.85,-0.06,-0.18,-0.36,-0.91
99.23,Main Camera,2.46,129.68,79.49,0.03,-0.03,-0.03,1.00
99.23,R_Palm,36.46,76.32,102.71,0.03,-0.09,0.06,-0.99
99.23,R_ThumbTip,29.63,75.80,109.13,0.07,0.16,-0.50,-0.85
99.23,R_IndexTip,36.45,75.03,115.20,-0.09,-0.11,0.08,-0.99
99.23,R_MiddleTip,39.31,75.60,115.84,-0.02,-0.11,0.13,-0.99
99.23,R_RingTip,41.04,75.09,114.21,-0.05,-0.08,0.17,-0.98
99.23,R_LittleTip,42.26,74.51,111.00,-0.03,-0.09,0.24,-0.97
99.23,R_ThumbDistal,30.59,75.80,106.68,0.07,0.16,-0.50,-0.85
99.23,R_IndexIntermediate,35.52,75.95,110.38,-0.10,-0.08,0.07,-0.99
99.23,R_MiddleIntermediate,38.11,76.14,110.39,-0.07,-0.10,0.09,-0.99
99.23,R_RingIntermediate,39.96,75.63,108.89,-0.05,-0.11,0.16,-0.98
99.23,R_LittleIntermediate,41.33,74.95,106.61,-0.04,-0.14,0.24,-0.96
99.23,R_IndexProximal,34.91,76.49,106.41,-0.06,-0.08,0.04,-0.99
99.23,R_MiddleProximal,37.24,76.68,105.91,-0.05,-0.10,0.08,-0.99
99.23,R_ThumbProximal,31.09,75.89,103.10,0.02,0.07,-0.43,-0.90
99.23,R_RingProximal,39.05,75.96,104.84,-0.03,-0.11,0.12,-0.99
99.23,L_LittleProximal,-20.05,57.29,83.00,-0.06,-0.18,-0.36,-0.91
99.24,Main Camera,2.37,129.70,79.61,0.03,-0.03,-0.02,1.00
99.24,R_Palm,36.49,76.30,102.72,0.03,-0.09,0.07,-0.99
99.24,R_ThumbTip,29.65,75.80,109.14,0.07,0.16,-0.50,-0.85
99.24,R_IndexTip,36.46,75.02,115.21,-0.09,-0.11,0.08,-0.99
99.24,R_MiddleTip,39.32,75.57,115.86,-0.02,-0.11,0.13,-0.99
99.24,R_RingTip,41.05,75.07,114.22,-0.05,-0.08,0.17,-0.98
99.24,R_LittleTip,42.29,74.49,111.02,-0.03,-0.09,0.24,-0.97
99.24,R_ThumbDistal,30.61,75.79,106.69,0.07,0.16,-0.50,-0.85
99.24,R_IndexIntermediate,35.53,75.94,110.40,-0.10,-0.08,0.07,-0.99
99.24,R_MiddleIntermediate,38.13,76.12,110.40,-0.07,-0.10,0.09,-0.99
99.24,R_RingIntermediate,39.99,75.60,108.91,-0.05,-0.11,0.16,-0.98
99.24,R_LittleIntermediate,41.36,74.93,106.62,-0.04,-0.14,0.24,-0.96
99.24,R_IndexProximal,34.93,76.48,106.42,-0.06,-0.08,0.04,-0.99
99.24,R_MiddleProximal,37.27,76.66,105.93,-0.05,-0.10,0.08,-0.99
99.24,R_ThumbProximal,31.12,75.87,103.11,0.02,0.07,-0.43,-0.90
99.24,R_RingProximal,39.07,75.93,104.85,-0.03,-0.11,0.12,-0.99
99.24,L_LittleProximal,-19.73,57.29,83.18,-0.06,-0.18,-0.36,-0.91
99.26,Main Camera,2.28,129.71,79.72,0.03,-0.03,-0.02,1.00
99.26,R_Palm,36.49,76.29,102.73,0.03,-0.09,0.07,-0.99
99.26,R_ThumbTip,29.65,75.80,109.14,0.07,0.16,-0.50,-0.85
99.26,R_IndexTip,36.45,75.01,115.22,-0.09,-0.11,0.08,-0.99
99.26,R_MiddleTip,39.31,75.56,115.86,-0.02,-0.11,0.13,-0.99
99.26,R_RingTip,41.05,75.06,114.23,-0.05,-0.08,0.17,-0.98
99.26,R_LittleTip,42.29,74.49,111.02,-0.03,-0.09,0.24,-0.97
99.26,R_ThumbDistal,30.61,75.79,106.69,0.07,0.16,-0.50,-0.85
99.26,R_IndexIntermediate,35.53,75.93,110.40,-0.10,-0.08,0.07,-0.99
99.26,R_MiddleIntermediate,38.12,76.11,110.41,-0.07,-0.10,0.10,-0.99
99.26,R_RingIntermediate,39.99,75.59,108.91,-0.05,-0.11,0.16,-0.98
99.26,R_LittleIntermediate,41.36,74.92,106.63,-0.04,-0.14,0.24,-0.96
99.26,R_IndexProximal,34.94,76.47,106.42,-0.06,-0.08,0.04,-0.99
99.26,R_MiddleProximal,37.27,76.65,105.93,-0.05,-0.10,0.08,-0.99
99.26,R_ThumbProximal,31.13,75.86,103.11,0.02,0.07,-0.43,-0.90
99.26,R_RingProximal,39.07,75.92,104.86,-0.03,-0.11,0.12,-0.99
99.26,L_LittleProximal,-19.24,57.32,83.58,-0.07,-0.19,-0.36,-0.91
99.27,Main Camera,2.18,129.70,79.84,0.03,-0.03,-0.02,1.00
99.27,R_Palm,36.51,76.31,102.73,0.03,-0.09,0.07,-0.99
99.27,R_ThumbTip,29.66,75.82,109.14,0.07,0.16,-0.50,-0.85
99.27,R_IndexTip,36.45,75.04,115.23,-0.09,-0.11,0.08,-0.99
99.27,R_MiddleTip,39.31,75.58,115.87,-0.02,-0.11,0.13,-0.99
99.27,R_RingTip,41.06,75.08,114.24,-0.05,-0.08,0.17,-0.98
99.27,R_LittleTip,42.31,74.51,111.03,-0.03,-0.09,0.24,-0.97
99.27,R_ThumbDistal,30.63,75.81,106.69,0.07,0.16,-0.50,-0.85
99.27,R_IndexIntermediate,35.53,75.95,110.41,-0.10,-0.08,0.07,-0.99
99.27,R_MiddleIntermediate,38.13,76.13,110.42,-0.07,-0.10,0.10,-0.99
99.27,R_RingIntermediate,40.00,75.61,108.92,-0.05,-0.11,0.16,-0.98
99.27,R_LittleIntermediate,41.38,74.94,106.63,-0.04,-0.14,0.24,-0.96
99.27,R_IndexProximal,34.95,76.49,106.43,-0.06,-0.08,0.04,-0.99
99.27,R_MiddleProximal,37.28,76.68,105.94,-0.05,-0.10,0.08,-0.99
99.27,R_ThumbProximal,31.14,75.88,103.12,0.02,0.07,-0.43,-0.90
99.27,R_RingProximal,39.09,75.94,104.86,-0.03,-0.11,0.12,-0.99
99.27,L_LittleProximal,-19.08,57.32,83.74,-0.07,-0.19,-0.36,-0.91
99.28,Main Camera,2.07,129.67,79.96,0.03,-0.03,-0.02,1.00
99.28,R_Palm,36.49,76.34,102.73,0.03,-0.09,0.07,-0.99
99.28,R_ThumbTip,29.64,75.85,109.14,0.07,0.16,-0.50,-0.85
99.28,R_IndexTip,36.42,75.07,115.23,-0.09,-0.11,0.08,-0.99
99.28,R_MiddleTip,39.29,75.60,115.87,-0.02,-0.11,0.13,-0.99
99.28,R_RingTip,41.04,75.11,114.23,-0.05,-0.08,0.17,-0.98
99.28,R_LittleTip,42.30,74.54,111.02,-0.03,-0.09,0.24,-0.97
99.28,R_ThumbDistal,30.61,75.84,106.69,0.07,0.16,-0.50,-0.85
99.28,R_IndexIntermediate,35.51,75.98,110.40,-0.10,-0.08,0.07,-0.99
99.28,R_MiddleIntermediate,38.11,76.16,110.41,-0.07,-0.10,0.10,-0.99
99.28,R_RingIntermediate,39.98,75.64,108.92,-0.05,-0.11,0.16,-0.98
99.28,R_LittleIntermediate,41.36,74.97,106.63,-0.04,-0.14,0.24,-0.96
99.28,R_IndexProximal,34.93,76.52,106.42,-0.06,-0.07,0.04,-0.99
99.28,R_MiddleProximal,37.26,76.70,105.93,-0.05,-0.10,0.08,-0.99
99.28,R_ThumbProximal,31.12,75.91,103.11,0.02,0.07,-0.43,-0.90
99.28,R_RingProximal,39.07,75.97,104.86,-0.03,-0.11,0.12,-0.99
99.28,L_LittleProximal,-19.03,57.27,83.83,-0.07,-0.20,-0.35,-0.91
99.30,Main Camera,1.97,129.65,80.08,0.03,-0.03,-0.01,1.00
99.30,R_Palm,36.48,76.37,102.73,0.03,-0.09,0.07,-0.99
99.30,R_ThumbTip,29.62,75.89,109.14,0.07,0.16,-0.50,-0.85
99.30,R_IndexTip,36.40,75.10,115.23,-0.09,-0.11,0.08,-0.99
99.30,R_MiddleTip,39.27,75.63,115.87,-0.02,-0.11,0.13,-0.99
99.30,R_RingTip,41.03,75.14,114.24,-0.05,-0.08,0.17,-0.98
99.30,R_LittleTip,42.29,74.58,111.03,-0.03,-0.09,0.24,-0.97
99.30,R_ThumbDistal,30.60,75.87,106.69,0.07,0.16,-0.50,-0.85
99.30,R_IndexIntermediate,35.50,76.02,110.41,-0.10,-0.08,0.07,-0.99
99.30,R_MiddleIntermediate,38.10,76.19,110.42,-0.07,-0.10,0.10,-0.99
99.30,R_RingIntermediate,39.97,75.68,108.92,-0.05,-0.11,0.16,-0.98
99.30,R_LittleIntermediate,41.35,75.01,106.63,-0.04,-0.14,0.24,-0.96
99.30,R_IndexProximal,34.92,76.55,106.43,-0.06,-0.07,0.04,-0.99
99.30,R_MiddleProximal,37.25,76.74,105.94,-0.05,-0.10,0.08,-0.99
99.30,R_ThumbProximal,31.11,75.95,103.12,0.02,0.07,-0.43,-0.90
99.30,R_RingProximal,39.06,76.01,104.86,-0.03,-0.11,0.12,-0.99
99.30,L_LittleProximal,-19.31,56.76,83.73,-0.07,-0.20,-0.35,-0.91
99.31,Main Camera,1.86,129.60,80.21,0.03,-0.03,-0.01,1.00
99.31,R_Palm,36.46,76.41,102.74,0.03,-0.09,0.07,-0.99
99.31,R_ThumbTip,29.60,75.92,109.15,0.07,0.16,-0.50,-0.85
99.31,R_IndexTip,36.38,75.13,115.24,-0.09,-0.11,0.08,-0.99
99.31,R_MiddleTip,39.25,75.65,115.88,-0.02,-0.11,0.13,-0.99
99.31,R_RingTip,41.01,75.16,114.24,-0.05,-0.08,0.17,-0.98
99.31,R_LittleTip,42.28,74.61,111.03,-0.03,-0.09,0.24,-0.97
99.31,R_ThumbDistal,30.58,75.90,106.70,0.07,0.16,-0.50,-0.85
99.31,R_IndexIntermediate,35.48,76.05,110.42,-0.10,-0.08,0.07,-0.99
99.31,R_MiddleIntermediate,38.08,76.22,110.42,-0.07,-0.10,0.10,-0.99
99.31,R_RingIntermediate,39.95,75.71,108.93,-0.05,-0.11,0.16,-0.98
99.31,R_LittleIntermediate,41.33,75.04,106.64,-0.04,-0.14,0.24,-0.96
99.31,R_IndexProximal,34.90,76.58,106.44,-0.06,-0.07,0.04,-0.99
99.31,R_MiddleProximal,37.23,76.77,105.94,-0.05,-0.10,0.08,-0.99
99.31,R_ThumbProximal,31.09,75.98,103.12,0.02,0.07,-0.43,-0.90
99.31,R_RingProximal,39.04,76.04,104.87,-0.03,-0.11,0.12,-0.99
99.31,L_LittleProximal,-19.57,56.09,83.37,-0.07,-0.20,-0.35,-0.91
99.32,Main Camera,1.74,129.56,80.32,0.03,-0.03,-0.01,1.00
99.32,R_Palm,36.42,76.48,102.76,0.03,-0.09,0.07,-0.99
99.32,R_ThumbTip,29.55,75.97,109.16,0.07,0.16,-0.50,-0.85
99.32,R_IndexTip,36.33,75.19,115.26,-0.09,-0.11,0.08,-0.99
99.32,R_MiddleTip,39.20,75.69,115.90,-0.02,-0.11,0.13,-0.99
99.32,R_RingTip,40.96,75.21,114.27,-0.05,-0.08,0.17,-0.98
99.32,R_LittleTip,42.24,74.67,111.05,-0.03,-0.09,0.24,-0.97
99.32,R_ThumbDistal,30.53,75.96,106.72,0.07,0.16,-0.50,-0.85
99.32,R_IndexIntermediate,35.43,76.11,110.44,-0.10,-0.08,0.07,-0.99
99.32,R_MiddleIntermediate,38.03,76.27,110.45,-0.07,-0.10,0.09,-0.99
99.32,R_RingIntermediate,39.91,75.77,108.95,-0.05,-0.11,0.16,-0.98
99.32,R_LittleIntermediate,41.29,75.11,106.66,-0.04,-0.14,0.24,-0.96
99.32,R_IndexProximal,34.85,76.64,106.46,-0.06,-0.07,0.04,-0.99
99.32,R_MiddleProximal,37.19,76.84,105.97,-0.05,-0.10,0.08,-0.99
99.32,R_ThumbProximal,31.05,76.05,103.14,0.02,0.07,-0.43,-0.90
99.32,R_RingProximal,38.99,76.11,104.89,-0.03,-0.11,0.12,-0.99
99.32,L_LittleProximal,-19.55,56.10,83.27,-0.07,-0.19,-0.35,-0.92
99.34,Main Camera,1.64,129.48,80.43,0.03,-0.03,-0.01,1.00
99.34,R_Palm,36.37,76.55,102.79,0.02,-0.09,0.06,-0.99
99.34,R_ThumbTip,29.49,76.03,109.18,0.07,0.16,-0.50,-0.85
99.34,R_IndexTip,36.27,75.24,115.28,-0.10,-0.11,0.08,-0.99
99.34,R_MiddleTip,39.14,75.74,115.93,-0.03,-0.11,0.13,-0.99
99.34,R_RingTip,40.91,75.26,114.29,-0.05,-0.08,0.17,-0.98
99.34,R_LittleTip,42.19,74.73,111.08,-0.03,-0.09,0.24,-0.97
99.34,R_ThumbDistal,30.48,76.02,106.74,0.07,0.16,-0.50,-0.85
99.34,R_IndexIntermediate,35.37,76.17,110.46,-0.10,-0.08,0.07,-0.99
99.34,R_MiddleIntermediate,37.98,76.33,110.47,-0.08,-0.10,0.09,-0.99
99.34,R_RingIntermediate,39.85,75.84,108.98,-0.05,-0.11,0.16,-0.98
99.34,R_LittleIntermediate,41.24,75.18,106.69,-0.05,-0.14,0.24,-0.96
99.34,R_IndexProximal,34.80,76.71,106.48,-0.06,-0.07,0.04,-0.99
99.34,R_MiddleProximal,37.13,76.90,105.99,-0.05,-0.10,0.08,-0.99
99.34,R_ThumbProximal,31.00,76.11,103.16,0.02,0.07,-0.43,-0.90
99.34,R_RingProximal,38.94,76.18,104.92,-0.03,-0.11,0.12,-0.99
99.34,L_LittleProximal,-19.59,56.09,83.20,-0.06,-0.18,-0.34,-0.92
99.35,Main Camera,1.53,129.40,80.54,0.03,-0.04,0.00,1.00
99.35,R_Palm,36.31,76.62,102.81,0.02,-0.09,0.06,-0.99
99.35,R_ThumbTip,29.43,76.07,109.20,0.07,0.17,-0.50,-0.85
99.35,R_IndexTip,36.21,75.29,115.31,-0.10,-0.11,0.08,-0.99
99.35,R_MiddleTip,39.08,75.77,115.95,-0.03,-0.11,0.13,-0.99
99.35,R_RingTip,40.84,75.31,114.32,-0.06,-0.08,0.17,-0.98
99.35,R_LittleTip,42.13,74.78,111.10,-0.03,-0.09,0.24,-0.97
99.35,R_ThumbDistal,30.42,76.07,106.76,0.07,0.17,-0.50,-0.85
99.35,R_IndexIntermediate,35.31,76.22,110.49,-0.10,-0.08,0.07,-0.99
99.35,R_MiddleIntermediate,37.92,76.38,110.50,-0.08,-0.10,0.09,-0.99
99.35,R_RingIntermediate,39.80,75.89,109.00,-0.05,-0.11,0.16,-0.98
99.35,R_LittleIntermediate,41.19,75.25,106.71,-0.05,-0.14,0.24,-0.96
99.35,R_IndexProximal,34.75,76.77,106.51,-0.06,-0.07,0.04,-0.99
99.35,R_MiddleProximal,37.08,76.97,106.02,-0.06,-0.10,0.08,-0.99
99.35,R_ThumbProximal,30.95,76.17,103.18,0.02,0.07,-0.43,-0.90
99.35,R_RingProximal,38.89,76.25,104.95,-0.03,-0.11,0.12,-0.99
99.35,L_LittleProximal,-19.63,56.07,83.13,-0.06,-0.17,-0.33,-0.93
99.37,Main Camera,1.39,129.30,80.64,0.03,-0.04,0.00,1.00
99.37,R_Palm,36.31,76.67,102.83,0.02,-0.09,0.06,-0.99
99.37,R_ThumbTip,29.42,76.10,109.20,0.07,0.17,-0.50,-0.85
99.37,R_IndexTip,36.20,75.31,115.32,-0.10,-0.11,0.08,-0.99
99.37,R_MiddleTip,39.07,75.78,115.96,-0.03,-0.11,0.13,-0.99
99.37,R_RingTip,40.84,75.32,114.33,-0.06,-0.08,0.17,-0.98
99.37,R_LittleTip,42.13,74.81,111.11,-0.04,-0.09,0.24,-0.97
99.37,R_ThumbDistal,30.41,76.11,106.76,0.07,0.17,-0.50,-0.85
99.37,R_IndexIntermediate,35.31,76.26,110.50,-0.10,-0.08,0.07,-0.99
99.37,R_MiddleIntermediate,37.91,76.41,110.51,-0.08,-0.10,0.09,-0.99
99.37,R_RingIntermediate,39.79,75.93,109.01,-0.05,-0.11,0.16,-0.98
99.37,R_LittleIntermediate,41.19,75.29,106.72,-0.05,-0.14,0.24,-0.96
99.37,R_IndexProximal,34.74,76.81,106.52,-0.07,-0.07,0.04,-0.99
99.37,R_MiddleProximal,37.07,77.01,106.03,-0.06,-0.10,0.08,-0.99
99.37,R_ThumbProximal,30.94,76.23,103.19,0.02,0.07,-0.43,-0.90
99.37,R_RingProximal,38.88,76.30,104.96,-0.03,-0.11,0.12,-0.99
99.37,L_LittleProximal,-19.44,56.24,83.25,-0.05,-0.17,-0.33,-0.93
99.38,Main Camera,1.30,129.22,80.75,0.04,-0.04,0.00,1.00
99.38,R_Palm,36.33,76.70,102.84,0.02,-0.09,0.06,-0.99
99.38,R_ThumbTip,29.44,76.10,109.22,0.07,0.17,-0.50,-0.85
99.38,R_IndexTip,36.22,75.29,115.33,-0.10,-0.11,0.08,-0.99
99.38,R_MiddleTip,39.09,75.75,115.97,-0.03,-0.11,0.13,-0.99
99.38,R_RingTip,40.87,75.29,114.33,-0.06,-0.08,0.17,-0.98
99.38,R_LittleTip,42.16,74.79,111.12,-0.04,-0.09,0.24,-0.97
99.38,R_ThumbDistal,30.43,76.12,106.78,0.07,0.17,-0.50,-0.85
99.38,R_IndexIntermediate,35.33,76.26,110.51,-0.10,-0.08,0.07,-0.99
99.38,R_MiddleIntermediate,37.94,76.41,110.52,-0.08,-0.10,0.09,-0.99
99.38,R_RingIntermediate,39.82,75.93,109.03,-0.05,-0.11,0.16,-0.98
99.38,R_LittleIntermediate,41.21,75.30,106.73,-0.05,-0.14,0.24,-0.96
99.38,R_IndexProximal,34.76,76.82,106.53,-0.07,-0.07,0.04,-0.99
99.38,R_MiddleProximal,37.10,77.02,106.05,-0.06,-0.10,0.08,-0.99
99.38,R_ThumbProximal,30.96,76.25,103.20,0.02,0.07,-0.43,-0.90
99.38,R_RingProximal,38.91,76.31,104.97,-0.03,-0.11,0.12,-0.99
99.38,L_LittleProximal,-19.20,56.26,83.29,-0.05,-0.17,-0.32,-0.93
99.40,Main Camera,1.18,129.13,80.85,0.04,-0.05,0.01,1.00
99.40,R_Palm,36.35,76.73,102.83,0.02,-0.09,0.06,-0.99
99.40,R_ThumbTip,29.45,76.13,109.20,0.07,0.17,-0.50,-0.85
99.40,R_IndexTip,36.23,75.30,115.32,-0.10,-0.11,0.08,-0.99
99.40,R_MiddleTip,39.11,75.75,115.96,-0.03,-0.11,0.13,-0.99
99.40,R_RingTip,40.88,75.29,114.33,-0.06,-0.08,0.17,-0.98
99.40,R_LittleTip,42.17,74.80,111.11,-0.04,-0.09,0.24,-0.97
99.40,R_ThumbDistal,30.45,76.15,106.77,0.07,0.17,-0.50,-0.85
99.40,R_IndexIntermediate,35.35,76.27,110.51,-0.10,-0.08,0.07,-0.99
99.40,R_MiddleIntermediate,37.95,76.42,110.52,-0.08,-0.10,0.09,-0.99
99.40,R_RingIntermediate,39.84,75.95,109.02,-0.06,-0.11,0.16,-0.98
99.40,R_LittleIntermediate,41.23,75.32,106.72,-0.05,-0.14,0.24,-0.96
99.40,R_IndexProximal,34.78,76.85,106.53,-0.07,-0.07,0.04,-0.99
99.40,R_MiddleProximal,37.11,77.05,106.05,-0.06,-0.10,0.08,-0.99
99.40,R_ThumbProximal,30.98,76.28,103.19,0.02,0.07,-0.43,-0.90
99.40,R_RingProximal,38.93,76.34,104.97,-0.03,-0.11,0.12,-0.99
99.40,L_LittleProximal,-18.79,56.37,83.67,-0.05,-0.16,-0.32,-0.93
99.41,Main Camera,1.09,129.02,80.95,0.04,-0.05,0.01,1.00
99.41,R_Palm,36.37,76.77,102.83,0.02,-0.09,0.06,-0.99
99.41,R_ThumbTip,29.46,76.15,109.19,0.07,0.17,-0.50,-0.85
99.41,R_IndexTip,36.24,75.31,115.31,-0.10,-0.11,0.08,-0.99
99.41,R_MiddleTip,39.12,75.76,115.96,-0.03,-0.11,0.13,-0.99
99.41,R_RingTip,40.90,75.30,114.32,-0.06,-0.08,0.17,-0.98
99.41,R_LittleTip,42.19,74.81,111.10,-0.04,-0.09,0.24,-0.97
99.41,R_ThumbDistal,30.46,76.18,106.76,0.07,0.17,-0.50,-0.85
99.41,R_IndexIntermediate,35.36,76.30,110.50,-0.10,-0.08,0.07,-0.99
99.41,R_MiddleIntermediate,37.97,76.44,110.51,-0.08,-0.10,0.09,-0.99
99.41,R_RingIntermediate,39.85,75.97,109.01,-0.06,-0.11,0.16,-0.98
99.41,R_LittleIntermediate,41.25,75.34,106.72,-0.05,-0.14,0.24,-0.96
99.41,R_IndexProximal,34.80,76.88,106.52,-0.07,-0.07,0.04,-0.99
99.41,R_MiddleProximal,37.13,77.08,106.04,-0.06,-0.10,0.08,-0.99
99.41,R_ThumbProximal,31.00,76.32,103.18,0.01,0.08,-0.43,-0.90
99.41,R_RingProximal,38.94,76.37,104.96,-0.03,-0.12,0.12,-0.99
99.41,L_LittleProximal,-18.44,56.44,83.97,-0.04,-0.16,-0.32,-0.93
99.42,Main Camera,0.98,128.89,81.01,0.04,-0.05,0.01,1.00
99.42,R_Palm,36.39,76.81,102.82,0.02,-0.09,0.06,-0.99
99.42,R_ThumbTip,29.47,76.18,109.18,0.07,0.17,-0.50,-0.85
99.42,R_IndexTip,36.25,75.33,115.30,-0.10,-0.11,0.08,-0.99
99.42,R_MiddleTip,39.14,75.77,115.95,-0.03,-0.11,0.13,-0.99
99.42,R_RingTip,40.92,75.31,114.31,-0.06,-0.08,0.17,-0.98
99.42,R_LittleTip,42.21,74.82,111.09,-0.04,-0.09,0.24,-0.97
99.42,R_ThumbDistal,30.48,76.21,106.75,0.07,0.17,-0.50,-0.85
99.42,R_IndexIntermediate,35.38,76.32,110.49,-0.11,-0.08,0.07,-0.99
99.42,R_MiddleIntermediate,37.99,76.47,110.51,-0.08,-0.10,0.09,-0.99
99.42,R_RingIntermediate,39.87,75.99,109.01,-0.06,-0.12,0.16,-0.98
99.42,R_LittleIntermediate,41.27,75.37,106.71,-0.06,-0.14,0.24,-0.96
99.42,R_IndexProximal,34.82,76.91,106.52,-0.07,-0.07,0.04,-0.99
99.42,R_MiddleProximal,37.15,77.11,106.04,-0.06,-0.10,0.08,-0.99
99.42,R_ThumbProximal,31.02,76.36,103.18,0.01,0.08,-0.43,-0.90
99.42,R_RingProximal,38.96,76.41,104.96,-0.04,-0.12,0.12,-0.99
99.42,L_LittleProximal,-18.17,56.48,84.21,-0.04,-0.16,-0.32,-0.93
99.44,Main Camera,0.88,128.79,81.08,0.04,-0.05,0.01,1.00
99.44,R_Palm,36.39,76.79,102.82,0.02,-0.09,0.06,-0.99
99.44,R_ThumbTip,29.47,76.16,109.18,0.07,0.17,-0.50,-0.85
99.44,R_IndexTip,36.26,75.30,115.30,-0.10,-0.11,0.08,-0.99
99.44,R_MiddleTip,39.15,75.73,115.94,-0.04,-0.11,0.13,-0.99
99.44,R_RingTip,40.94,75.27,114.30,-0.07,-0.09,0.17,-0.98
99.44,R_LittleTip,42.23,74.79,111.07,-0.04,-0.09,0.24,-0.97
99.44,R_ThumbDistal,30.48,76.19,106.75,0.07,0.17,-0.50,-0.85
99.44,R_IndexIntermediate,35.38,76.30,110.49,-0.11,-0.08,0.07,-0.99
99.44,R_MiddleIntermediate,37.99,76.44,110.50,-0.09,-0.10,0.09,-0.99
99.44,R_RingIntermediate,39.88,75.97,109.00,-0.06,-0.12,0.16,-0.98
99.44,R_LittleIntermediate,41.28,75.35,106.70,-0.06,-0.14,0.24,-0.96
99.44,R_IndexProximal,34.82,76.89,106.51,-0.07,-0.07,0.04,-0.99
99.44,R_MiddleProximal,37.16,77.09,106.03,-0.06,-0.10,0.08,-0.99
99.44,R_ThumbProximal,31.02,76.34,103.17,0.01,0.08,-0.43,-0.90
99.44,R_RingProximal,38.97,76.39,104.95,-0.04,-0.12,0.12,-0.98
99.44,L_LittleProximal,-18.24,56.46,84.16,-0.04,-0.15,-0.32,-0.93
99.45,Main Camera,0.78,128.67,81.14,0.05,-0.06,0.02,1.00
99.45,R_Palm,36.39,76.78,102.83,0.02,-0.09,0.06,-0.99
99.45,R_ThumbTip,29.46,76.15,109.19,0.07,0.17,-0.50,-0.85
99.45,R_IndexTip,36.26,75.28,115.31,-0.10,-0.11,0.08,-0.99
99.45,R_MiddleTip,39.16,75.71,115.95,-0.04,-0.11,0.13,-0.99
99.45,R_RingTip,40.94,75.25,114.30,-0.07,-0.09,0.17,-0.98
99.45,R_LittleTip,42.23,74.76,111.08,-0.04,-0.09,0.24,-0.97
99.45,R_ThumbDistal,30.47,76.17,106.76,0.07,0.17,-0.50,-0.85
99.45,R_IndexIntermediate,35.38,76.28,110.50,-0.11,-0.08,0.07,-0.99
99.45,R_MiddleIntermediate,38.00,76.42,110.51,-0.09,-0.10,0.09,-0.99
99.45,R_RingIntermediate,39.89,75.95,109.01,-0.06,-0.12,0.16,-0.98
99.45,R_LittleIntermediate,41.28,75.33,106.70,-0.06,-0.14,0.24,-0.96
99.45,R_IndexProximal,34.82,76.88,106.53,-0.07,-0.07,0.04,-0.99
99.45,R_MiddleProximal,37.16,77.08,106.04,-0.06,-0.10,0.08,-0.99
99.45,R_ThumbProximal,31.01,76.33,103.19,0.01,0.08,-0.43,-0.90
99.45,R_RingProximal,38.96,76.37,104.96,-0.04,-0.12,0.12,-0.98
99.45,L_LittleProximal,-18.33,56.61,83.87,-0.04,-0.16,-0.33,-0.93
99.46,Main Camera,0.70,128.56,81.20,0.05,-0.06,0.02,1.00
99.46,R_Palm,36.40,76.76,102.81,0.02,-0.09,0.06,-0.99
99.46,R_ThumbTip,29.47,76.14,109.18,0.07,0.17,-0.50,-0.85
99.46,R_IndexTip,36.28,75.26,115.29,-0.10,-0.11,0.08,-0.99
99.46,R_MiddleTip,39.18,75.70,115.93,-0.04,-0.11,0.13,-0.98
99.46,R_RingTip,40.97,75.23,114.28,-0.07,-0.09,0.17,-0.98
99.46,R_LittleTip,42.25,74.75,111.06,-0.04,-0.10,0.24,-0.97
99.46,R_ThumbDistal,30.48,76.16,106.75,0.07,0.17,-0.50,-0.85
99.46,R_IndexIntermediate,35.40,76.26,110.49,-0.11,-0.08,0.07,-0.99
99.46,R_MiddleIntermediate,38.01,76.40,110.49,-0.09,-0.10,0.09,-0.99
99.46,R_RingIntermediate,39.90,75.93,108.99,-0.06,-0.12,0.16,-0.98
99.46,R_LittleIntermediate,41.30,75.31,106.69,-0.06,-0.14,0.24,-0.96
99.46,R_IndexProximal,34.84,76.86,106.51,-0.07,-0.07,0.04,-0.99
99.46,R_MiddleProximal,37.17,77.06,106.03,-0.06,-0.10,0.08,-0.99
99.46,R_ThumbProximal,31.03,76.31,103.18,0.01,0.08,-0.43,-0.90
99.46,R_RingProximal,38.98,76.35,104.94,-0.04,-0.12,0.12,-0.98
99.46,L_LittleProximal,-18.27,56.80,83.72,-0.04,-0.16,-0.34,-0.93
99.48,Main Camera,0.63,128.48,81.24,0.05,-0.06,0.02,1.00
99.48,R_Palm,36.40,76.74,102.82,0.02,-0.09,0.06,-0.99
99.48,R_ThumbTip,29.46,76.12,109.18,0.07,0.17,-0.50,-0.85
99.48,R_IndexTip,36.27,75.25,115.30,-0.10,-0.11,0.08,-0.99
99.48,R_MiddleTip,39.17,75.68,115.94,-0.04,-0.11,0.13,-0.99
99.48,R_RingTip,40.97,75.22,114.29,-0.07,-0.09,0.17,-0.98
99.48,R_LittleTip,42.25,74.73,111.06,-0.04,-0.10,0.24,-0.97
99.48,R_ThumbDistal,30.48,76.14,106.75,0.07,0.17,-0.50,-0.85
99.48,R_IndexIntermediate,35.39,76.24,110.49,-0.11,-0.08,0.07,-0.99
99.48,R_MiddleIntermediate,38.01,76.39,110.50,-0.09,-0.10,0.09,-0.99
99.48,R_RingIntermediate,39.90,75.92,108.99,-0.06,-0.12,0.16,-0.98
99.48,R_LittleIntermediate,41.30,75.30,106.69,-0.06,-0.14,0.24,-0.96
99.48,R_IndexProximal,34.84,76.84,106.51,-0.07,-0.07,0.04,-0.99
99.48,R_MiddleProximal,37.17,77.04,106.03,-0.06,-0.10,0.08,-0.99
99.48,R_ThumbProximal,31.02,76.29,103.18,0.01,0.08,-0.43,-0.90
99.48,R_RingProximal,38.98,76.33,104.94,-0.04,-0.12,0.12,-0.98
99.48,L_LittleProximal,-18.34,56.73,83.65,-0.05,-0.15,-0.35,-0.92
99.49,Main Camera,0.55,128.39,81.29,0.06,-0.07,0.02,1.00
99.49,R_Palm,36.39,76.72,102.81,0.02,-0.09,0.06,-0.99
99.49,R_ThumbTip,29.44,76.11,109.17,0.07,0.17,-0.50,-0.85
99.49,R_IndexTip,36.26,75.23,115.30,-0.10,-0.11,0.08,-0.99
99.49,R_MiddleTip,39.16,75.67,115.93,-0.03,-0.11,0.13,-0.99
99.49,R_RingTip,40.96,75.20,114.29,-0.07,-0.09,0.17,-0.98
99.49,R_LittleTip,42.24,74.71,111.06,-0.05,-0.09,0.24,-0.97
99.49,R_ThumbDistal,30.46,76.13,106.74,0.07,0.17,-0.50,-0.85
99.49,R_IndexIntermediate,35.38,76.23,110.48,-0.11,-0.08,0.07,-0.99
99.49,R_MiddleIntermediate,38.00,76.37,110.49,-0.09,-0.10,0.09,-0.99
99.49,R_RingIntermediate,39.89,75.90,108.99,-0.06,-0.12,0.16,-0.98
99.49,R_LittleIntermediate,41.29,75.28,106.69,-0.06,-0.14,0.24,-0.96
99.49,R_IndexProximal,34.83,76.82,106.51,-0.07,-0.07,0.04,-0.99
99.49,R_MiddleProximal,37.16,77.02,106.02,-0.06,-0.10,0.08,-0.99
99.49,R_ThumbProximal,31.01,76.27,103.17,0.02,0.08,-0.43,-0.90
99.49,R_RingProximal,38.97,76.31,104.94,-0.04,-0.12,0.12,-0.98
99.49,L_LittleProximal,-18.35,56.67,83.61,-0.05,-0.16,-0.36,-0.92
99.51,Main Camera,0.51,128.31,81.31,0.06,-0.07,0.02,1.00
99.51,R_Palm,36.38,76.69,102.81,0.02,-0.09,0.06,-0.99
99.51,R_ThumbTip,29.41,76.10,109.16,0.07,0.18,-0.50,-0.85
99.51,R_IndexTip,36.24,75.21,115.29,-0.10,-0.11,0.08,-0.99
99.51,R_MiddleTip,39.15,75.65,115.93,-0.03,-0.11,0.13,-0.99
99.51,R_RingTip,40.94,75.19,114.28,-0.07,-0.09,0.17,-0.98
99.51,R_LittleTip,42.23,74.69,111.06,-0.05,-0.09,0.24,-0.97
99.51,R_ThumbDistal,30.44,76.11,106.73,0.07,0.18,-0.50,-0.85
99.51,R_IndexIntermediate,35.37,76.21,110.48,-0.11,-0.08,0.07,-0.99
99.51,R_MiddleIntermediate,37.99,76.35,110.49,-0.09,-0.10,0.09,-0.99
99.51,R_RingIntermediate,39.88,75.88,108.98,-0.06,-0.12,0.16,-0.98
99.51,R_LittleIntermediate,41.28,75.26,106.68,-0.06,-0.14,0.24,-0.96
99.51,R_IndexProximal,34.82,76.80,106.50,-0.07,-0.07,0.04,-0.99
99.51,R_MiddleProximal,37.15,77.00,106.02,-0.06,-0.10,0.08,-0.99
99.51,R_ThumbProximal,31.00,76.25,103.16,0.02,0.08,-0.43,-0.90
99.51,R_RingProximal,38.96,76.29,104.93,-0.03,-0.12,0.12,-0.98
99.51,L_LittleProximal,-18.34,56.62,83.59,-0.05,-0.16,-0.36,-0.92
99.52,Main Camera,0.46,128.25,81.33,0.06,-0.07,0.02,1.00
99.52,R_Palm,36.38,76.69,102.79,0.02,-0.09,0.06,-0.99
99.52,R_ThumbTip,29.40,76.11,109.14,0.08,0.18,-0.50,-0.85
99.52,R_IndexTip,36.25,75.21,115.28,-0.10,-0.11,0.08,-0.99
99.52,R_MiddleTip,39.15,75.65,115.92,-0.03,-0.11,0.13,-0.99
99.52,R_RingTip,40.95,75.19,114.27,-0.07,-0.09,0.17,-0.98
99.52,R_LittleTip,42.23,74.69,111.05,-0.05,-0.09,0.24,-0.97
99.52,R_ThumbDistal,30.44,76.12,106.72,0.08,0.18,-0.50,-0.85
99.52,R_IndexIntermediate,35.37,76.21,110.47,-0.11,-0.08,0.07,-0.99
99.52,R_MiddleIntermediate,37.99,76.35,110.48,-0.09,-0.10,0.09,-0.99
99.52,R_RingIntermediate,39.89,75.89,108.97,-0.06,-0.12,0.16,-0.98
99.52,R_LittleIntermediate,41.28,75.27,106.67,-0.06,-0.14,0.24,-0.96
99.52,R_IndexProximal,34.82,76.80,106.49,-0.07,-0.07,0.04,-0.99
99.52,R_MiddleProximal,37.15,77.00,106.01,-0.06,-0.10,0.08,-0.99
99.52,R_ThumbProximal,31.00,76.25,103.15,0.02,0.08,-0.43,-0.90
99.52,R_RingProximal,38.96,76.29,104.92,-0.03,-0.12,0.12,-0.98
99.52,L_LittleProximal,-18.32,56.64,83.56,-0.06,-0.16,-0.37,-0.91
99.53,Main Camera,0.44,128.20,81.35,0.06,-0.07,0.02,1.00
99.53,R_Palm,36.38,76.68,102.77,0.02,-0.09,0.06,-0.99
99.53,R_ThumbTip,29.39,76.11,109.11,0.08,0.18,-0.50,-0.85
99.53,R_IndexTip,36.25,75.20,115.25,-0.10,-0.11,0.08,-0.99
99.53,R_MiddleTip,39.15,75.64,115.89,-0.03,-0.11,0.13,-0.99
99.53,R_RingTip,40.95,75.18,114.25,-0.07,-0.09,0.17,-0.98
99.53,R_LittleTip,42.23,74.68,111.02,-0.05,-0.09,0.24,-0.97
99.53,R_ThumbDistal,30.43,76.12,106.69,0.08,0.18,-0.50,-0.85
99.53,R_IndexIntermediate,35.37,76.20,110.44,-0.11,-0.08,0.07,-0.99
99.53,R_MiddleIntermediate,37.99,76.34,110.45,-0.09,-0.10,0.09,-0.99
99.53,R_RingIntermediate,39.89,75.88,108.95,-0.06,-0.12,0.16,-0.98
99.53,R_LittleIntermediate,41.29,75.26,106.64,-0.06,-0.14,0.24,-0.96
99.53,R_IndexProximal,34.82,76.79,106.47,-0.07,-0.07,0.04,-0.99
99.53,R_MiddleProximal,37.15,76.99,105.98,-0.06,-0.10,0.08,-0.99
99.53,R_ThumbProximal,31.00,76.25,103.12,0.02,0.08,-0.43,-0.90
99.53,R_RingProximal,38.96,76.28,104.90,-0.03,-0.12,0.12,-0.98
99.53,L_LittleProximal,-18.31,56.66,83.53,-0.05,-0.17,-0.37,-0.91
99.55,Main Camera,0.43,128.15,81.37,0.06,-0.08,0.02,0.99
99.55,R_Palm,36.39,76.69,102.75,0.02,-0.09,0.06,-0.99
99.55,R_ThumbTip,29.39,76.13,109.09,0.08,0.18,-0.50,-0.85
99.55,R_IndexTip,36.25,75.21,115.23,-0.10,-0.11,0.08,-0.99
99.55,R_MiddleTip,39.15,75.64,115.87,-0.03,-0.11,0.13,-0.99
99.55,R_RingTip,40.95,75.18,114.22,-0.07,-0.09,0.17,-0.98
99.55,R_LittleTip,42.24,74.68,111.00,-0.05,-0.09,0.24,-0.96
99.55,R_ThumbDistal,30.43,76.12,106.67,0.08,0.18,-0.50,-0.85
99.55,R_IndexIntermediate,35.38,76.20,110.42,-0.11,-0.08,0.07,-0.99
99.55,R_MiddleIntermediate,38.00,76.34,110.43,-0.09,-0.10,0.09,-0.99
99.55,R_RingIntermediate,39.89,75.88,108.93,-0.06,-0.12,0.16,-0.98
99.55,R_LittleIntermediate,41.29,75.26,106.62,-0.06,-0.14,0.24,-0.96
99.55,R_IndexProximal,34.82,76.79,106.45,-0.07,-0.07,0.04,-0.99
99.55,R_MiddleProximal,37.16,76.99,105.96,-0.06,-0.10,0.08,-0.99
99.55,R_ThumbProximal,31.00,76.25,103.10,0.02,0.08,-0.43,-0.90
99.55,R_RingProximal,38.96,76.28,104.88,-0.03,-0.12,0.12,-0.98
99.55,L_LittleProximal,-18.35,56.66,83.52,-0.05,-0.17,-0.37,-0.91
99.56,Main Camera,0.43,128.11,81.39,0.06,-0.08,0.02,0.99
99.56,R_Palm,36.39,76.69,102.73,0.02,-0.09,0.06,-0.99
99.56,R_ThumbTip,29.38,76.14,109.06,0.08,0.18,-0.49,-0.85
99.56,R_IndexTip,36.26,75.21,115.21,-0.10,-0.11,0.08,-0.99
99.56,R_MiddleTip,39.16,75.64,115.85,-0.03,-0.11,0.13,-0.99
99.56,R_RingTip,40.96,75.19,114.20,-0.07,-0.09,0.17,-0.98
99.56,R_LittleTip,42.25,74.68,110.97,-0.05,-0.09,0.24,-0.96
99.56,R_ThumbDistal,30.43,76.14,106.65,0.08,0.18,-0.49,-0.85
99.56,R_IndexIntermediate,35.38,76.20,110.40,-0.11,-0.08,0.07,-0.99
99.56,R_MiddleIntermediate,38.00,76.34,110.41,-0.09,-0.10,0.09,-0.99
99.56,R_RingIntermediate,39.90,75.89,108.90,-0.06,-0.12,0.16,-0.98
99.56,R_LittleIntermediate,41.30,75.27,106.60,-0.06,-0.14,0.24,-0.96
99.56,R_IndexProximal,34.83,76.79,106.42,-0.07,-0.07,0.04,-0.99
99.56,R_MiddleProximal,37.16,76.99,105.94,-0.06,-0.10,0.08,-0.99
99.56,R_ThumbProximal,31.01,76.26,103.08,0.02,0.08,-0.43,-0.90
99.56,R_RingProximal,38.97,76.29,104.86,-0.03,-0.12,0.12,-0.98
99.56,L_LittleProximal,-18.38,56.66,83.51,-0.05,-0.17,-0.37,-0.91
99.57,Main Camera,0.45,128.08,81.40,0.06,-0.08,0.02,0.99
99.57,R_Palm,36.40,76.67,102.72,0.02,-0.09,0.06,-0.99
99.57,R_ThumbTip,29.38,76.13,109.05,0.08,0.18,-0.49,-0.85
99.57,R_IndexTip,36.26,75.20,115.21,-0.10,-0.11,0.08,-0.99
99.57,R_MiddleTip,39.17,75.63,115.84,-0.03,-0.11,0.13,-0.99
99.57,R_RingTip,40.97,75.16,114.19,-0.07,-0.09,0.17,-0.98
99.57,R_LittleTip,42.26,74.66,110.96,-0.05,-0.09,0.24,-0.96
99.57,R_ThumbDistal,30.43,76.12,106.64,0.08,0.18,-0.49,-0.85
99.57,R_IndexIntermediate,35.39,76.18,110.39,-0.11,-0.08,0.07,-0.99
99.57,R_MiddleIntermediate,38.01,76.32,110.40,-0.09,-0.10,0.09,-0.99
99.57,R_RingIntermediate,39.91,75.87,108.90,-0.06,-0.12,0.16,-0.98
99.57,R_LittleIntermediate,41.31,75.24,106.59,-0.06,-0.14,0.24,-0.96
99.57,R_IndexProximal,34.83,76.77,106.42,-0.07,-0.07,0.04,-0.99
99.57,R_MiddleProximal,37.17,76.97,105.93,-0.06,-0.10,0.08,-0.99
99.57,R_ThumbProximal,31.01,76.25,103.07,0.02,0.08,-0.43,-0.90
99.57,R_RingProximal,38.98,76.26,104.85,-0.03,-0.12,0.12,-0.98
99.57,L_LittleProximal,-18.41,56.65,83.50,-0.05,-0.17,-0.38,-0.91
99.59,Main Camera,0.47,128.05,81.41,0.06,-0.08,0.02,0.99
99.59,R_Palm,36.43,76.62,102.72,0.02,-0.09,0.06,-0.99
99.59,R_ThumbTip,29.40,76.10,109.05,0.08,0.18,-0.49,-0.85
99.59,R_IndexTip,36.30,75.16,115.21,-0.10,-0.11,0.08,-0.99
99.59,R_MiddleTip,39.21,75.58,115.85,-0.03,-0.11,0.13,-0.99
99.59,R_RingTip,41.01,75.11,114.20,-0.07,-0.09,0.17,-0.98
99.59,R_LittleTip,42.29,74.60,110.97,-0.05,-0.10,0.24,-0.96
99.59,R_ThumbDistal,30.46,76.08,106.64,0.08,0.18,-0.49,-0.85
99.59,R_IndexIntermediate,35.42,76.14,110.40,-0.11,-0.08,0.07,-0.99
99.59,R_MiddleIntermediate,38.04,76.27,110.41,-0.08,-0.10,0.09,-0.99
99.59,R_RingIntermediate,39.94,75.82,108.90,-0.06,-0.12,0.16,-0.98
99.59,R_LittleIntermediate,41.34,75.19,106.59,-0.06,-0.14,0.24,-0.96
99.59,R_IndexProximal,34.87,76.72,106.42,-0.07,-0.07,0.04,-0.99
99.59,R_MiddleProximal,37.20,76.92,105.94,-0.06,-0.10,0.08,-0.99
99.59,R_ThumbProximal,31.04,76.20,103.07,0.02,0.08,-0.43,-0.90
99.59,R_RingProximal,39.01,76.21,104.85,-0.03,-0.12,0.12,-0.98
99.59,L_LittleProximal,-18.52,56.43,83.33,-0.04,-0.17,-0.38,-0.91
99.60,Main Camera,0.51,128.02,81.42,0.06,-0.08,0.01,0.99
99.60,R_Palm,36.47,76.54,102.77,0.02,-0.09,0.07,-0.99
99.60,R_ThumbTip,29.43,76.04,109.10,0.08,0.18,-0.49,-0.85
99.60,R_IndexTip,36.34,75.08,115.27,-0.10,-0.11,0.08,-0.99
99.60,R_MiddleTip,39.25,75.50,115.90,-0.03,-0.11,0.13,-0.98
99.60,R_RingTip,41.05,75.02,114.24,-0.07,-0.09,0.17,-0.98
99.60,R_LittleTip,42.34,74.50,111.01,-0.05,-0.10,0.24,-0.96
99.60,R_ThumbDistal,30.49,76.02,106.69,0.08,0.18,-0.49,-0.85
99.60,R_IndexIntermediate,35.47,76.06,110.45,-0.10,-0.08,0.07,-0.99
99.60,R_MiddleIntermediate,38.09,76.19,110.46,-0.08,-0.10,0.10,-0.99
99.60,R_RingIntermediate,39.99,75.73,108.95,-0.06,-0.12,0.16,-0.98
99.60,R_LittleIntermediate,41.38,75.10,106.64,-0.06,-0.14,0.24,-0.96
99.60,R_IndexProximal,34.91,76.64,106.47,-0.07,-0.07,0.04,-0.99
99.60,R_MiddleProximal,37.24,76.83,105.99,-0.06,-0.10,0.08,-0.99
99.60,R_ThumbProximal,31.08,76.13,103.13,0.02,0.08,-0.43,-0.90
99.60,R_RingProximal,39.05,76.12,104.90,-0.03,-0.12,0.12,-0.98
99.60,L_LittleProximal,-18.64,56.32,83.20,-0.05,-0.18,-0.37,-0.91
99.62,Main Camera,0.57,127.98,81.42,0.06,-0.08,0.01,1.00
99.62,R_Palm,36.52,76.44,102.84,0.02,-0.09,0.07,-0.99
99.62,R_ThumbTip,29.47,75.96,109.17,0.08,0.18,-0.49,-0.85
99.62,R_IndexTip,36.39,75.01,115.34,-0.10,-0.11,0.08,-0.99
99.62,R_MiddleTip,39.31,75.40,115.96,-0.03,-0.11,0.13,-0.98
99.62,R_RingTip,41.11,74.91,114.31,-0.07,-0.09,0.17,-0.98
99.62,R_LittleTip,42.39,74.39,111.07,-0.05,-0.10,0.24,-0.96
99.62,R_ThumbDistal,30.54,75.94,106.76,0.08,0.18,-0.49,-0.85
99.62,R_IndexIntermediate,35.52,75.97,110.52,-0.10,-0.08,0.07,-0.99
99.62,R_MiddleIntermediate,38.14,76.09,110.52,-0.08,-0.10,0.10,-0.99
99.62,R_RingIntermediate,40.04,75.62,109.01,-0.06,-0.12,0.16,-0.98
99.62,R_LittleIntermediate,41.43,74.99,106.70,-0.06,-0.14,0.24,-0.96
99.62,R_IndexProximal,34.96,76.54,106.54,-0.07,-0.07,0.04,-0.99
99.62,R_MiddleProximal,37.29,76.73,106.05,-0.06,-0.10,0.08,-0.99
99.62,R_ThumbProximal,31.12,76.05,103.19,0.02,0.08,-0.43,-0.90
99.62,R_RingProximal,39.10,76.01,104.96,-0.03,-0.12,0.13,-0.98
99.62,L_LittleProximal,-18.72,56.22,83.08,-0.05,-0.18,-0.37,-0.91
99.63,Main Camera,0.65,127.94,81.42,0.06,-0.07,0.01,1.00
99.63,R_Palm,36.61,76.35,102.96,0.02,-0.09,0.07,-0.99
99.63,R_ThumbTip,29.54,75.91,109.28,0.08,0.18,-0.49,-0.85
99.63,R_IndexTip,36.48,74.93,115.46,-0.10,-0.11,0.08,-0.99
99.63,R_MiddleTip,39.40,75.31,116.09,-0.03,-0.11,0.13,-0.98
99.63,R_RingTip,41.20,74.82,114.43,-0.07,-0.09,0.17,-0.98
99.63,R_LittleTip,42.47,74.28,111.20,-0.05,-0.10,0.24,-0.96
99.63,R_ThumbDistal,30.61,75.88,106.87,0.08,0.18,-0.49,-0.85
99.63,R_IndexIntermediate,35.61,75.89,110.65,-0.10,-0.08,0.07,-0.99
99.63,R_MiddleIntermediate,38.23,76.01,110.65,-0.08,-0.10,0.10,-0.99
99.63,R_RingIntermediate,40.13,75.53,109.14,-0.06,-0.12,0.16,-0.98
99.63,R_LittleIntermediate,41.53,74.90,106.83,-0.06,-0.14,0.24,-0.96
99.63,R_IndexProximal,35.05,76.46,106.67,-0.07,-0.07,0.04,-0.99
99.63,R_MiddleProximal,37.38,76.64,106.18,-0.06,-0.10,0.08,-0.99
99.63,R_ThumbProximal,31.21,75.99,103.31,0.02,0.08,-0.42,-0.90
99.63,R_RingProximal,39.19,75.93,105.09,-0.03,-0.12,0.13,-0.98
99.63,L_LittleProximal,-18.75,56.22,83.07,-0.06,-0.18,-0.37,-0.91
99.64,Main Camera,0.72,127.90,81.43,0.07,-0.07,0.01,1.00
99.64,R_Palm,36.70,76.27,103.09,0.02,-0.09,0.07,-0.99
99.64,R_ThumbTip,29.61,75.86,109.40,0.09,0.18,-0.49,-0.85
99.64,R_IndexTip,36.56,74.85,115.59,-0.10,-0.11,0.08,-0.99
99.64,R_MiddleTip,39.48,75.23,116.21,-0.03,-0.11,0.13,-0.98
99.64,R_RingTip,41.28,74.73,114.56,-0.07,-0.09,0.17,-0.98
99.64,R_LittleTip,42.55,74.17,111.32,-0.05,-0.10,0.25,-0.96
99.64,R_ThumbDistal,30.69,75.82,106.99,0.09,0.18,-0.49,-0.85
99.64,R_IndexIntermediate,35.69,75.82,110.77,-0.10,-0.08,0.07,-0.99
99.64,R_MiddleIntermediate,38.32,75.92,110.77,-0.08,-0.10,0.10,-0.99
99.64,R_RingIntermediate,40.22,75.45,109.26,-0.06,-0.12,0.16,-0.98
99.64,R_LittleIntermediate,41.62,74.81,106.96,-0.06,-0.14,0.24,-0.96
99.64,R_IndexProximal,35.14,76.38,106.79,-0.07,-0.07,0.04,-0.99
99.64,R_MiddleProximal,37.47,76.56,106.30,-0.06,-0.10,0.08,-0.99
99.64,R_ThumbProximal,31.29,75.92,103.43,0.02,0.08,-0.42,-0.90
99.64,R_RingProximal,39.28,75.84,105.22,-0.03,-0.12,0.13,-0.98
99.64,L_LittleProximal,-18.75,56.21,83.06,-0.06,-0.19,-0.37,-0.91
99.66,Main Camera,0.80,127.87,81.43,0.07,-0.07,0.00,1.00
99.66,R_Palm,36.79,76.20,103.12,0.02,-0.09,0.07,-0.99
99.66,R_ThumbTip,29.65,75.85,109.41,0.09,0.18,-0.48,-0.85
99.66,R_IndexTip,36.64,74.79,115.63,-0.10,-0.10,0.08,-0.99
99.66,R_MiddleTip,39.57,75.16,116.25,-0.03,-0.11,0.13,-0.98
99.66,R_RingTip,41.36,74.65,114.59,-0.07,-0.09,0.17,-0.98
99.66,R_LittleTip,42.62,74.07,111.36,-0.06,-0.09,0.25,-0.96
99.66,R_ThumbDistal,30.74,75.80,107.01,0.09,0.18,-0.48,-0.85
99.66,R_IndexIntermediate,35.78,75.75,110.81,-0.10,-0.08,0.07,-0.99
99.66,R_MiddleIntermediate,38.41,75.86,110.81,-0.08,-0.10,0.10,-0.99
99.66,R_RingIntermediate,40.31,75.38,109.30,-0.06,-0.12,0.16,-0.98
99.66,R_LittleIntermediate,41.71,74.74,106.99,-0.07,-0.14,0.24,-0.96
99.66,R_IndexProximal,35.23,76.31,106.82,-0.07,-0.07,0.04,-0.99
99.66,R_MiddleProximal,37.56,76.49,106.34,-0.06,-0.10,0.08,-0.99
99.66,R_ThumbProximal,31.36,75.89,103.45,0.03,0.08,-0.42,-0.90
99.66,R_RingProximal,39.37,75.77,105.25,-0.03,-0.12,0.13,-0.98
99.66,L_LittleProximal,-18.84,56.11,83.02,-0.06,-0.18,-0.36,-0.91
99.67,Main Camera,0.89,127.84,81.44,0.07,-0.07,0.00,1.00
99.67,R_Palm,36.83,76.15,103.12,0.02,-0.09,0.07,-0.99
99.67,R_ThumbTip,29.66,75.84,109.38,0.09,0.18,-0.48,-0.85
99.67,R_IndexTip,36.68,74.74,115.62,-0.10,-0.10,0.08,-0.99
99.67,R_MiddleTip,39.61,75.10,116.25,-0.03,-0.11,0.13,-0.98
99.67,R_RingTip,41.40,74.58,114.59,-0.07,-0.09,0.17,-0.98
99.67,R_LittleTip,42.66,74.00,111.36,-0.06,-0.09,0.25,-0.96
99.67,R_ThumbDistal,30.76,75.78,106.98,0.09,0.18,-0.48,-0.85
99.67,R_IndexIntermediate,35.82,75.70,110.80,-0.10,-0.08,0.07,-0.99
99.67,R_MiddleIntermediate,38.45,75.81,110.81,-0.08,-0.10,0.10,-0.99
99.67,R_RingIntermediate,40.35,75.33,109.30,-0.06,-0.12,0.16,-0.98
99.67,R_LittleIntermediate,41.75,74.69,106.99,-0.07,-0.14,0.24,-0.96
99.67,R_IndexProximal,35.27,76.25,106.82,-0.07,-0.07,0.04,-0.99
99.67,R_MiddleProximal,37.61,76.44,106.34,-0.06,-0.10,0.08,-0.99
99.67,R_ThumbProximal,31.39,75.86,103.43,0.03,0.08,-0.42,-0.90
99.67,R_RingProximal,39.41,75.72,105.25,-0.03,-0.12,0.13,-0.98
99.67,L_LittleProximal,-18.88,56.07,83.01,-0.06,-0.18,-0.36,-0.91
99.69,Main Camera,0.97,127.81,81.45,0.07,-0.06,0.00,1.00
99.69,R_Palm,36.83,76.14,103.09,0.02,-0.09,0.07,-0.99
99.69,R_ThumbTip,29.64,75.87,109.34,0.09,0.18,-0.48,-0.85
99.69,R_IndexTip,36.68,74.74,115.60,-0.10,-0.10,0.08,-0.99
99.69,R_MiddleTip,39.62,75.10,116.22,-0.04,-0.11,0.13,-0.98
99.69,R_RingTip,41.41,74.57,114.57,-0.07,-0.09,0.17,-0.98
99.69,R_LittleTip,42.67,73.99,111.33,-0.06,-0.09,0.25,-0.96
99.69,R_ThumbDistal,30.74,75.80,106.95,0.09,0.18,-0.48,-0.85
99.69,R_IndexIntermediate,35.83,75.70,110.78,-0.10,-0.08,0.07,-0.99
99.69,R_MiddleIntermediate,38.46,75.80,110.78,-0.08,-0.10,0.10,-0.99
99.69,R_RingIntermediate,40.36,75.32,109.27,-0.06,-0.12,0.16,-0.98
99.69,R_LittleIntermediate,41.76,74.68,106.97,-0.07,-0.14,0.24,-0.96
99.69,R_IndexProximal,35.28,76.25,106.80,-0.06,-0.07,0.04,-0.99
99.69,R_MiddleProximal,37.61,76.43,106.31,-0.06,-0.10,0.08,-0.99
99.69,R_ThumbProximal,31.39,75.87,103.39,0.03,0.09,-0.42,-0.91
99.69,R_RingProximal,39.42,75.71,105.23,-0.03,-0.12,0.13,-0.98
99.69,L_LittleProximal,-18.88,56.06,83.01,-0.06,-0.18,-0.36,-0.91
99.70,Main Camera,1.05,127.77,81.45,0.07,-0.06,-0.01,1.00
99.70,R_Palm,36.83,76.14,103.07,0.02,-0.09,0.07,-0.99
99.70,R_ThumbTip,29.63,75.88,109.31,0.09,0.18,-0.48,-0.85
99.70,R_IndexTip,36.68,74.75,115.58,-0.10,-0.10,0.08,-0.99
99.70,R_MiddleTip,39.62,75.10,116.20,-0.04,-0.11,0.13,-0.98
99.70,R_RingTip,41.41,74.56,114.54,-0.07,-0.09,0.17,-0.98
99.70,R_LittleTip,42.67,73.99,111.31,-0.06,-0.09,0.25,-0.96
99.70,R_ThumbDistal,30.73,75.81,106.92,0.09,0.18,-0.48,-0.85
99.70,R_IndexIntermediate,35.82,75.71,110.76,-0.10,-0.08,0.07,-0.99
99.70,R_MiddleIntermediate,38.46,75.80,110.76,-0.08,-0.10,0.10,-0.99
99.70,R_RingIntermediate,40.36,75.32,109.25,-0.06,-0.12,0.16,-0.98
99.70,R_LittleIntermediate,41.76,74.68,106.94,-0.07,-0.14,0.24,-0.96
99.70,R_IndexProximal,35.28,76.25,106.77,-0.06,-0.07,0.04,-0.99
99.70,R_MiddleProximal,37.61,76.43,106.29,-0.06,-0.10,0.08,-0.99
99.70,R_ThumbProximal,31.38,75.87,103.37,0.03,0.09,-0.41,-0.91
99.70,R_RingProximal,39.42,75.70,105.20,-0.03,-0.12,0.13,-0.98
99.70,L_LittleProximal,-18.89,56.05,83.02,-0.06,-0.18,-0.36,-0.91
99.71,Main Camera,1.13,127.74,81.45,0.07,-0.06,-0.01,1.00
99.71,R_Palm,36.81,76.15,103.03,0.02,-0.09,0.07,-0.99
99.71,R_ThumbTip,29.60,75.94,109.27,0.09,0.18,-0.48,-0.85
99.71,R_IndexTip,36.65,74.79,115.54,-0.10,-0.10,0.09,-0.99
99.71,R_MiddleTip,39.60,75.12,116.16,-0.03,-0.11,0.13,-0.98
99.71,R_RingTip,41.39,74.57,114.50,-0.07,-0.09,0.18,-0.98
99.71,R_LittleTip,42.64,73.99,111.27,-0.06,-0.09,0.25,-0.96
99.71,R_ThumbDistal,30.70,75.86,106.88,0.09,0.18,-0.48,-0.85
99.71,R_IndexIntermediate,35.80,75.74,110.72,-0.10,-0.08,0.07,-0.99
99.71,R_MiddleIntermediate,38.44,75.82,110.72,-0.08,-0.10,0.10,-0.99
99.71,R_RingIntermediate,40.34,75.33,109.21,-0.06,-0.12,0.17,-0.98
99.71,R_LittleIntermediate,41.73,74.68,106.90,-0.07,-0.14,0.25,-0.96
99.71,R_IndexProximal,35.26,76.27,106.73,-0.06,-0.07,0.05,-0.99
99.71,R_MiddleProximal,37.59,76.44,106.25,-0.06,-0.10,0.09,-0.99
99.71,R_ThumbProximal,31.35,75.91,103.33,0.03,0.09,-0.41,-0.91
99.71,R_RingProximal,39.39,75.71,105.16,-0.03,-0.12,0.13,-0.98
99.71,L_LittleProximal,-18.90,56.07,83.02,-0.06,-0.18,-0.36,-0.91
99.73,Main Camera,1.23,127.72,81.46,0.07,-0.06,-0.01,1.00
99.73,R_Palm,36.77,76.17,102.96,0.02,-0.09,0.07,-0.99
99.73,R_ThumbTip,29.55,76.03,109.21,0.10,0.18,-0.48,-0.86
99.73,R_IndexTip,36.61,74.85,115.48,-0.10,-0.10,0.09,-0.99
99.73,R_MiddleTip,39.56,75.15,116.09,-0.03,-0.11,0.14,-0.98
99.73,R_RingTip,41.35,74.59,114.43,-0.07,-0.09,0.18,-0.98
99.73,R_LittleTip,42.60,73.99,111.20,-0.06,-0.09,0.25,-0.96
99.73,R_ThumbDistal,30.66,75.93,106.82,0.10,0.18,-0.48,-0.86
99.73,R_IndexIntermediate,35.76,75.79,110.65,-0.10,-0.08,0.08,-0.99
99.73,R_MiddleIntermediate,38.40,75.85,110.65,-0.08,-0.10,0.10,-0.99
99.73,R_RingIntermediate,40.30,75.34,109.14,-0.06,-0.12,0.17,-0.98
99.73,R_LittleIntermediate,41.69,74.68,106.83,-0.07,-0.14,0.25,-0.96
99.73,R_IndexProximal,35.22,76.32,106.66,-0.06,-0.07,0.05,-0.99
99.73,R_MiddleProximal,37.56,76.47,106.18,-0.06,-0.10,0.09,-0.99
99.73,R_ThumbProximal,31.31,75.97,103.26,0.03,0.09,-0.41,-0.91
99.73,R_RingProximal,39.35,75.72,105.09,-0.03,-0.12,0.13,-0.98
99.73,L_LittleProximal,-18.93,56.13,83.02,-0.06,-0.17,-0.36,-0.91
99.74,Main Camera,1.30,127.70,81.46,0.07,-0.05,-0.01,1.00
99.74,R_Palm,36.71,76.19,102.92,0.02,-0.09,0.08,-0.99
99.74,R_ThumbTip,29.49,76.08,109.17,0.10,0.18,-0.47,-0.86
99.74,R_IndexTip,36.55,74.88,115.44,-0.10,-0.10,0.09,-0.99
99.74,R_MiddleTip,39.51,75.17,116.05,-0.03,-0.11,0.14,-0.98
99.74,R_RingTip,41.29,74.60,114.39,-0.07,-0.09,0.18,-0.98
99.74,R_LittleTip,42.55,73.99,111.16,-0.06,-0.09,0.26,-0.96
99.74,R_ThumbDistal,30.59,75.98,106.78,0.10,0.18,-0.47,-0.86
99.74,R_IndexIntermediate,35.71,75.82,110.61,-0.10,-0.08,0.08,-0.99
99.74,R_MiddleIntermediate,38.35,75.87,110.61,-0.08,-0.10,0.11,-0.99
99.74,R_RingIntermediate,40.24,75.35,109.10,-0.06,-0.12,0.17,-0.98
99.74,R_LittleIntermediate,41.63,74.68,106.79,-0.07,-0.14,0.25,-0.95
99.74,R_IndexProximal,35.17,76.34,106.63,-0.06,-0.07,0.05,-0.99
99.74,R_MiddleProximal,37.50,76.49,106.14,-0.06,-0.10,0.09,-0.99
99.74,R_ThumbProximal,31.25,76.01,103.22,0.03,0.09,-0.41,-0.91
99.74,R_RingProximal,39.29,75.73,105.05,-0.03,-0.12,0.13,-0.98
99.74,L_LittleProximal,-18.95,56.23,83.02,-0.05,-0.17,-0.37,-0.91
99.76,Main Camera,1.39,127.66,81.46,0.07,-0.05,-0.02,1.00
99.76,R_Palm,36.69,76.22,102.91,0.02,-0.09,0.08,-0.99
99.76,R_ThumbTip,29.46,76.12,109.16,0.10,0.18,-0.47,-0.86
99.76,R_IndexTip,36.53,74.92,115.44,-0.10,-0.10,0.09,-0.99
99.76,R_MiddleTip,39.49,75.20,116.04,-0.03,-0.11,0.14,-0.98
99.76,R_RingTip,41.27,74.63,114.39,-0.07,-0.09,0.18,-0.98
99.76,R_LittleTip,42.52,74.02,111.15,-0.06,-0.09,0.26,-0.96
99.76,R_ThumbDistal,30.56,76.02,106.78,0.10,0.18,-0.47,-0.86
99.76,R_IndexIntermediate,35.69,75.87,110.61,-0.10,-0.08,0.08,-0.99
99.76,R_MiddleIntermediate,38.33,75.91,110.60,-0.08,-0.10,0.11,-0.99
99.76,R_RingIntermediate,40.22,75.39,109.09,-0.06,-0.12,0.17,-0.98
99.76,R_LittleIntermediate,41.61,74.71,106.79,-0.07,-0.14,0.25,-0.95
99.76,R_IndexProximal,35.14,76.38,106.62,-0.06,-0.07,0.05,-0.99
99.76,R_MiddleProximal,37.48,76.52,106.13,-0.06,-0.10,0.09,-0.99
99.76,R_ThumbProximal,31.22,76.05,103.22,0.03,0.09,-0.41,-0.91
99.76,R_RingProximal,39.27,75.76,105.05,-0.03,-0.12,0.14,-0.98
99.76,L_LittleProximal,-18.80,56.49,83.10,-0.05,-0.18,-0.37,-0.91
99.77,Main Camera,1.47,127.66,81.48,0.07,-0.05,-0.02,1.00
99.77,R_Palm,36.69,76.22,102.91,0.02,-0.09,0.08,-0.99
99.77,R_ThumbTip,29.45,76.14,109.16,0.10,0.18,-0.47,-0.86
99.77,R_IndexTip,36.53,74.93,115.44,-0.10,-0.10,0.09,-0.99
99.77,R_MiddleTip,39.49,75.21,116.04,-0.03,-0.11,0.14,-0.98
99.77,R_RingTip,41.27,74.64,114.39,-0.07,-0.09,0.18,-0.98
99.77,R_LittleTip,42.52,74.01,111.15,-0.06,-0.09,0.26,-0.96
99.77,R_ThumbDistal,30.56,76.03,106.77,0.10,0.18,-0.47,-0.86
99.77,R_IndexIntermediate,35.69,75.88,110.61,-0.10,-0.08,0.08,-0.99
99.77,R_MiddleIntermediate,38.33,75.92,110.60,-0.08,-0.10,0.11,-0.99
99.77,R_RingIntermediate,40.23,75.40,109.09,-0.06,-0.12,0.17,-0.98
99.77,R_LittleIntermediate,41.62,74.72,106.79,-0.07,-0.14,0.25,-0.95
99.77,R_IndexProximal,35.15,76.39,106.62,-0.06,-0.07,0.05,-0.99
99.77,R_MiddleProximal,37.48,76.53,106.13,-0.06,-0.10,0.09,-0.99
99.77,R_ThumbProximal,31.22,76.06,103.22,0.03,0.09,-0.41,-0.91
99.77,R_RingProximal,39.27,75.77,105.05,-0.03,-0.12,0.14,-0.98
99.77,L_LittleProximal,-18.81,56.51,83.08,-0.05,-0.18,-0.37,-0.91
99.78,Main Camera,1.55,127.63,81.48,0.07,-0.04,-0.02,1.00
99.78,R_Palm,36.68,76.23,102.92,0.02,-0.09,0.08,-0.99
99.78,R_ThumbTip,29.44,76.16,109.16,0.10,0.18,-0.47,-0.86
99.78,R_IndexTip,36.52,74.94,115.45,-0.10,-0.10,0.09,-0.99
99.78,R_MiddleTip,39.48,75.21,116.05,-0.04,-0.11,0.14,-0.98
99.78,R_RingTip,41.26,74.64,114.40,-0.07,-0.09,0.18,-0.98
99.78,R_LittleTip,42.50,74.02,111.16,-0.06,-0.09,0.26,-0.96
99.78,R_ThumbDistal,30.54,76.05,106.78,0.10,0.18,-0.47,-0.86
99.78,R_IndexIntermediate,35.68,75.89,110.62,-0.10,-0.08,0.08,-0.99
99.78,R_MiddleIntermediate,38.32,75.93,110.61,-0.08,-0.10,0.11,-0.99
99.78,R_RingIntermediate,40.21,75.41,109.10,-0.06,-0.12,0.17,-0.98
99.78,R_LittleIntermediate,41.61,74.73,106.80,-0.07,-0.14,0.25,-0.95
99.78,R_IndexProximal,35.14,76.40,106.63,-0.06,-0.07,0.05,-0.99
99.78,R_MiddleProximal,37.47,76.54,106.14,-0.06,-0.10,0.09,-0.99
99.78,R_ThumbProximal,31.21,76.07,103.22,0.04,0.09,-0.41,-0.91
99.78,R_RingProximal,39.26,75.77,105.06,-0.03,-0.12,0.14,-0.98
99.78,L_LittleProximal,-18.84,56.48,83.08,-0.05,-0.17,-0.37,-0.91
99.80,Main Camera,1.61,127.62,81.49,0.07,-0.04,-0.02,1.00
99.80,R_Palm,36.69,76.22,102.92,0.02,-0.09,0.08,-0.99
99.80,R_ThumbTip,29.44,76.15,109.16,0.10,0.18,-0.47,-0.86
99.80,R_IndexTip,36.52,74.93,115.44,-0.10,-0.10,0.09,-0.99
99.80,R_MiddleTip,39.48,75.20,116.05,-0.04,-0.11,0.14,-0.98
99.80,R_RingTip,41.26,74.64,114.40,-0.07,-0.09,0.18,-0.98
99.80,R_LittleTip,42.51,74.00,111.16,-0.06,-0.09,0.26,-0.96
99.80,R_ThumbDistal,30.54,76.04,106.77,0.10,0.18,-0.47,-0.86
99.80,R_IndexIntermediate,35.68,75.89,110.62,-0.10,-0.08,0.08,-0.99
99.80,R_MiddleIntermediate,38.33,75.92,110.61,-0.08,-0.10,0.11,-0.99
99.80,R_RingIntermediate,40.22,75.40,109.10,-0.06,-0.12,0.17,-0.98
99.80,R_LittleIntermediate,41.61,74.72,106.80,-0.07,-0.14,0.26,-0.95
99.80,R_IndexProximal,35.14,76.40,106.63,-0.06,-0.07,0.05,-0.99
99.80,R_MiddleProximal,37.48,76.53,106.14,-0.06,-0.10,0.09,-0.99
99.80,R_ThumbProximal,31.21,76.06,103.22,0.04,0.09,-0.41,-0.91
99.80,R_RingProximal,39.27,75.76,105.06,-0.03,-0.12,0.14,-0.98
99.80,L_LittleProximal,-18.90,56.40,83.14,-0.05,-0.18,-0.37,-0.91
99.81,Main Camera,1.69,127.61,81.49,0.07,-0.04,-0.02,1.00
99.81,R_Palm,36.69,76.21,102.92,0.02,-0.09,0.08,-0.99
99.81,R_ThumbTip,29.44,76.15,109.16,0.10,0.18,-0.47,-0.86
99.81,R_IndexTip,36.52,74.92,115.44,-0.10,-0.10,0.09,-0.99
99.81,R_MiddleTip,39.49,75.19,116.05,-0.04,-0.11,0.14,-0.98
99.81,R_RingTip,41.27,74.63,114.40,-0.07,-0.09,0.18,-0.98
99.81,R_LittleTip,42.51,73.99,111.16,-0.06,-0.09,0.26,-0.96
99.81,R_ThumbDistal,30.54,76.04,106.77,0.10,0.18,-0.47,-0.86
99.81,R_IndexIntermediate,35.69,75.88,110.62,-0.10,-0.07,0.08,-0.99
99.81,R_MiddleIntermediate,38.33,75.91,110.61,-0.08,-0.10,0.11,-0.99
99.81,R_RingIntermediate,40.23,75.39,109.10,-0.06,-0.12,0.17,-0.98
99.81,R_LittleIntermediate,41.62,74.72,106.80,-0.07,-0.14,0.26,-0.95
99.81,R_IndexProximal,35.15,76.39,106.63,-0.06,-0.07,0.05,-0.99
99.81,R_MiddleProximal,37.48,76.52,106.14,-0.06,-0.10,0.09,-0.99
99.81,R_ThumbProximal,31.21,76.06,103.22,0.04,0.09,-0.41,-0.91
99.81,R_RingProximal,39.27,75.76,105.06,-0.03,-0.12,0.14,-0.98
99.81,L_LittleProximal,-18.96,56.28,83.23,-0.05,-0.18,-0.37,-0.91
99.82,Main Camera,1.75,127.59,81.47,0.07,-0.04,-0.02,1.00
99.82,R_Palm,36.69,76.20,102.93,0.02,-0.09,0.08,-0.99
99.82,R_ThumbTip,29.43,76.14,109.16,0.10,0.18,-0.47,-0.86
99.82,R_IndexTip,36.52,74.91,115.45,-0.10,-0.10,0.09,-0.99
99.82,R_MiddleTip,39.49,75.18,116.06,-0.04,-0.11,0.14,-0.98
99.82,R_RingTip,41.27,74.62,114.41,-0.07,-0.09,0.18,-0.98
99.82,R_LittleTip,42.52,73.98,111.17,-0.06,-0.09,0.26,-0.96
99.82,R_ThumbDistal,30.54,76.03,106.77,0.10,0.18,-0.47,-0.86
99.82,R_IndexIntermediate,35.69,75.87,110.63,-0.10,-0.07,0.08,-0.99
99.82,R_MiddleIntermediate,38.33,75.90,110.62,-0.08,-0.10,0.11,-0.99
99.82,R_RingIntermediate,40.23,75.39,109.11,-0.06,-0.12,0.17,-0.98
99.82,R_LittleIntermediate,41.63,74.71,106.81,-0.07,-0.14,0.26,-0.95
99.82,R_IndexProximal,35.15,76.38,106.64,-0.06,-0.07,0.05,-0.99
99.82,R_MiddleProximal,37.48,76.51,106.15,-0.06,-0.10,0.09,-0.99
99.82,R_ThumbProximal,31.21,76.05,103.22,0.04,0.09,-0.41,-0.91
99.82,R_RingProximal,39.27,75.74,105.07,-0.03,-0.12,0.14,-0.98
99.82,L_LittleProximal,-19.07,55.94,83.23,-0.05,-0.18,-0.37,-0.91
99.84,Main Camera,1.82,127.57,81.47,0.07,-0.03,-0.03,1.00
99.84,R_Palm,36.68,76.22,102.94,0.02,-0.09,0.08,-0.99
99.84,R_ThumbTip,29.42,76.15,109.17,0.10,0.18,-0.47,-0.86
99.84,R_IndexTip,36.51,74.93,115.46,-0.10,-0.10,0.09,-0.99
99.84,R_MiddleTip,39.48,75.19,116.07,-0.04,-0.11,0.14,-0.98
99.84,R_RingTip,41.27,74.64,114.41,-0.07,-0.09,0.18,-0.98
99.84,R_LittleTip,42.52,74.01,111.18,-0.06,-0.09,0.26,-0.96
99.84,R_ThumbDistal,30.52,76.05,106.78,0.10,0.18,-0.47,-0.86
99.84,R_IndexIntermediate,35.68,75.89,110.63,-0.10,-0.07,0.08,-0.99
99.84,R_MiddleIntermediate,38.33,75.92,110.63,-0.08,-0.10,0.11,-0.99
99.84,R_RingIntermediate,40.22,75.41,109.12,-0.06,-0.12,0.17,-0.98
99.84,R_LittleIntermediate,41.62,74.73,106.81,-0.07,-0.14,0.26,-0.95
99.84,R_IndexProximal,35.14,76.40,106.65,-0.06,-0.07,0.05,-0.99
99.84,R_MiddleProximal,37.48,76.53,106.15,-0.06,-0.10,0.09,-0.99
99.84,R_ThumbProximal,31.20,76.08,103.23,0.04,0.09,-0.41,-0.91
99.84,R_RingProximal,39.26,75.76,105.07,-0.03,-0.12,0.14,-0.98
99.84,L_LittleProximal,-19.04,55.87,83.26,-0.05,-0.18,-0.37,-0.91
99.85,Main Camera,1.87,127.56,81.48,0.07,-0.03,-0.03,1.00
99.85,R_Palm,36.67,76.25,102.93,0.02,-0.09,0.08,-0.99
99.85,R_ThumbTip,29.41,76.18,109.17,0.09,0.18,-0.47,-0.86
99.85,R_IndexTip,36.50,74.96,115.46,-0.10,-0.10,0.09,-0.99
99.85,R_MiddleTip,39.47,75.22,116.06,-0.04,-0.11,0.14,-0.98
99.85,R_RingTip,41.26,74.67,114.41,-0.07,-0.09,0.18,-0.98
99.85,R_LittleTip,42.51,74.05,111.17,-0.06,-0.09,0.26,-0.96
99.85,R_ThumbDistal,30.50,76.08,106.77,0.09,0.18,-0.47,-0.86
99.85,R_IndexIntermediate,35.66,75.92,110.63,-0.10,-0.07,0.08,-0.99
99.85,R_MiddleIntermediate,38.31,75.95,110.62,-0.08,-0.10,0.11,-0.99
99.85,R_RingIntermediate,40.21,75.44,109.11,-0.06,-0.12,0.17,-0.98
99.85,R_LittleIntermediate,41.61,74.77,106.81,-0.07,-0.14,0.26,-0.95
99.85,R_IndexProximal,35.13,76.43,106.64,-0.06,-0.07,0.05,-0.99
99.85,R_MiddleProximal,37.46,76.56,106.15,-0.06,-0.10,0.09,-0.99
99.85,R_ThumbProximal,31.18,76.11,103.22,0.04,0.09,-0.41,-0.91
99.85,R_RingProximal,39.25,75.79,105.07,-0.03,-0.12,0.14,-0.98
99.85,L_LittleProximal,-19.04,55.60,83.21,-0.06,-0.18,-0.37,-0.91
99.87,Main Camera,1.92,127.55,81.49,0.07,-0.03,-0.03,1.00
99.87,R_Palm,36.65,76.26,102.94,0.02,-0.09,0.08,-0.99
99.87,R_ThumbTip,29.39,76.19,109.17,0.09,0.18,-0.47,-0.86
99.87,R_IndexTip,36.49,74.96,115.46,-0.10,-0.10,0.09,-0.99
99.87,R_MiddleTip,39.46,75.22,116.06,-0.04,-0.11,0.14,-0.98
99.87,R_RingTip,41.25,74.67,114.41,-0.08,-0.09,0.18,-0.98
99.87,R_LittleTip,42.50,74.05,111.17,-0.06,-0.09,0.26,-0.96
99.87,R_ThumbDistal,30.49,76.09,106.78,0.09,0.18,-0.47,-0.86
99.87,R_IndexIntermediate,35.65,75.92,110.64,-0.10,-0.07,0.08,-0.99
99.87,R_MiddleIntermediate,38.30,75.95,110.62,-0.09,-0.10,0.11,-0.99
99.87,R_RingIntermediate,40.20,75.45,109.12,-0.06,-0.12,0.17,-0.98
99.87,R_LittleIntermediate,41.60,74.78,106.81,-0.07,-0.14,0.26,-0.95
99.87,R_IndexProximal,35.11,76.43,106.65,-0.06,-0.07,0.05,-0.99
99.87,R_MiddleProximal,37.45,76.57,106.15,-0.06,-0.10,0.09,-0.99
99.87,R_ThumbProximal,31.17,76.12,103.23,0.03,0.09,-0.41,-0.91
99.87,R_RingProximal,39.24,75.80,105.07,-0.03,-0.12,0.14,-0.98
99.87,L_LittleProximal,-19.12,55.35,83.12,-0.06,-0.18,-0.37,-0.91
99.88,Main Camera,1.96,127.56,81.50,0.07,-0.03,-0.03,1.00
99.88,R_Palm,36.62,76.28,102.92,0.02,-0.09,0.08,-0.99
99.88,R_ThumbTip,29.36,76.20,109.16,0.09,0.18,-0.47,-0.86
99.88,R_IndexTip,36.45,74.97,115.45,-0.10,-0.10,0.09,-0.99
99.88,R_MiddleTip,39.43,75.23,116.05,-0.04,-0.11,0.14,-0.98
99.88,R_RingTip,41.22,74.68,114.39,-0.08,-0.09,0.18,-0.98
99.88,R_LittleTip,42.48,74.07,111.15,-0.07,-0.09,0.26,-0.96
99.88,R_ThumbDistal,30.46,76.10,106.77,0.09,0.18,-0.47,-0.86
99.88,R_IndexIntermediate,35.62,75.93,110.62,-0.10,-0.07,0.08,-0.99
99.88,R_MiddleIntermediate,38.27,75.96,110.61,-0.09,-0.10,0.11,-0.99
99.88,R_RingIntermediate,40.17,75.46,109.10,-0.06,-0.12,0.17,-0.98
99.88,R_LittleIntermediate,41.58,74.80,106.79,-0.07,-0.14,0.25,-0.95
99.88,R_IndexProximal,35.09,76.45,106.63,-0.06,-0.07,0.05,-0.99
99.88,R_MiddleProximal,37.42,76.58,106.14,-0.06,-0.10,0.09,-0.99
99.88,R_ThumbProximal,31.14,76.13,103.21,0.03,0.09,-0.41,-0.91
99.88,R_RingProximal,39.21,75.82,105.06,-0.03,-0.12,0.14,-0.98
99.88,L_LittleProximal,-19.10,55.14,83.00,-0.06,-0.18,-0.37,-0.91
99.89,Main Camera,1.99,127.55,81.51,0.07,-0.03,-0.03,1.00
99.89,R_Palm,36.59,76.30,102.91,0.02,-0.09,0.08,-0.99
99.89,R_ThumbTip,29.32,76.21,109.15,0.09,0.18,-0.47,-0.86
99.89,R_IndexTip,36.41,74.98,115.43,-0.10,-0.10,0.09,-0.99
99.89,R_MiddleTip,39.39,75.24,116.03,-0.04,-0.11,0.14,-0.98
99.89,R_RingTip,41.18,74.69,114.37,-0.08,-0.09,0.18,-0.98
99.89,R_LittleTip,42.45,74.09,111.13,-0.07,-0.09,0.26,-0.96
99.89,R_ThumbDistal,30.42,76.12,106.75,0.09,0.18,-0.47,-0.86
99.89,R_IndexIntermediate,35.58,75.95,110.61,-0.10,-0.07,0.08,-0.99
99.89,R_MiddleIntermediate,38.23,75.98,110.60,-0.09,-0.10,0.11,-0.99
99.89,R_RingIntermediate,40.13,75.48,109.09,-0.06,-0.12,0.17,-0.98
99.89,R_LittleIntermediate,41.54,74.82,106.77,-0.07,-0.14,0.25,-0.95
99.89,R_IndexProximal,35.05,76.46,106.62,-0.06,-0.07,0.05,-0.99
99.89,R_MiddleProximal,37.38,76.60,106.13,-0.06,-0.10,0.09,-0.99
99.89,R_ThumbProximal,31.10,76.15,103.20,0.03,0.09,-0.41,-0.91
99.89,R_RingProximal,39.17,75.84,105.04,-0.03,-0.12,0.14,-0.98
99.89,L_LittleProximal,-19.08,54.93,82.89,-0.06,-0.18,-0.37,-0.91
99.91,Main Camera,2.01,127.56,81.51,0.07,-0.03,-0.03,1.00
99.91,R_Palm,36.57,76.33,102.88,0.02,-0.09,0.08,-0.99
99.91,R_ThumbTip,29.30,76.24,109.12,0.09,0.18,-0.47,-0.86
99.91,R_IndexTip,36.39,75.00,115.41,-0.10,-0.10,0.09,-0.99
99.91,R_MiddleTip,39.37,75.26,116.01,-0.04,-0.11,0.14,-0.98
99.91,R_RingTip,41.16,74.71,114.35,-0.08,-0.09,0.18,-0.98
99.91,R_LittleTip,42.44,74.11,111.10,-0.07,-0.09,0.26,-0.96
99.91,R_ThumbDistal,30.40,76.15,106.73,0.09,0.18,-0.47,-0.86
99.91,R_IndexIntermediate,35.56,75.97,110.58,-0.10,-0.07,0.08,-0.99
99.91,R_MiddleIntermediate,38.21,76.00,110.57,-0.09,-0.10,0.11,-0.99
99.91,R_RingIntermediate,40.12,75.50,109.06,-0.06,-0.12,0.17,-0.98
99.91,R_LittleIntermediate,41.52,74.84,106.74,-0.07,-0.14,0.25,-0.95
99.91,R_IndexProximal,35.03,76.49,106.60,-0.06,-0.07,0.05,-0.99
99.91,R_MiddleProximal,37.37,76.63,106.10,-0.06,-0.10,0.09,-0.99
99.91,R_ThumbProximal,31.08,76.18,103.18,0.03,0.09,-0.41,-0.91
99.91,R_RingProximal,39.15,75.87,105.02,-0.03,-0.12,0.14,-0.98
99.91,L_LittleProximal,-19.10,54.91,82.86,-0.06,-0.18,-0.37,-0.91
99.92,Main Camera,2.03,127.57,81.52,0.07,-0.03,-0.03,1.00
99.92,R_Palm,36.55,76.36,102.90,0.02,-0.09,0.08,-0.99
99.92,R_ThumbTip,29.29,76.26,109.14,0.09,0.18,-0.47,-0.86
99.92,R_IndexTip,36.37,75.03,115.43,-0.10,-0.10,0.09,-0.99
99.92,R_MiddleTip,39.35,75.28,116.02,-0.04,-0.11,0.14,-0.98
99.92,R_RingTip,41.15,74.73,114.36,-0.08,-0.09,0.18,-0.98
99.92,R_LittleTip,42.43,74.14,111.12,-0.07,-0.10,0.26,-0.96
99.92,R_ThumbDistal,30.39,76.17,106.75,0.09,0.18,-0.47,-0.86
99.92,R_IndexIntermediate,35.55,76.00,110.60,-0.10,-0.07,0.08,-0.99
99.92,R_MiddleIntermediate,38.19,76.02,110.59,-0.09,-0.10,0.11,-0.99
99.92,R_RingIntermediate,40.10,75.53,109.07,-0.06,-0.12,0.17,-0.98
99.92,R_LittleIntermediate,41.51,74.87,106.76,-0.07,-0.14,0.25,-0.95
99.92,R_IndexProximal,35.02,76.52,106.61,-0.06,-0.07,0.05,-0.99
99.92,R_MiddleProximal,37.35,76.66,106.12,-0.06,-0.10,0.09,-0.99
99.92,R_ThumbProximal,31.06,76.21,103.20,0.03,0.09,-0.41,-0.91
99.92,R_RingProximal,39.14,75.90,105.03,-0.03,-0.12,0.14,-0.98
99.92,L_LittleProximal,-19.10,54.93,82.86,-0.06,-0.18,-0.37,-0.91
99.94,Main Camera,2.05,127.59,81.53,0.07,-0.03,-0.03,1.00
99.94,R_Palm,36.52,76.40,102.89,0.02,-0.09,0.08,-0.99
99.94,R_ThumbTip,29.26,76.30,109.13,0.09,0.18,-0.47,-0.86
99.94,R_IndexTip,36.34,75.06,115.41,-0.10,-0.10,0.09,-0.99
99.94,R_MiddleTip,39.32,75.31,116.01,-0.04,-0.11,0.14,-0.98
99.94,R_RingTip,41.12,74.76,114.35,-0.08,-0.09,0.18,-0.98
99.94,R_LittleTip,42.40,74.17,111.10,-0.07,-0.10,0.26,-0.96
99.94,R_ThumbDistal,30.36,76.21,106.74,0.09,0.18,-0.47,-0.86
99.94,R_IndexIntermediate,35.52,76.03,110.59,-0.10,-0.07,0.08,-0.99
99.94,R_MiddleIntermediate,38.16,76.06,110.57,-0.09,-0.10,0.11,-0.99
99.94,R_RingIntermediate,40.07,75.56,109.06,-0.06,-0.12,0.17,-0.98
99.94,R_LittleIntermediate,41.48,74.91,106.75,-0.07,-0.15,0.25,-0.95
99.94,R_IndexProximal,34.99,76.56,106.60,-0.06,-0.07,0.05,-0.99
99.94,R_MiddleProximal,37.32,76.70,106.11,-0.06,-0.10,0.09,-0.99
99.94,R_ThumbProximal,31.03,76.24,103.19,0.03,0.09,-0.41,-0.91
99.94,R_RingProximal,39.11,75.94,105.02,-0.03,-0.12,0.14,-0.98
99.94,L_LittleProximal,-18.98,55.29,82.99,-0.05,-0.18,-0.37,-0.91
99.95,Main Camera,2.05,127.61,81.54,0.07,-0.03,-0.03,1.00
99.95,R_Palm,36.47,76.46,102.89,0.02,-0.09,0.08,-0.99
99.95,R_ThumbTip,29.20,76.36,109.13,0.10,0.18,-0.47,-0.86
99.95,R_IndexTip,36.29,75.11,115.42,-0.10,-0.10,0.09,-0.99
99.95,R_MiddleTip,39.26,75.34,116.01,-0.04,-0.11,0.14,-0.98
99.95,R_RingTip,41.07,74.81,114.35,-0.08,-0.09,0.18,-0.98
99.95,R_LittleTip,42.36,74.23,111.11,-0.07,-0.10,0.26,-0.96
99.95,R_ThumbDistal,30.31,76.27,106.74,0.10,0.18,-0.47,-0.86
99.95,R_IndexIntermediate,35.47,76.09,110.59,-0.10,-0.07,0.08,-0.99
99.95,R_MiddleIntermediate,38.11,76.10,110.58,-0.09,-0.10,0.11,-0.99
99.95,R_RingIntermediate,40.02,75.62,109.06,-0.06,-0.12,0.17,-0.98
99.95,R_LittleIntermediate,41.44,74.97,106.75,-0.07,-0.15,0.25,-0.95
99.95,R_IndexProximal,34.94,76.62,106.60,-0.06,-0.07,0.05,-0.99
99.95,R_MiddleProximal,37.27,76.76,106.11,-0.06,-0.10,0.09,-0.99
99.95,R_ThumbProximal,30.98,76.30,103.19,0.03,0.09,-0.41,-0.91
99.95,R_RingProximal,39.06,76.00,105.02,-0.03,-0.12,0.14,-0.98
99.95,L_LittleProximal,-19.02,55.44,83.03,-0.04,-0.18,-0.37,-0.91
99.96,Main Camera,2.09,127.60,81.54,0.07,-0.03,-0.03,1.00
99.96,R_Palm,36.44,76.53,102.89,0.02,-0.09,0.08,-0.99
99.96,R_ThumbTip,29.16,76.43,109.12,0.10,0.18,-0.47,-0.86
99.96,R_IndexTip,36.25,75.18,115.41,-0.10,-0.10,0.09,-0.99
99.96,R_MiddleTip,39.22,75.39,116.00,-0.04,-0.11,0.14,-0.98
99.96,R_RingTip,41.04,74.87,114.34,-0.08,-0.09,0.18,-0.98
99.96,R_LittleTip,42.33,74.30,111.10,-0.07,-0.10,0.26,-0.96
99.96,R_ThumbDistal,30.27,76.33,106.74,0.10,0.18,-0.47,-0.86
99.96,R_IndexIntermediate,35.43,76.16,110.59,-0.10,-0.07,0.08,-0.99
99.96,R_MiddleIntermediate,38.07,76.16,110.57,-0.09,-0.10,0.11,-0.99
99.96,R_RingIntermediate,39.99,75.68,109.06,-0.07,-0.12,0.17,-0.98
99.96,R_LittleIntermediate,41.40,75.04,106.74,-0.07,-0.15,0.25,-0.95
99.96,R_IndexProximal,34.90,76.69,106.60,-0.06,-0.07,0.05,-0.99
99.96,R_MiddleProximal,37.24,76.83,106.10,-0.06,-0.10,0.09,-0.99
99.96,R_ThumbProximal,30.95,76.37,103.19,0.03,0.09,-0.41,-0.91
99.96,R_RingProximal,39.02,76.07,105.02,-0.03,-0.12,0.14,-0.98
99.96,L_LittleProximal,-19.09,55.64,83.14,-0.03,-0.17,-0.37,-0.91
99.98,Main Camera,2.08,127.62,81.56,0.07,-0.03,-0.03,1.00
99.98,R_Palm,36.40,76.60,102.88,0.02,-0.10,0.08,-0.99
99.98,R_ThumbTip,29.11,76.50,109.12,0.10,0.18,-0.47,-0.86
99.98,R_IndexTip,36.21,75.23,115.40,-0.10,-0.10,0.09,-0.99
99.98,R_MiddleTip,39.18,75.43,115.99,-0.04,-0.11,0.14,-0.98
99.98,R_RingTip,41.00,74.93,114.33,-0.08,-0.09,0.18,-0.98
99.98,R_LittleTip,42.30,74.37,111.09,-0.07,-0.10,0.26,-0.96
99.98,R_ThumbDistal,30.23,76.39,106.74,0.10,0.18,-0.47,-0.86
99.98,R_IndexIntermediate,35.39,76.22,110.58,-0.10,-0.07,0.08,-0.99
99.98,R_MiddleIntermediate,38.04,76.22,110.56,-0.09,-0.10,0.11,-0.98
99.98,R_RingIntermediate,39.95,75.75,109.05,-0.07,-0.12,0.17,-0.98
99.98,R_LittleIntermediate,41.37,75.11,106.73,-0.07,-0.15,0.25,-0.95
99.98,R_IndexProximal,34.87,76.76,106.59,-0.06,-0.07,0.05,-0.99
99.98,R_MiddleProximal,37.20,76.90,106.09,-0.07,-0.10,0.09,-0.99
99.98,R_ThumbProximal,30.91,76.43,103.18,0.03,0.09,-0.41,-0.91
99.98,R_RingProximal,38.99,76.14,105.01,-0.03,-0.12,0.14,-0.98
99.98,L_LittleProximal,-19.17,55.84,83.25,-0.02,-0.17,-0.37,-0.91
99.99,Main Camera,2.07,127.65,81.57,0.07,-0.03,-0.03,1.00
99.99,R_Palm,36.38,76.63,102.87,0.02,-0.09,0.08,-0.99
99.99,R_ThumbTip,29.09,76.52,109.11,0.10,0.18,-0.47,-0.86
99.99,R_IndexTip,36.19,75.25,115.39,-0.10,-0.10,0.09,-0.99
99.99,R_MiddleTip,39.16,75.45,115.98,-0.04,-0.11,0.14,-0.98
99.99,R_RingTip,40.99,74.96,114.32,-0.08,-0.09,0.18,-0.98
99.99,R_LittleTip,42.29,74.41,111.08,-0.07,-0.10,0.26,-0.96
99.99,R_ThumbDistal,30.22,76.42,106.73,0.10,0.18,-0.47,-0.86
99.99,R_IndexIntermediate,35.37,76.24,110.57,-0.11,-0.07,0.08,-0.99
99.99,R_MiddleIntermediate,38.02,76.25,110.55,-0.09,-0.10,0.11,-0.98
99.99,R_RingIntermediate,39.93,75.78,109.04,-0.07,-0.12,0.17,-0.98
99.99,R_LittleIntermediate,41.35,75.15,106.72,-0.07,-0.15,0.25,-0.95
99.99,R_IndexProximal,34.85,76.79,106.59,-0.06,-0.07,0.05,-0.99
99.99,R_MiddleProximal,37.18,76.94,106.09,-0.07,-0.10,0.09,-0.99
99.99,R_ThumbProximal,30.89,76.46,103.18,0.03,0.09,-0.41,-0.91
99.99,R_RingProximal,38.97,76.18,105.00,-0.03,-0.12,0.13,-0.98
99.99,L_LittleProximal,-19.23,55.88,83.16,-0.02,-0.17,-0.37,-0.91
100.01,Main Camera,2.04,127.68,81.57,0.07,-0.03,-0.03,1.00
100.01,R_Palm,36.39,76.64,102.84,0.02,-0.10,0.07,-0.99
100.01,R_ThumbTip,29.10,76.49,109.08,0.10,0.18,-0.47,-0.86
100.01,R_IndexTip,36.21,75.23,115.36,-0.10,-0.10,0.09,-0.99
100.01,R_MiddleTip,39.18,75.44,115.95,-0.04,-0.11,0.14,-0.98
100.01,R_RingTip,41.01,74.94,114.29,-0.08,-0.09,0.18,-0.98
100.01,R_LittleTip,42.31,74.41,111.04,-0.07,-0.10,0.26,-0.96
100.01,R_ThumbDistal,30.23,76.40,106.70,0.10,0.18,-0.47,-0.86
100.01,R_IndexIntermediate,35.39,76.23,110.54,-0.11,-0.07,0.08,-0.99
100.01,R_MiddleIntermediate,38.03,76.24,110.52,-0.09,-0.10,0.11,-0.98
100.01,R_RingIntermediate,39.95,75.78,109.01,-0.07,-0.12,0.17,-0.98
100.01,R_LittleIntermediate,41.37,75.15,106.69,-0.07,-0.15,0.25,-0.95
100.01,R_IndexProximal,34.86,76.79,106.56,-0.07,-0.07,0.05,-0.99
100.01,R_MiddleProximal,37.19,76.94,106.06,-0.07,-0.10,0.09,-0.99
100.01,R_ThumbProximal,30.90,76.45,103.15,0.03,0.09,-0.41,-0.91
100.01,R_RingProximal,38.98,76.18,104.97,-0.03,-0.12,0.13,-0.98
100.01,L_LittleProximal,-19.22,55.90,83.16,-0.02,-0.17,-0.37,-0.91
100.02,Main Camera,2.02,127.72,81.57,0.07,-0.03,-0.03,1.00
100.02,R_Palm,36.38,76.64,102.85,0.02,-0.10,0.07,-0.99
100.02,R_ThumbTip,29.10,76.45,109.09,0.10,0.19,-0.48,-0.85
100.02,R_IndexTip,36.21,75.20,115.37,-0.10,-0.10,0.09,-0.99
100.02,R_MiddleTip,39.17,75.41,115.96,-0.04,-0.11,0.14,-0.98
100.02,R_RingTip,41.00,74.92,114.29,-0.08,-0.09,0.18,-0.98
100.02,R_LittleTip,42.31,74.41,111.05,-0.07,-0.10,0.25,-0.96
100.02,R_ThumbDistal,30.22,76.37,106.71,0.10,0.19,-0.48,-0.85
100.02,R_IndexIntermediate,35.38,76.21,110.55,-0.11,-0.07,0.08,-0.99
100.02,R_MiddleIntermediate,38.02,76.22,110.53,-0.09,-0.10,0.10,-0.99
100.02,R_RingIntermediate,39.94,75.77,109.02,-0.07,-0.12,0.17,-0.98
100.02,R_LittleIntermediate,41.37,75.16,106.70,-0.07,-0.15,0.25,-0.95
100.02,R_IndexProximal,34.85,76.77,106.57,-0.07,-0.07,0.05,-0.99
100.02,R_MiddleProximal,37.18,76.93,106.07,-0.07,-0.10,0.09,-0.99
100.02,R_ThumbProximal,30.90,76.43,103.16,0.03,0.09,-0.41,-0.91
100.02,R_RingProximal,38.98,76.19,104.98,-0.03,-0.12,0.13,-0.98
100.02,L_LittleProximal,-19.07,56.09,83.22,-0.02,-0.17,-0.37,-0.91
100.03,Main Camera,1.96,127.78,81.56,0.07,-0.03,-0.03,1.00
100.03,R_Palm,36.39,76.63,102.85,0.02,-0.10,0.07,-0.99
100.03,R_ThumbTip,29.11,76.40,109.09,0.09,0.19,-0.48,-0.85
100.03,R_IndexTip,36.23,75.16,115.36,-0.10,-0.10,0.09,-0.99
100.03,R_MiddleTip,39.19,75.38,115.95,-0.05,-0.11,0.14,-0.98
100.03,R_RingTip,41.02,74.90,114.29,-0.08,-0.09,0.18,-0.98
100.03,R_LittleTip,42.34,74.41,111.04,-0.07,-0.10,0.25,-0.96
100.03,R_ThumbDistal,30.24,76.32,106.71,0.09,0.19,-0.48,-0.85
100.03,R_IndexIntermediate,35.39,76.17,110.55,-0.11,-0.07,0.07,-0.99
100.03,R_MiddleIntermediate,38.04,76.20,110.53,-0.09,-0.10,0.10,-0.99
100.03,R_RingIntermediate,39.96,75.76,109.01,-0.07,-0.12,0.17,-0.98
100.03,R_LittleIntermediate,41.39,75.16,106.69,-0.07,-0.15,0.25,-0.95
100.03,R_IndexProximal,34.86,76.75,106.57,-0.07,-0.07,0.05,-0.99
100.03,R_MiddleProximal,37.19,76.92,106.07,-0.07,-0.10,0.09,-0.99
100.03,R_ThumbProximal,30.91,76.40,103.16,0.03,0.09,-0.41,-0.91
100.03,R_RingProximal,38.99,76.19,104.98,-0.04,-0.12,0.13,-0.98
100.03,L_LittleProximal,-19.10,56.21,83.24,-0.02,-0.17,-0.37,-0.91
100.05,Main Camera,1.92,127.81,81.56,0.07,-0.03,-0.03,1.00
100.05,R_Palm,36.39,76.62,102.85,0.02,-0.10,0.07,-0.99
100.05,R_ThumbTip,29.11,76.37,109.09,0.09,0.19,-0.48,-0.85
100.05,R_IndexTip,36.24,75.13,115.36,-0.10,-0.10,0.09,-0.99
100.05,R_MiddleTip,39.19,75.35,115.95,-0.05,-0.11,0.13,-0.98
100.05,R_RingTip,41.03,74.88,114.28,-0.08,-0.09,0.18,-0.98
100.05,R_LittleTip,42.35,74.40,111.03,-0.07,-0.10,0.25,-0.96
100.05,R_ThumbDistal,30.24,76.30,106.71,0.09,0.19,-0.48,-0.85
100.05,R_IndexIntermediate,35.40,76.15,110.55,-0.11,-0.08,0.07,-0.99
100.05,R_MiddleIntermediate,38.04,76.18,110.52,-0.10,-0.10,0.10,-0.99
100.05,R_RingIntermediate,39.96,75.75,109.01,-0.07,-0.12,0.17,-0.98
100.05,R_LittleIntermediate,41.39,75.16,106.69,-0.07,-0.15,0.25,-0.95
100.05,R_IndexProximal,34.86,76.74,106.57,-0.07,-0.07,0.05,-0.99
100.05,R_MiddleProximal,37.19,76.91,106.07,-0.07,-0.10,0.09,-0.99
100.05,R_ThumbProximal,30.91,76.38,103.16,0.03,0.09,-0.41,-0.91
100.05,R_RingProximal,38.99,76.18,104.97,-0.04,-0.12,0.13,-0.98
100.05,L_LittleProximal,-19.12,56.23,83.20,-0.02,-0.17,-0.37,-0.91
100.06,Main Camera,1.89,127.84,81.57,0.07,-0.04,-0.03,1.00
100.06,R_Palm,36.39,76.62,102.85,0.02,-0.10,0.07,-0.99
100.06,R_ThumbTip,29.11,76.34,109.09,0.09,0.19,-0.48,-0.85
100.06,R_IndexTip,36.24,75.10,115.35,-0.10,-0.10,0.09,-0.99
100.06,R_MiddleTip,39.19,75.33,115.94,-0.05,-0.11,0.13,-0.98
100.06,R_RingTip,41.03,74.86,114.28,-0.09,-0.09,0.18,-0.98
100.06,R_LittleTip,42.35,74.39,111.03,-0.07,-0.10,0.25,-0.96
100.06,R_ThumbDistal,30.24,76.27,106.71,0.09,0.19,-0.48,-0.85
100.06,R_IndexIntermediate,35.40,76.13,110.54,-0.11,-0.08,0.07,-0.99
100.06,R_MiddleIntermediate,38.03,76.16,110.52,-0.10,-0.10,0.10,-0.99
100.06,R_RingIntermediate,39.96,75.74,109.00,-0.07,-0.12,0.17,-0.98
100.06,R_LittleIntermediate,41.39,75.16,106.68,-0.07,-0.15,0.25,-0.95
100.06,R_IndexProximal,34.86,76.73,106.56,-0.07,-0.07,0.04,-0.99
100.06,R_MiddleProximal,37.19,76.90,106.07,-0.07,-0.10,0.09,-0.99
100.06,R_ThumbProximal,30.91,76.36,103.16,0.03,0.09,-0.41,-0.91
100.06,R_RingProximal,38.99,76.18,104.97,-0.04,-0.12,0.13,-0.98
100.06,L_LittleProximal,-19.14,56.25,83.17,-0.02,-0.17,-0.37,-0.91
100.07,Main Camera,1.85,127.87,81.57,0.07,-0.04,-0.03,1.00
100.07,R_Palm,36.39,76.62,102.85,0.02,-0.10,0.07,-0.99
100.07,R_ThumbTip,29.11,76.33,109.09,0.09,0.19,-0.48,-0.85
100.07,R_IndexTip,36.25,75.10,115.35,-0.10,-0.10,0.09,-0.99
100.07,R_MiddleTip,39.19,75.33,115.94,-0.05,-0.11,0.13,-0.98
100.07,R_RingTip,41.03,74.86,114.28,-0.09,-0.09,0.18,-0.98
100.07,R_LittleTip,42.35,74.40,111.03,-0.07,-0.10,0.25,-0.96
100.07,R_ThumbDistal,30.24,76.27,106.71,0.09,0.19,-0.48,-0.85
100.07,R_IndexIntermediate,35.40,76.13,110.54,-0.11,-0.08,0.07,-0.99
100.07,R_MiddleIntermediate,38.03,76.16,110.52,-0.10,-0.10,0.10,-0.99
100.07,R_RingIntermediate,39.96,75.74,109.01,-0.07,-0.12,0.17,-0.98
100.07,R_LittleIntermediate,41.39,75.16,106.68,-0.07,-0.15,0.25,-0.95
100.07,R_IndexProximal,34.86,76.73,106.57,-0.07,-0.07,0.04,-0.99
100.07,R_MiddleProximal,37.19,76.91,106.07,-0.07,-0.10,0.09,-0.99
100.07,R_ThumbProximal,30.91,76.36,103.16,0.03,0.09,-0.41,-0.91
100.07,R_RingProximal,38.99,76.18,104.97,-0.04,-0.12,0.13,-0.98
100.07,L_LittleProximal,-19.12,56.23,83.16,-0.02,-0.17,-0.37,-0.91
100.09,Main Camera,1.81,127.90,81.57,0.06,-0.04,-0.03,1.00
100.09,R_Palm,36.38,76.62,102.85,0.02,-0.10,0.07,-0.99
100.09,R_ThumbTip,29.11,76.32,109.09,0.09,0.19,-0.48,-0.85
100.09,R_IndexTip,36.25,75.09,115.35,-0.10,-0.10,0.09,-0.99
100.09,R_MiddleTip,39.18,75.31,115.94,-0.05,-0.11,0.13,-0.98
100.09,R_RingTip,41.02,74.85,114.27,-0.09,-0.09,0.18,-0.98
100.09,R_LittleTip,42.34,74.39,111.02,-0.07,-0.10,0.25,-0.96
100.09,R_ThumbDistal,30.23,76.26,106.71,0.09,0.19,-0.48,-0.85
100.09,R_IndexIntermediate,35.39,76.13,110.54,-0.11,-0.08,0.07,-0.99
100.09,R_MiddleIntermediate,38.02,76.15,110.52,-0.10,-0.10,0.10,-0.99
100.09,R_RingIntermediate,39.95,75.73,109.00,-0.07,-0.12,0.17,-0.98
100.09,R_LittleIntermediate,41.38,75.16,106.68,-0.07,-0.15,0.25,-0.95
100.09,R_IndexProximal,34.85,76.72,106.56,-0.07,-0.07,0.04,-0.99
100.09,R_MiddleProximal,37.18,76.90,106.06,-0.07,-0.10,0.09,-0.99
100.09,R_ThumbProximal,30.90,76.35,103.16,0.03,0.09,-0.41,-0.91
100.09,R_RingProximal,38.98,76.18,104.97,-0.04,-0.12,0.13,-0.98
100.09,L_LittleProximal,-19.01,56.03,83.14,-0.02,-0.16,-0.37,-0.91
100.10,Main Camera,1.76,127.91,81.57,0.06,-0.04,-0.02,1.00
100.10,R_Palm,36.37,76.64,102.84,0.02,-0.10,0.07,-0.99
100.10,R_ThumbTip,29.09,76.35,109.09,0.09,0.19,-0.48,-0.85
100.10,R_IndexTip,36.24,75.11,115.34,-0.10,-0.10,0.09,-0.99
100.10,R_MiddleTip,39.17,75.33,115.93,-0.05,-0.11,0.13,-0.98
100.10,R_RingTip,41.00,74.87,114.27,-0.09,-0.09,0.18,-0.98
100.10,R_LittleTip,42.33,74.41,111.02,-0.07,-0.10,0.25,-0.96
100.10,R_ThumbDistal,30.22,76.29,106.71,0.09,0.19,-0.48,-0.85
100.10,R_IndexIntermediate,35.38,76.15,110.53,-0.11,-0.08,0.07,-0.99
100.10,R_MiddleIntermediate,38.01,76.17,110.51,-0.10,-0.10,0.10,-0.98
100.10,R_RingIntermediate,39.94,75.75,109.00,-0.07,-0.12,0.17,-0.98
100.10,R_LittleIntermediate,41.36,75.17,106.67,-0.07,-0.15,0.25,-0.95
100.10,R_IndexProximal,34.84,76.75,106.56,-0.07,-0.07,0.04,-0.99
100.10,R_MiddleProximal,37.17,76.92,106.06,-0.07,-0.10,0.09,-0.99
100.10,R_ThumbProximal,30.89,76.38,103.16,0.03,0.09,-0.41,-0.91
100.10,R_RingProximal,38.96,76.20,104.96,-0.04,-0.12,0.13,-0.98
100.10,L_LittleProximal,-18.84,55.84,83.09,-0.03,-0.16,-0.37,-0.91
100.12,Main Camera,1.71,127.93,81.57,0.06,-0.04,-0.02,1.00
100.12,R_Palm,36.35,76.67,102.82,0.02,-0.10,0.07,-0.99
100.12,R_ThumbTip,29.08,76.39,109.08,0.09,0.19,-0.48,-0.85
100.12,R_IndexTip,36.22,75.14,115.32,-0.10,-0.10,0.09,-0.99
100.12,R_MiddleTip,39.15,75.36,115.92,-0.05,-0.11,0.13,-0.98
100.12,R_RingTip,40.99,74.89,114.25,-0.09,-0.09,0.18,-0.98
100.12,R_LittleTip,42.31,74.44,111.00,-0.07,-0.10,0.25,-0.96
100.12,R_ThumbDistal,30.20,76.32,106.69,0.09,0.19,-0.48,-0.85
100.12,R_IndexIntermediate,35.37,76.18,110.52,-0.11,-0.08,0.07,-0.99
100.12,R_MiddleIntermediate,37.99,76.20,110.49,-0.10,-0.10,0.10,-0.98
100.12,R_RingIntermediate,39.92,75.78,108.98,-0.07,-0.12,0.17,-0.98
100.12,R_LittleIntermediate,41.35,75.20,106.65,-0.07,-0.15,0.25,-0.95
100.12,R_IndexProximal,34.82,76.78,106.54,-0.07,-0.07,0.05,-0.99
100.12,R_MiddleProximal,37.15,76.95,106.04,-0.07,-0.10,0.09,-0.99
100.12,R_ThumbProximal,30.87,76.41,103.14,0.03,0.09,-0.41,-0.91
100.12,R_RingProximal,38.95,76.23,104.94,-0.04,-0.12,0.13,-0.98
100.12,L_LittleProximal,-18.82,55.79,83.06,-0.03,-0.16,-0.37,-0.91
100.13,Main Camera,1.67,127.95,81.57,0.06,-0.05,-0.02,1.00
100.13,R_Palm,36.32,76.72,102.80,0.02,-0.10,0.07,-0.99
100.13,R_ThumbTip,29.06,76.45,109.06,0.09,0.19,-0.48,-0.85
100.13,R_IndexTip,36.21,75.19,115.29,-0.10,-0.11,0.09,-0.99
100.13,R_MiddleTip,39.13,75.41,115.88,-0.05,-0.11,0.13,-0.98
100.13,R_RingTip,40.97,74.93,114.21,-0.09,-0.09,0.18,-0.98
100.13,R_LittleTip,42.28,74.48,110.97,-0.07,-0.10,0.25,-0.96
100.13,R_ThumbDistal,30.18,76.38,106.67,0.09,0.19,-0.48,-0.85
100.13,R_IndexIntermediate,35.35,76.23,110.49,-0.11,-0.08,0.07,-0.99
100.13,R_MiddleIntermediate,37.97,76.25,110.46,-0.10,-0.10,0.10,-0.98
100.13,R_RingIntermediate,39.90,75.82,108.95,-0.07,-0.12,0.17,-0.98
100.13,R_LittleIntermediate,41.32,75.24,106.62,-0.07,-0.15,0.25,-0.95
100.13,R_IndexProximal,34.80,76.83,106.51,-0.07,-0.07,0.05,-0.99
100.13,R_MiddleProximal,37.13,77.00,106.01,-0.07,-0.10,0.09,-0.99
100.13,R_ThumbProximal,30.84,76.47,103.12,0.03,0.09,-0.41,-0.91
100.13,R_RingProximal,38.92,76.27,104.91,-0.04,-0.12,0.13,-0.98
100.13,L_LittleProximal,-18.80,55.74,83.04,-0.03,-0.16,-0.37,-0.91
100.14,Main Camera,1.62,127.94,81.57,0.06,-0.05,-0.02,1.00
100.14,R_Palm,36.27,76.84,102.74,0.02,-0.10,0.07,-0.99
100.14,R_ThumbTip,29.02,76.63,109.02,0.09,0.18,-0.48,-0.86
100.14,R_IndexTip,36.18,75.31,115.23,-0.11,-0.11,0.09,-0.98
100.14,R_MiddleTip,39.11,75.51,115.81,-0.05,-0.11,0.14,-0.98
100.14,R_RingTip,40.94,75.03,114.14,-0.09,-0.09,0.18,-0.98
100.14,R_LittleTip,42.24,74.57,110.88,-0.07,-0.10,0.26,-0.96
100.14,R_ThumbDistal,30.14,76.55,106.64,0.09,0.18,-0.48,-0.86
100.14,R_IndexIntermediate,35.32,76.36,110.43,-0.11,-0.08,0.08,-0.99
100.14,R_MiddleIntermediate,37.94,76.36,110.40,-0.10,-0.10,0.11,-0.98
100.14,R_RingIntermediate,39.85,75.92,108.87,-0.07,-0.12,0.17,-0.97
100.14,R_LittleIntermediate,41.27,75.33,106.54,-0.07,-0.15,0.25,-0.95
100.14,R_IndexProximal,34.76,76.97,106.46,-0.07,-0.07,0.05,-0.99
100.14,R_MiddleProximal,37.09,77.12,105.95,-0.07,-0.10,0.09,-0.99
100.14,R_ThumbProximal,30.79,76.63,103.08,0.03,0.09,-0.41,-0.91
100.14,R_RingProximal,38.87,76.38,104.84,-0.04,-0.13,0.13,-0.98
100.14,L_LittleProximal,-18.86,55.73,83.01,-0.03,-0.16,-0.37,-0.91
100.16,Main Camera,1.58,127.94,81.58,0.06,-0.05,-0.02,1.00
100.16,R_Palm,36.20,76.90,102.69,0.01,-0.10,0.08,-0.99
100.16,R_ThumbTip,28.97,76.68,109.00,0.09,0.18,-0.47,-0.86
100.16,R_IndexTip,36.14,75.32,115.18,-0.11,-0.11,0.09,-0.98
100.16,R_MiddleTip,39.07,75.52,115.76,-0.05,-0.12,0.14,-0.98
100.16,R_RingTip,40.90,75.03,114.07,-0.09,-0.09,0.18,-0.97
100.16,R_LittleTip,42.19,74.59,110.81,-0.07,-0.10,0.26,-0.96
100.16,R_ThumbDistal,30.08,76.61,106.61,0.09,0.18,-0.47,-0.86
100.16,R_IndexIntermediate,35.26,76.39,110.39,-0.11,-0.08,0.08,-0.99
100.16,R_MiddleIntermediate,37.89,76.39,110.35,-0.10,-0.10,0.11,-0.98
100.16,R_RingIntermediate,39.80,75.95,108.81,-0.07,-0.12,0.17,-0.97
100.16,R_LittleIntermediate,41.20,75.37,106.48,-0.07,-0.15,0.25,-0.95
100.16,R_IndexProximal,34.70,77.02,106.42,-0.07,-0.07,0.05,-0.99
100.16,R_MiddleProximal,37.03,77.17,105.90,-0.08,-0.10,0.09,-0.99
100.16,R_ThumbProximal,30.72,76.70,103.05,0.02,0.09,-0.41,-0.91
100.16,R_RingProximal,38.80,76.43,104.79,-0.04,-0.13,0.13,-0.98
100.16,L_LittleProximal,-18.85,55.77,83.03,-0.03,-0.16,-0.37,-0.91
100.17,Main Camera,1.55,127.94,81.60,0.06,-0.05,-0.02,1.00
100.17,R_Palm,36.18,76.97,102.68,0.01,-0.10,0.08,-0.99
100.17,R_ThumbTip,28.97,76.73,109.01,0.09,0.18,-0.47,-0.86
100.17,R_IndexTip,36.16,75.34,115.16,-0.11,-0.11,0.09,-0.98
100.17,R_MiddleTip,39.09,75.53,115.73,-0.05,-0.12,0.14,-0.98
100.17,R_RingTip,40.91,75.04,114.04,-0.09,-0.09,0.18,-0.97
100.17,R_LittleTip,42.19,74.62,110.77,-0.07,-0.11,0.26,-0.96
100.17,R_ThumbDistal,30.07,76.67,106.62,0.09,0.18,-0.47,-0.86
100.17,R_IndexIntermediate,35.27,76.43,110.38,-0.12,-0.08,0.08,-0.99
100.17,R_MiddleIntermediate,37.89,76.42,110.32,-0.10,-0.11,0.11,-0.98
100.17,R_RingIntermediate,39.79,75.98,108.78,-0.08,-0.13,0.17,-0.97
100.17,R_LittleIntermediate,41.19,75.41,106.44,-0.07,-0.16,0.25,-0.95
100.17,R_IndexProximal,34.69,77.07,106.41,-0.08,-0.08,0.05,-0.99
100.17,R_MiddleProximal,37.02,77.22,105.89,-0.08,-0.10,0.09,-0.99
100.17,R_ThumbProximal,30.70,76.77,103.06,0.02,0.09,-0.41,-0.91
100.17,R_RingProximal,38.79,76.48,104.77,-0.04,-0.13,0.14,-0.98
100.17,L_LittleProximal,-18.84,55.86,83.06,-0.03,-0.16,-0.37,-0.91
100.19,Main Camera,1.51,127.95,81.62,0.06,-0.05,-0.02,1.00
100.19,R_Palm,36.18,76.99,102.67,0.01,-0.10,0.08,-0.99
100.19,R_ThumbTip,28.98,76.72,109.00,0.09,0.18,-0.47,-0.86
100.19,R_IndexTip,36.17,75.31,115.14,-0.11,-0.11,0.09,-0.98
100.19,R_MiddleTip,39.10,75.51,115.71,-0.05,-0.12,0.14,-0.98
100.19,R_RingTip,40.92,75.02,114.01,-0.09,-0.10,0.18,-0.97
100.19,R_LittleTip,42.21,74.61,110.74,-0.07,-0.11,0.26,-0.96
100.19,R_ThumbDistal,30.08,76.66,106.61,0.09,0.18,-0.47,-0.86
100.19,R_IndexIntermediate,35.27,76.41,110.36,-0.12,-0.08,0.08,-0.99
100.19,R_MiddleIntermediate,37.89,76.41,110.31,-0.10,-0.11,0.11,-0.98
100.19,R_RingIntermediate,39.80,75.98,108.76,-0.08,-0.13,0.17,-0.97
100.19,R_LittleIntermediate,41.20,75.42,106.42,-0.07,-0.16,0.25,-0.95
100.19,R_IndexProximal,34.69,77.08,106.40,-0.08,-0.08,0.05,-0.99
100.19,R_MiddleProximal,37.02,77.23,105.87,-0.08,-0.10,0.09,-0.99
100.19,R_ThumbProximal,30.70,76.78,103.05,0.02,0.09,-0.41,-0.91
100.19,R_RingProximal,38.79,76.49,104.75,-0.04,-0.13,0.13,-0.98
100.19,L_LittleProximal,-18.84,55.88,83.07,-0.03,-0.16,-0.37,-0.91
100.20,Main Camera,1.48,127.99,81.66,0.06,-0.06,-0.02,1.00
100.20,R_Palm,36.19,76.97,102.67,0.01,-0.10,0.07,-0.99
100.20,R_ThumbTip,29.00,76.66,109.02,0.09,0.18,-0.47,-0.86
100.20,R_IndexTip,36.20,75.24,115.14,-0.11,-0.11,0.09,-0.98
100.20,R_MiddleTip,39.14,75.45,115.70,-0.05,-0.12,0.14,-0.98
100.20,R_RingTip,40.96,74.97,114.00,-0.09,-0.10,0.18,-0.97
100.20,R_LittleTip,42.24,74.57,110.73,-0.07,-0.11,0.26,-0.96
100.20,R_ThumbDistal,30.10,76.62,106.62,0.09,0.18,-0.47,-0.86
100.20,R_IndexIntermediate,35.30,76.37,110.36,-0.12,-0.08,0.08,-0.99
100.20,R_MiddleIntermediate,37.92,76.37,110.31,-0.10,-0.11,0.11,-0.98
100.20,R_RingIntermediate,39.83,75.94,108.76,-0.08,-0.13,0.17,-0.97
100.20,R_LittleIntermediate,41.22,75.39,106.41,-0.08,-0.16,0.25,-0.95
100.20,R_IndexProximal,34.71,77.04,106.41,-0.08,-0.08,0.05,-0.99
100.20,R_MiddleProximal,37.04,77.20,105.88,-0.08,-0.11,0.09,-0.99
100.20,R_ThumbProximal,30.72,76.75,103.06,0.02,0.09,-0.41,-0.91
100.20,R_RingProximal,38.81,76.47,104.75,-0.05,-0.13,0.13,-0.98
100.20,L_LittleProximal,-18.85,55.89,83.07,-0.03,-0.16,-0.37,-0.91
100.21,Main Camera,1.44,128.04,81.69,0.06,-0.06,-0.02,1.00
100.21,R_Palm,36.21,76.95,102.67,0.01,-0.10,0.07,-0.99
100.21,R_ThumbTip,29.04,76.60,109.04,0.08,0.18,-0.48,-0.86
100.21,R_IndexTip,36.25,75.17,115.14,-0.11,-0.11,0.09,-0.98
100.21,R_MiddleTip,39.19,75.39,115.69,-0.05,-0.12,0.14,-0.98
100.21,R_RingTip,41.00,74.91,113.98,-0.09,-0.10,0.18,-0.97
100.21,R_LittleTip,42.28,74.53,110.71,-0.07,-0.11,0.25,-0.96
100.21,R_ThumbDistal,30.13,76.57,106.64,0.08,0.18,-0.48,-0.86
100.21,R_IndexIntermediate,35.33,76.31,110.37,-0.12,-0.08,0.08,-0.99
100.21,R_MiddleIntermediate,37.96,76.32,110.30,-0.10,-0.11,0.10,-0.98
100.21,R_RingIntermediate,39.86,75.91,108.75,-0.08,-0.13,0.17,-0.97
100.21,R_LittleIntermediate,41.25,75.37,106.39,-0.08,-0.16,0.25,-0.95
100.21,R_IndexProximal,34.74,77.01,106.41,-0.08,-0.08,0.05,-0.99
100.21,R_MiddleProximal,37.06,77.17,105.88,-0.08,-0.11,0.09,-0.99
100.21,R_ThumbProximal,30.74,76.72,103.08,0.02,0.09,-0.41,-0.91
100.21,R_RingProximal,38.83,76.45,104.74,-0.05,-0.13,0.13,-0.98
100.21,L_LittleProximal,-18.86,55.90,83.08,-0.03,-0.16,-0.37,-0.91
100.23,Main Camera,1.42,128.08,81.71,0.06,-0.06,-0.02,1.00
100.23,R_Palm,36.22,76.94,102.68,0.01,-0.10,0.07,-0.99
100.23,R_ThumbTip,29.05,76.57,109.05,0.08,0.19,-0.48,-0.86
100.23,R_IndexTip,36.26,75.15,115.15,-0.11,-0.11,0.09,-0.98
100.23,R_MiddleTip,39.20,75.37,115.70,-0.05,-0.12,0.14,-0.98
100.23,R_RingTip,41.01,74.90,113.99,-0.09,-0.10,0.18,-0.97
100.23,R_LittleTip,42.30,74.53,110.72,-0.08,-0.11,0.25,-0.96
100.23,R_ThumbDistal,30.14,76.54,106.65,0.08,0.19,-0.48,-0.86
100.23,R_IndexIntermediate,35.34,76.29,110.38,-0.12,-0.08,0.08,-0.99
100.23,R_MiddleIntermediate,37.97,76.31,110.31,-0.11,-0.11,0.10,-0.98
100.23,R_RingIntermediate,39.87,75.90,108.76,-0.08,-0.13,0.17,-0.97
100.23,R_LittleIntermediate,41.26,75.37,106.40,-0.08,-0.16,0.25,-0.95
100.23,R_IndexProximal,34.75,76.99,106.43,-0.08,-0.08,0.05,-0.99
100.23,R_MiddleProximal,37.07,77.16,105.89,-0.08,-0.11,0.09,-0.99
100.23,R_ThumbProximal,30.75,76.70,103.09,0.02,0.09,-0.41,-0.91
100.23,R_RingProximal,38.84,76.44,104.75,-0.05,-0.13,0.13,-0.98
100.23,L_LittleProximal,-18.84,55.93,83.09,-0.04,-0.16,-0.37,-0.91
100.24,Main Camera,1.39,128.09,81.71,0.06,-0.06,-0.02,1.00
100.24,R_Palm,36.23,76.94,102.69,0.01,-0.10,0.07,-0.99
100.24,R_ThumbTip,29.06,76.55,109.05,0.08,0.19,-0.48,-0.86
100.24,R_IndexTip,36.27,75.14,115.15,-0.11,-0.11,0.09,-0.98
100.24,R_MiddleTip,39.21,75.36,115.71,-0.05,-0.12,0.14,-0.98
100.24,R_RingTip,41.03,74.89,113.99,-0.09,-0.10,0.18,-0.97
100.24,R_LittleTip,42.31,74.52,110.72,-0.08,-0.11,0.25,-0.96
100.24,R_ThumbDistal,30.15,76.53,106.65,0.08,0.19,-0.48,-0.86
100.24,R_IndexIntermediate,35.35,76.28,110.38,-0.12,-0.08,0.08,-0.99
100.24,R_MiddleIntermediate,37.98,76.30,110.32,-0.11,-0.11,0.10,-0.98
100.24,R_RingIntermediate,39.88,75.89,108.76,-0.08,-0.13,0.17,-0.97
100.24,R_LittleIntermediate,41.28,75.36,106.40,-0.08,-0.16,0.25,-0.95
100.24,R_IndexProximal,34.76,76.98,106.43,-0.08,-0.08,0.05,-0.99
100.24,R_MiddleProximal,37.08,77.15,105.89,-0.08,-0.11,0.09,-0.99
100.24,R_ThumbProximal,30.76,76.68,103.09,0.02,0.09,-0.41,-0.91
100.24,R_RingProximal,38.85,76.44,104.75,-0.05,-0.13,0.13,-0.98
100.24,L_LittleProximal,-18.85,55.93,83.07,-0.04,-0.16,-0.37,-0.91
100.26,Main Camera,1.37,128.11,81.72,0.06,-0.06,-0.02,1.00
100.26,R_Palm,36.23,76.91,102.69,0.01,-0.10,0.07,-0.99
100.26,R_ThumbTip,29.06,76.54,109.05,0.08,0.19,-0.48,-0.86
100.26,R_IndexTip,36.27,75.12,115.16,-0.11,-0.11,0.09,-0.98
100.26,R_MiddleTip,39.21,75.35,115.71,-0.05,-0.12,0.14,-0.98
100.26,R_RingTip,41.03,74.87,114.00,-0.09,-0.10,0.18,-0.97
100.26,R_LittleTip,42.32,74.50,110.72,-0.08,-0.11,0.25,-0.96
100.26,R_ThumbDistal,30.16,76.51,106.66,0.08,0.19,-0.48,-0.86
100.26,R_IndexIntermediate,35.35,76.26,110.39,-0.12,-0.08,0.08,-0.99
100.26,R_MiddleIntermediate,37.98,76.28,110.32,-0.11,-0.11,0.10,-0.98
100.26,R_RingIntermediate,39.89,75.87,108.77,-0.08,-0.13,0.17,-0.97
100.26,R_LittleIntermediate,41.28,75.34,106.41,-0.08,-0.16,0.25,-0.95
100.26,R_IndexProximal,34.76,76.96,106.43,-0.08,-0.08,0.05,-0.99
100.26,R_MiddleProximal,37.09,77.13,105.90,-0.08,-0.11,0.09,-0.99
100.26,R_ThumbProximal,30.77,76.66,103.10,0.02,0.09,-0.41,-0.91
100.26,R_RingProximal,38.86,76.42,104.76,-0.05,-0.13,0.13,-0.98
100.26,L_LittleProximal,-18.88,55.89,83.00,-0.04,-0.16,-0.37,-0.91
100.27,Main Camera,1.35,128.13,81.74,0.05,-0.06,-0.03,1.00
100.27,R_Palm,36.25,76.89,102.72,0.01,-0.10,0.07,-0.99
100.27,R_ThumbTip,29.07,76.52,109.08,0.09,0.19,-0.48,-0.86
100.27,R_IndexTip,36.27,75.10,115.19,-0.11,-0.11,0.09,-0.98
100.27,R_MiddleTip,39.22,75.33,115.74,-0.05,-0.12,0.14,-0.98
100.27,R_RingTip,41.04,74.85,114.03,-0.09,-0.10,0.18,-0.97
100.27,R_LittleTip,42.33,74.47,110.75,-0.08,-0.11,0.25,-0.96
100.27,R_ThumbDistal,30.17,76.48,106.69,0.09,0.19,-0.48,-0.86
100.27,R_IndexIntermediate,35.37,76.23,110.41,-0.12,-0.08,0.08,-0.99
100.27,R_MiddleIntermediate,37.99,76.26,110.35,-0.10,-0.11,0.10,-0.98
100.27,R_RingIntermediate,39.90,75.85,108.79,-0.08,-0.13,0.17,-0.97
100.27,R_LittleIntermediate,41.30,75.31,106.44,-0.08,-0.16,0.25,-0.95
100.27,R_IndexProximal,34.78,76.94,106.46,-0.08,-0.08,0.05,-0.99
100.27,R_MiddleProximal,37.10,77.11,105.93,-0.08,-0.11,0.09,-0.99
100.27,R_ThumbProximal,30.78,76.63,103.13,0.02,0.09,-0.41,-0.91
100.27,R_RingProximal,38.87,76.39,104.79,-0.05,-0.13,0.13,-0.98
100.27,L_LittleProximal,-19.00,55.91,82.82,-0.04,-0.16,-0.37,-0.91
100.28,Main Camera,1.35,128.14,81.76,0.05,-0.06,-0.03,1.00
100.28,R_Palm,36.27,76.83,102.69,0.01,-0.10,0.07,-0.99
100.28,R_ThumbTip,29.08,76.48,109.05,0.09,0.19,-0.48,-0.86
100.28,R_IndexTip,36.29,75.05,115.16,-0.11,-0.11,0.09,-0.98
100.28,R_MiddleTip,39.24,75.28,115.71,-0.05,-0.12,0.14,-0.98
100.28,R_RingTip,41.06,74.80,114.00,-0.09,-0.10,0.18,-0.97
100.28,R_LittleTip,42.35,74.42,110.72,-0.08,-0.11,0.25,-0.96
100.28,R_ThumbDistal,30.19,76.43,106.66,0.09,0.19,-0.48,-0.86
100.28,R_IndexIntermediate,35.38,76.18,110.39,-0.12,-0.08,0.08,-0.99
100.28,R_MiddleIntermediate,38.01,76.20,110.32,-0.10,-0.11,0.10,-0.98
100.28,R_RingIntermediate,39.92,75.79,108.77,-0.08,-0.13,0.17,-0.97
100.28,R_LittleIntermediate,41.32,75.26,106.41,-0.08,-0.16,0.25,-0.95
100.28,R_IndexProximal,34.80,76.88,106.43,-0.08,-0.08,0.05,-0.99
100.28,R_MiddleProximal,37.12,77.05,105.90,-0.08,-0.11,0.09,-0.99
100.28,R_ThumbProximal,30.80,76.58,103.10,0.02,0.09,-0.41,-0.91
100.28,R_RingProximal,38.89,76.33,104.76,-0.05,-0.13,0.13,-0.98
100.28,L_LittleProximal,-19.03,56.03,82.80,-0.04,-0.16,-0.37,-0.92
100.30,Main Camera,1.34,128.16,81.79,0.05,-0.06,-0.03,1.00
100.30,R_Palm,36.29,76.75,102.65,0.01,-0.11,0.07,-0.99
100.30,R_ThumbTip,29.11,76.43,109.02,0.09,0.19,-0.48,-0.86
100.30,R_IndexTip,36.31,74.99,115.12,-0.11,-0.11,0.09,-0.98
100.30,R_MiddleTip,39.27,75.22,115.68,-0.05,-0.12,0.14,-0.98
100.30,R_RingTip,41.09,74.74,113.96,-0.09,-0.10,0.18,-0.97
100.30,R_LittleTip,42.38,74.35,110.68,-0.07,-0.11,0.25,-0.96
100.30,R_ThumbDistal,30.22,76.38,106.63,0.09,0.19,-0.48,-0.86
100.30,R_IndexIntermediate,35.41,76.12,110.35,-0.12,-0.08,0.08,-0.99
100.30,R_MiddleIntermediate,38.04,76.14,110.28,-0.10,-0.11,0.10,-0.98
100.30,R_RingIntermediate,39.95,75.72,108.73,-0.08,-0.13,0.17,-0.97
100.30,R_LittleIntermediate,41.34,75.19,106.37,-0.08,-0.16,0.25,-0.95
100.30,R_IndexProximal,34.83,76.82,106.39,-0.08,-0.08,0.05,-0.99
100.30,R_MiddleProximal,37.15,76.98,105.86,-0.08,-0.11,0.09,-0.99
100.30,R_ThumbProximal,30.83,76.51,103.07,0.02,0.08,-0.41,-0.91
100.30,R_RingProximal,38.92,76.26,104.72,-0.05,-0.13,0.13,-0.98
100.30,L_LittleProximal,-19.05,56.17,82.78,-0.04,-0.15,-0.37,-0.92
100.31,Main Camera,1.33,128.20,81.82,0.05,-0.06,-0.03,1.00
100.31,R_Palm,36.33,76.67,102.65,0.01,-0.11,0.07,-0.99
100.31,R_ThumbTip,29.15,76.36,109.02,0.09,0.18,-0.48,-0.86
100.31,R_IndexTip,36.35,74.94,115.13,-0.11,-0.11,0.09,-0.98
100.31,R_MiddleTip,39.31,75.18,115.67,-0.05,-0.12,0.14,-0.98
100.31,R_RingTip,41.13,74.69,113.96,-0.09,-0.10,0.18,-0.97
100.31,R_LittleTip,42.42,74.29,110.68,-0.07,-0.11,0.25,-0.96
100.31,R_ThumbDistal,30.25,76.31,106.63,0.09,0.18,-0.48,-0.86
100.31,R_IndexIntermediate,35.44,76.06,110.35,-0.12,-0.08,0.08,-0.99
100.31,R_MiddleIntermediate,38.08,76.08,110.28,-0.10,-0.11,0.10,-0.98
100.31,R_RingIntermediate,39.99,75.66,108.72,-0.08,-0.13,0.17,-0.97
100.31,R_LittleIntermediate,41.38,75.12,106.36,-0.08,-0.16,0.25,-0.95
100.31,R_IndexProximal,34.86,76.75,106.39,-0.08,-0.08,0.05,-0.99
100.31,R_MiddleProximal,37.19,76.91,105.85,-0.08,-0.11,0.09,-0.99
100.31,R_ThumbProximal,30.86,76.43,103.07,0.02,0.08,-0.41,-0.91
100.31,R_RingProximal,38.95,76.19,104.71,-0.05,-0.13,0.13,-0.98
100.31,L_LittleProximal,-19.03,56.54,82.86,-0.04,-0.15,-0.37,-0.92
100.33,Main Camera,1.33,128.22,81.85,0.05,-0.06,-0.03,1.00
100.33,R_Palm,36.35,76.62,102.65,0.01,-0.11,0.07,-0.99
100.33,R_ThumbTip,29.18,76.33,109.03,0.09,0.18,-0.48,-0.86
100.33,R_IndexTip,36.38,74.91,115.14,-0.11,-0.11,0.09,-0.98
100.33,R_MiddleTip,39.34,75.16,115.68,-0.05,-0.12,0.14,-0.98
100.33,R_RingTip,41.17,74.66,113.96,-0.09,-0.10,0.18,-0.97
100.33,R_LittleTip,42.46,74.25,110.68,-0.07,-0.11,0.25,-0.96
100.33,R_ThumbDistal,30.28,76.27,106.64,0.09,0.18,-0.48,-0.86
100.33,R_IndexIntermediate,35.47,76.02,110.35,-0.12,-0.08,0.08,-0.99
100.33,R_MiddleIntermediate,38.11,76.05,110.28,-0.10,-0.11,0.10,-0.98
100.33,R_RingIntermediate,40.02,75.63,108.72,-0.08,-0.13,0.17,-0.97
100.33,R_LittleIntermediate,41.41,75.07,106.37,-0.07,-0.16,0.25,-0.95
100.33,R_IndexProximal,34.89,76.70,106.40,-0.08,-0.08,0.05,-0.99
100.33,R_MiddleProximal,37.22,76.87,105.85,-0.08,-0.11,0.09,-0.99
100.33,R_ThumbProximal,30.89,76.38,103.08,0.02,0.08,-0.41,-0.91
100.33,R_RingProximal,38.98,76.14,104.72,-0.04,-0.13,0.13,-0.98
100.33,L_LittleProximal,-18.99,56.67,83.02,-0.04,-0.15,-0.37,-0.92
100.34,Main Camera,1.33,128.24,81.89,0.05,-0.06,-0.03,1.00
100.34,R_Palm,36.35,76.59,102.72,0.01,-0.11,0.07,-0.99
100.34,R_ThumbTip,29.17,76.31,109.09,0.09,0.18,-0.48,-0.86
100.34,R_IndexTip,36.35,74.90,115.21,-0.11,-0.11,0.09,-0.98
100.34,R_MiddleTip,39.33,75.15,115.76,-0.05,-0.12,0.14,-0.98
100.34,R_RingTip,41.16,74.64,114.04,-0.09,-0.10,0.18,-0.97
100.34,R_LittleTip,42.45,74.22,110.76,-0.07,-0.11,0.26,-0.96
100.34,R_ThumbDistal,30.27,76.24,106.70,0.09,0.18,-0.48,-0.86
100.34,R_IndexIntermediate,35.46,76.00,110.42,-0.12,-0.08,0.08,-0.99
100.34,R_MiddleIntermediate,38.10,76.03,110.36,-0.10,-0.11,0.10,-0.98
100.34,R_RingIntermediate,40.01,75.60,108.80,-0.08,-0.13,0.17,-0.97
100.34,R_LittleIntermediate,41.41,75.04,106.44,-0.07,-0.16,0.25,-0.95
100.34,R_IndexProximal,34.89,76.68,106.46,-0.08,-0.08,0.05,-0.99
100.34,R_MiddleProximal,37.21,76.84,105.92,-0.08,-0.11,0.09,-0.99
100.34,R_ThumbProximal,30.88,76.35,103.14,0.02,0.08,-0.41,-0.91
100.34,R_RingProximal,38.98,76.11,104.79,-0.04,-0.13,0.13,-0.98
100.34,L_LittleProximal,-19.00,56.74,83.27,-0.04,-0.15,-0.37,-0.92
100.35,Main Camera,1.33,128.22,81.92,0.05,-0.06,-0.03,1.00
100.35,R_Palm,36.35,76.59,102.72,0.01,-0.10,0.07,-0.99
100.35,R_ThumbTip,29.17,76.33,109.09,0.09,0.18,-0.48,-0.86
100.35,R_IndexTip,36.34,74.92,115.21,-0.11,-0.11,0.09,-0.98
100.35,R_MiddleTip,39.32,75.18,115.76,-0.05,-0.12,0.14,-0.98
100.35,R_RingTip,41.15,74.67,114.05,-0.09,-0.10,0.18,-0.97
100.35,R_LittleTip,42.45,74.24,110.77,-0.07,-0.11,0.26,-0.96
100.35,R_ThumbDistal,30.28,76.26,106.70,0.09,0.18,-0.48,-0.86
100.35,R_IndexIntermediate,35.45,76.01,110.42,-0.12,-0.08,0.08,-0.99
100.35,R_MiddleIntermediate,38.10,76.05,110.36,-0.10,-0.11,0.10,-0.98
100.35,R_RingIntermediate,40.01,75.62,108.81,-0.08,-0.13,0.17,-0.97
100.35,R_LittleIntermediate,41.41,75.05,106.45,-0.07,-0.16,0.25,-0.95
100.35,R_IndexProximal,34.89,76.69,106.46,-0.08,-0.07,0.05,-0.99
100.35,R_MiddleProximal,37.21,76.85,105.92,-0.08,-0.10,0.09,-0.99
100.35,R_ThumbProximal,30.89,76.35,103.14,0.02,0.08,-0.41,-0.91
100.35,R_RingProximal,38.98,76.11,104.79,-0.04,-0.13,0.13,-0.98
100.35,L_LittleProximal,-19.01,56.88,83.30,-0.04,-0.15,-0.37,-0.92
100.37,Main Camera,1.34,128.22,81.96,0.05,-0.06,-0.03,1.00
100.37,R_Palm,36.34,76.59,102.72,0.01,-0.10,0.07,-0.99
100.37,R_ThumbTip,29.14,76.36,109.07,0.09,0.18,-0.48,-0.85
100.37,R_IndexTip,36.30,74.95,115.21,-0.11,-0.11,0.09,-0.98
100.37,R_MiddleTip,39.28,75.21,115.77,-0.05,-0.12,0.14,-0.98
100.37,R_RingTip,41.12,74.70,114.06,-0.09,-0.10,0.18,-0.97
100.37,R_LittleTip,42.43,74.26,110.78,-0.07,-0.11,0.26,-0.96
100.37,R_ThumbDistal,30.26,76.28,106.69,0.09,0.18,-0.48,-0.85
100.37,R_IndexIntermediate,35.43,76.04,110.42,-0.12,-0.08,0.08,-0.99
100.37,R_MiddleIntermediate,38.07,76.07,110.36,-0.10,-0.11,0.10,-0.98
100.37,R_RingIntermediate,39.99,75.64,108.81,-0.08,-0.13,0.17,-0.97
100.37,R_LittleIntermediate,41.40,75.06,106.46,-0.07,-0.16,0.25,-0.95
100.37,R_IndexProximal,34.87,76.70,106.46,-0.08,-0.07,0.05,-0.99
100.37,R_MiddleProximal,37.20,76.86,105.92,-0.08,-0.10,0.09,-0.99
100.37,R_ThumbProximal,30.87,76.36,103.12,0.02,0.08,-0.41,-0.91
100.37,R_RingProximal,38.97,76.12,104.80,-0.04,-0.13,0.13,-0.98
100.37,L_LittleProximal,-19.05,56.86,83.27,-0.04,-0.15,-0.37,-0.92
100.38,Main Camera,1.36,128.23,82.00,0.05,-0.06,-0.03,1.00
100.38,R_Palm,36.33,76.60,102.72,0.02,-0.10,0.07,-0.99
100.38,R_ThumbTip,29.11,76.39,109.05,0.10,0.18,-0.48,-0.85
100.38,R_IndexTip,36.25,74.98,115.22,-0.11,-0.11,0.09,-0.98
100.38,R_MiddleTip,39.24,75.25,115.78,-0.05,-0.12,0.14,-0.98
100.38,R_RingTip,41.08,74.73,114.07,-0.09,-0.10,0.18,-0.97
100.38,R_LittleTip,42.40,74.28,110.80,-0.07,-0.11,0.26,-0.96
100.38,R_ThumbDistal,30.23,76.30,106.67,0.10,0.18,-0.48,-0.85
100.38,R_IndexIntermediate,35.40,76.06,110.42,-0.12,-0.08,0.08,-0.99
100.38,R_MiddleIntermediate,38.04,76.10,110.37,-0.10,-0.11,0.10,-0.98
100.38,R_RingIntermediate,39.96,75.66,108.82,-0.07,-0.13,0.17,-0.97
100.38,R_LittleIntermediate,41.38,75.08,106.47,-0.07,-0.16,0.25,-0.95
100.38,R_IndexProximal,34.85,76.71,106.45,-0.08,-0.07,0.05,-0.99
100.38,R_MiddleProximal,37.17,76.87,105.92,-0.08,-0.10,0.09,-0.99
100.38,R_ThumbProximal,30.86,76.37,103.11,0.03,0.08,-0.41,-0.91
100.38,R_RingProximal,38.95,76.13,104.80,-0.04,-0.13,0.13,-0.98
100.38,L_LittleProximal,-19.19,56.72,83.17,-0.03,-0.16,-0.37,-0.92
100.39,Main Camera,1.37,128.23,82.05,0.05,-0.06,-0.03,1.00
100.39,R_Palm,36.34,76.63,102.70,0.02,-0.10,0.07,-0.99
100.39,R_ThumbTip,29.11,76.47,109.02,0.10,0.18,-0.48,-0.85
100.39,R_IndexTip,36.24,75.06,115.20,-0.11,-0.10,0.09,-0.98
100.39,R_MiddleTip,39.23,75.33,115.76,-0.04,-0.12,0.14,-0.98
100.39,R_RingTip,41.08,74.80,114.06,-0.09,-0.09,0.18,-0.97
100.39,R_LittleTip,42.40,74.33,110.79,-0.07,-0.11,0.26,-0.96
100.39,R_ThumbDistal,30.24,76.36,106.64,0.10,0.18,-0.48,-0.85
100.39,R_IndexIntermediate,35.39,76.13,110.40,-0.11,-0.08,0.08,-0.99
100.39,R_MiddleIntermediate,38.05,76.16,110.35,-0.10,-0.10,0.11,-0.98
100.39,R_RingIntermediate,39.97,75.71,108.81,-0.07,-0.13,0.17,-0.97
100.39,R_LittleIntermediate,41.39,75.12,106.46,-0.07,-0.16,0.25,-0.95
100.39,R_IndexProximal,34.86,76.77,106.43,-0.08,-0.07,0.05,-0.99
100.39,R_MiddleProximal,37.18,76.92,105.90,-0.07,-0.10,0.09,-0.99
100.39,R_ThumbProximal,30.87,76.42,103.08,0.03,0.08,-0.41,-0.91
100.39,R_RingProximal,38.96,76.17,104.78,-0.04,-0.13,0.13,-0.98
100.39,L_LittleProximal,-19.24,56.58,83.03,-0.03,-0.15,-0.37,-0.92
100.41,Main Camera,1.38,128.23,82.08,0.05,-0.06,-0.04,1.00
100.41,R_Palm,36.35,76.65,102.68,0.02,-0.10,0.08,-0.99
100.41,R_ThumbTip,29.10,76.53,109.00,0.10,0.18,-0.47,-0.86
100.41,R_IndexTip,36.21,75.10,115.19,-0.11,-0.10,0.09,-0.98
100.41,R_MiddleTip,39.21,75.37,115.76,-0.04,-0.11,0.14,-0.98
100.41,R_RingTip,41.06,74.83,114.07,-0.09,-0.09,0.18,-0.97
100.41,R_LittleTip,42.39,74.35,110.80,-0.07,-0.11,0.26,-0.96
100.41,R_ThumbDistal,30.23,76.41,106.62,0.10,0.18,-0.47,-0.86
100.41,R_IndexIntermediate,35.38,76.16,110.39,-0.11,-0.08,0.08,-0.99
100.41,R_MiddleIntermediate,38.03,76.20,110.34,-0.09,-0.10,0.11,-0.98
100.41,R_RingIntermediate,39.96,75.74,108.81,-0.07,-0.12,0.17,-0.97
100.41,R_LittleIntermediate,41.38,75.13,106.47,-0.07,-0.16,0.25,-0.95
100.41,R_IndexProximal,34.85,76.80,106.41,-0.08,-0.07,0.05,-0.99
100.41,R_MiddleProximal,37.18,76.94,105.89,-0.07,-0.10,0.09,-0.99
100.41,R_ThumbProximal,30.87,76.45,103.06,0.03,0.08,-0.41,-0.91
100.41,R_RingProximal,38.96,76.19,104.78,-0.04,-0.13,0.14,-0.98
100.41,L_LittleProximal,-19.32,56.45,82.82,-0.03,-0.15,-0.36,-0.92
100.42,Main Camera,1.38,128.22,82.11,0.05,-0.06,-0.04,1.00
100.42,R_Palm,36.34,76.65,102.67,0.02,-0.10,0.08,-0.99
100.42,R_ThumbTip,29.08,76.57,108.97,0.10,0.18,-0.47,-0.86
100.42,R_IndexTip,36.18,75.11,115.17,-0.11,-0.10,0.10,-0.98
100.42,R_MiddleTip,39.18,75.37,115.75,-0.04,-0.11,0.14,-0.98
100.42,R_RingTip,41.03,74.81,114.06,-0.09,-0.09,0.19,-0.97
100.42,R_LittleTip,42.37,74.32,110.79,-0.07,-0.11,0.26,-0.96
100.42,R_ThumbDistal,30.22,76.44,106.59,0.10,0.18,-0.47,-0.86
100.42,R_IndexIntermediate,35.36,76.18,110.37,-0.11,-0.07,0.08,-0.99
100.42,R_MiddleIntermediate,38.02,76.19,110.33,-0.10,-0.10,0.11,-0.98
100.42,R_RingIntermediate,39.94,75.72,108.79,-0.07,-0.12,0.18,-0.97
100.42,R_LittleIntermediate,41.37,75.11,106.46,-0.07,-0.16,0.26,-0.95
100.42,R_IndexProximal,34.85,76.81,106.39,-0.08,-0.07,0.05,-0.99
100.42,R_MiddleProximal,37.18,76.94,105.87,-0.07,-0.10,0.10,-0.99
100.42,R_ThumbProximal,30.87,76.48,103.03,0.03,0.08,-0.41,-0.91
100.42,R_RingProximal,38.95,76.18,104.77,-0.04,-0.13,0.14,-0.98
100.42,L_LittleProximal,-19.32,56.49,82.81,-0.03,-0.15,-0.36,-0.92
100.44,Main Camera,1.38,128.21,82.14,0.05,-0.05,-0.04,1.00
100.44,R_Palm,36.35,76.67,102.68,0.02,-0.10,0.08,-0.99
100.44,R_ThumbTip,29.08,76.62,108.97,0.10,0.18,-0.47,-0.86
100.44,R_IndexTip,36.15,75.14,115.19,-0.11,-0.10,0.10,-0.98
100.44,R_MiddleTip,39.16,75.39,115.76,-0.04,-0.11,0.14,-0.98
100.44,R_RingTip,41.01,74.82,114.07,-0.09,-0.09,0.19,-0.97
100.44,R_LittleTip,42.36,74.32,110.81,-0.07,-0.11,0.26,-0.96
100.44,R_ThumbDistal,30.22,76.49,106.59,0.10,0.18,-0.47,-0.86
100.44,R_IndexIntermediate,35.35,76.21,110.38,-0.11,-0.07,0.08,-0.99
100.44,R_MiddleIntermediate,38.01,76.21,110.34,-0.09,-0.10,0.11,-0.98
100.44,R_RingIntermediate,39.94,75.73,108.81,-0.07,-0.12,0.18,-0.97
100.44,R_LittleIntermediate,41.36,75.11,106.47,-0.07,-0.16,0.26,-0.95
100.44,R_IndexProximal,34.85,76.84,106.40,-0.07,-0.07,0.06,-0.99
100.44,R_MiddleProximal,37.18,76.96,105.88,-0.07,-0.10,0.10,-0.99
100.44,R_ThumbProximal,30.87,76.52,103.04,0.03,0.08,-0.40,-0.91
100.44,R_RingProximal,38.95,76.18,104.78,-0.04,-0.13,0.14,-0.98
100.44,L_LittleProximal,-19.27,56.51,82.89,-0.03,-0.15,-0.36,-0.92
100.45,Main Camera,1.38,128.19,82.17,0.05,-0.05,-0.04,1.00
100.45,R_Palm,36.35,76.67,102.67,0.02,-0.10,0.08,-0.99
100.45,R_ThumbTip,29.08,76.62,108.95,0.10,0.18,-0.47,-0.86
100.45,R_IndexTip,36.15,75.14,115.18,-0.11,-0.10,0.10,-0.98
100.45,R_MiddleTip,39.16,75.38,115.75,-0.04,-0.11,0.15,-0.98
100.45,R_RingTip,41.02,74.82,114.06,-0.09,-0.09,0.19,-0.97
100.45,R_LittleTip,42.36,74.31,110.80,-0.07,-0.11,0.26,-0.96
100.45,R_ThumbDistal,30.22,76.49,106.58,0.10,0.18,-0.47,-0.86
100.45,R_IndexIntermediate,35.35,76.21,110.37,-0.11,-0.07,0.09,-0.99
100.45,R_MiddleIntermediate,38.01,76.21,110.33,-0.09,-0.10,0.11,-0.98
100.45,R_RingIntermediate,39.94,75.73,108.80,-0.07,-0.12,0.18,-0.97
100.45,R_LittleIntermediate,41.37,75.10,106.47,-0.07,-0.16,0.26,-0.95
100.45,R_IndexProximal,34.85,76.84,106.39,-0.08,-0.07,0.06,-0.99
100.45,R_MiddleProximal,37.18,76.96,105.87,-0.07,-0.10,0.10,-0.99
100.45,R_ThumbProximal,30.88,76.52,103.03,0.03,0.09,-0.40,-0.91
100.45,R_RingProximal,38.95,76.18,104.77,-0.04,-0.13,0.14,-0.98
100.45,L_LittleProximal,-19.23,56.46,82.95,-0.03,-0.15,-0.36,-0.92
100.46,Main Camera,1.38,128.19,82.20,0.05,-0.05,-0.04,1.00
100.46,R_Palm,36.36,76.67,102.66,0.02,-0.10,0.08,-0.99
100.46,R_ThumbTip,29.08,76.62,108.94,0.10,0.19,-0.47,-0.86
100.46,R_IndexTip,36.15,75.13,115.16,-0.11,-0.10,0.10,-0.98
100.46,R_MiddleTip,39.17,75.38,115.74,-0.04,-0.11,0.15,-0.98
100.46,R_RingTip,41.02,74.81,114.05,-0.09,-0.09,0.19,-0.97
100.46,R_LittleTip,42.38,74.31,110.79,-0.07,-0.11,0.26,-0.96
100.46,R_ThumbDistal,30.23,76.49,106.57,0.10,0.19,-0.47,-0.86
100.46,R_IndexIntermediate,35.36,76.20,110.36,-0.11,-0.07,0.09,-0.99
100.46,R_MiddleIntermediate,38.02,76.21,110.32,-0.10,-0.10,0.11,-0.98
100.46,R_RingIntermediate,39.95,75.73,108.79,-0.07,-0.12,0.18,-0.97
100.46,R_LittleIntermediate,41.38,75.10,106.46,-0.07,-0.16,0.26,-0.95
100.46,R_IndexProximal,34.86,76.84,106.38,-0.08,-0.07,0.06,-0.99
100.46,R_MiddleProximal,37.19,76.96,105.86,-0.07,-0.10,0.10,-0.99
100.46,R_ThumbProximal,30.89,76.52,103.01,0.03,0.09,-0.40,-0.91
100.46,R_RingProximal,38.96,76.18,104.76,-0.04,-0.13,0.14,-0.98
100.46,L_LittleProximal,-19.17,56.41,83.03,-0.03,-0.15,-0.35,-0.92
100.48,Main Camera,1.39,128.19,82.24,0.05,-0.05,-0.04,1.00
100.48,R_Palm,36.36,76.69,102.67,0.02,-0.10,0.08,-0.99
100.48,R_ThumbTip,29.08,76.64,108.95,0.10,0.19,-0.47,-0.86
100.48,R_IndexTip,36.14,75.15,115.17,-0.11,-0.10,0.10,-0.98
100.48,R_MiddleTip,39.17,75.40,115.75,-0.04,-0.11,0.15,-0.98
100.48,R_RingTip,41.02,74.83,114.06,-0.09,-0.09,0.19,-0.97
100.48,R_LittleTip,42.38,74.32,110.80,-0.07,-0.11,0.26,-0.96
100.48,R_ThumbDistal,30.23,76.51,106.58,0.10,0.19,-0.47,-0.86
100.48,R_IndexIntermediate,35.35,76.23,110.37,-0.11,-0.07,0.09,-0.99
100.48,R_MiddleIntermediate,38.02,76.23,110.33,-0.10,-0.10,0.11,-0.98
100.48,R_RingIntermediate,39.95,75.75,108.80,-0.07,-0.12,0.18,-0.97
100.48,R_LittleIntermediate,41.38,75.12,106.47,-0.07,-0.16,0.26,-0.95
100.48,R_IndexProximal,34.86,76.86,106.39,-0.08,-0.07,0.06,-0.99
100.48,R_MiddleProximal,37.19,76.98,105.87,-0.07,-0.10,0.10,-0.99
100.48,R_ThumbProximal,30.89,76.54,103.02,0.03,0.09,-0.40,-0.91
100.48,R_RingProximal,38.96,76.20,104.77,-0.04,-0.13,0.14,-0.98
100.48,L_LittleProximal,-19.18,56.37,83.05,-0.03,-0.15,-0.35,-0.92
